0      0.024140      1640273071646      
0      0.008330      1640273071677      
0      0.010990      1640273071710      
0      0.004270      1640273071744      
0      0.010760      1640273071780      
0      0.007210      1640273071823      
0      0.026360      1640273071848      
0      0.017170      1640273071878      
0      0.007560      1640273071911      
0      0.010830      1640273071950      
0      0.009230      1640273071977      
0      0.010540      1640273072008      
0      0.010560      1640273072038      
0      0.006520      1640273072085      
0      0.032900      1640273072115      
0      0.022070      1640273072147      
0      0.013180      1640273072180      
0      0.003490      1640273072214      
0      0.006900      1640273072245      
0      0.008240      1640273072277      
0      0.009620      1640273072310      
0      0.011290      1640273072342      
0      0.008880      1640273072376      
0      0.012370      1640273072422      
0      0.025580      1640273072448      
0      0.016240      1640273072481      
0      0.016190      1640273072514      
0      0.008660      1640273072544      
0      0.014700      1640273072578      
0      0.011610      1640273072608      
0      0.010700      1640273072640      
0      0.016420      1640273072684      
0      0.026530      1640273072717      
0      0.014900      1640273072747      
0      0.018400      1640273072788      
0      0.007530      1640273072813      
0      0.011900      1640273072844      
0      0.015510      1640273072875      
0      0.017900      1640273072907      
0      0.013290      1640273072939      
0      0.012720      1640273072984      
0      0.013530      1640273073016      
0      0.015230      1640273073048      
0      0.015140      1640273073080      
0      0.013720      1640273073113      
0      0.009350      1640273073147      
0      0.030230      1640273073178      
0      0.017790      1640273073214      
0      0.016240      1640273073242      
0      0.023560      1640273073288      
0      0.028600      1640273073314      
0      0.018340      1640273073360      
0      0.014620      1640273073390      
0      0.019320      1640273073425      
0      0.012870      1640273073445      
0      0.022680      1640273073477      
0      0.028250      1640273073509      
0      0.010160      1640273073540      
0      0.005710      1640273073572      
0      0.010430      1640273073616      
0      0.005850      1640273073649      
0      0.008560      1640273073680      
0      0.016110      1640273073712      
0      0.007810      1640273073746      
0      0.015420      1640273073775      
0      0.017070      1640273073809      
0      0.012650      1640273073840      
0      -0.000340      1640273073872      
0      0.002700      1640273073919      
0      -0.000160      1640273073950      
0      0.000560      1640273073981      
0      0.009580      1640273074017      
0      0.004250      1640273074046      
0      -0.000140      1640273074078      
0      0.004570      1640273074110      
0      0.008820      1640273074143      
0      0.003050      1640273074174      
0      0.011900      1640273074213      
0      0.030440      1640273074255      
0      0.010030      1640273074283      
0      0.000640      1640273074315      
0      0.010840      1640273074348      
0      0.004180      1640273074380      
0      -0.000220      1640273074415      
0      0.006570      1640273074443      
0      0.006570      1640273074476      
0      0.001080      1640273074506      
0      0.007430      1640273074538      
0      0.017200      1640273074583      
0      0.010640      1640273074625      
0      0.002570      1640273074650      
0      0.014020      1640273074679      
0      0.004170      1640273074712      
0      -0.001780      1640273074743      
0      0.006010      1640273074776      
0      0.010000      1640273074811      
0      0.002810      1640273074855      
0      0.009800      1640273074882      
0      0.005490      1640273074914      
0      0.004130      1640273074946      
0      0.005690      1640273074979      
0      0.004010      1640273075013      
0      0.001620      1640273075046      
0      -0.001270      1640273075074      
0      0.001510      1640273075121      
0      -0.000110      1640273075149      
0      0.003060      1640273075182      
0      -0.000310      1640273075216      
0      -0.000320      1640273075250      
0      0.000050      1640273075280      
0      -0.000300      1640273075312      
0      0.002720      1640273075344      
0      0.004750      1640273075378      
0      0.006260      1640273075407      
0      0.006940      1640273075445      
0      0.004900      1640273075486      
0      0.009180      1640273075515      
0      0.012380      1640273075547      
0      0.009200      1640273075579      
0      -0.000800      1640273075613      
0      0.003610      1640273075647      
0      0.005900      1640273075678      
0      0.009560      1640273075709      
0      0.000650      1640273075742      
0      0.004590      1640273075774      
0      0.006760      1640273075822      
0      0.007810      1640273075856      
0      0.010200      1640273075881      
0      0.015970      1640273075915      
0      0.005920      1640273075946      
0      -0.001770      1640273075980      
0      0.000000      1640273076012      
0      -0.000180      1640273076044      
0      -0.001470      1640273076095      
0      0.002590      1640273076123      
0      0.002470      1640273076155      
0      0.002660      1640273076185      
0      0.005430      1640273076224      
0      0.000000      1640273076254      
0      0.000380      1640273076280      
0      0.001320      1640273076314      
0      0.000950      1640273076343      
0      -0.001660      1640273076376      
0      -0.000040      1640273076407      
0      0.003660      1640273076460      
0      0.001670      1640273076484      
0      -0.000020      1640273076514      
0      0.005510      1640273076547      
0      0.008320      1640273076578      
0      0.001220      1640273076611      
0      0.000660      1640273076644      
0      0.002670      1640273076689      
0      0.006560      1640273076717      
0      0.003350      1640273076750      
0      0.002410      1640273076780      
0      0.001840      1640273076813      
0      0.004460      1640273076848      
0      0.000250      1640273076880      
0      0.004370      1640273076910      
0      0.003160      1640273076943      
0      0.009120      1640273076976      
0      0.001140      1640273077022      
0      0.004730      1640273077058      
0      0.007820      1640273077083      
0      0.001500      1640273077114      
0      -0.000190      1640273077147      
0      0.003480      1640273077180      
0      0.001190      1640273077212      
0      0.002840      1640273077242      
0      0.000480      1640273077289      
0      0.000090      1640273077321      
0      0.001440      1640273077350      
0      0.000420      1640273077380      
0      0.001520      1640273077414      
0      0.000960      1640273077447      
0      0.000840      1640273077486      
0      0.003990      1640273077516      
0      0.000310      1640273077556      
0      0.003750      1640273077588      
0      0.002870      1640273077616      
0      0.000920      1640273077648      
0      0.001480      1640273077682      
0      0.003380      1640273077714      
0      0.001220      1640273077746      
0      -0.000260      1640273077778      
0      0.004070      1640273077809      
0      -0.000220      1640273077858      
0      0.005130      1640273077894      
0      -0.001340      1640273077918      
0      0.000320      1640273077950      
0      0.002370      1640273077981      
0      -0.001300      1640273078014      
0      0.002470      1640273078046      
0      -0.000260      1640273078080      
0      -0.000230      1640273078114      
0      0.000870      1640273078159      
0      0.000960      1640273078189      
0      -0.000440      1640273078221      
0      -0.000930      1640273078251      
0      0.000420      1640273078284      
0      -0.000070      1640273078313      
0      0.001530      1640273078346      
0      0.001500      1640273078379      
0      0.000250      1640273078410      
0      0.002310      1640273078458      
0      0.002390      1640273078491      
0      0.001030      1640273078525      
0      0.006080      1640273078554      
0      0.005090      1640273078584      
0      -0.000160      1640273078616      
0      0.004410      1640273078648      
0      0.001870      1640273078681      
0      0.001280      1640273078718      
0      -0.000360      1640273078746      
0      0.007970      1640273078791      
0      0.006110      1640273078822      
0      0.004710      1640273078854      
0      0.021930      1640273078883      
0      0.009230      1640273078916      
0      -0.002340      1640273078950      
0      0.002210      1640273078981      
0      0.000020      1640273079013      
0      -0.000780      1640273079060      
0      0.002290      1640273079095      
0      -0.000090      1640273079126      
0      0.001130      1640273079156      
0      0.004450      1640273079187      
0      0.001490      1640273079216      
0      0.001890      1640273079249      
0      0.000320      1640273079280      
0      0.001160      1640273079313      
0      0.001390      1640273079349      
0      0.004170      1640273079393      
0      0.001200      1640273079425      
0      0.002790      1640273079457      
0      0.007900      1640273079490      
0      0.000800      1640273079523      
0      0.000840      1640273079555      
0      0.005760      1640273079580      
0      0.003040      1640273079613      
0      -0.001700      1640273079647      
0      0.001880      1640273079694      
0      0.002690      1640273079724      
0      0.003390      1640273079757      
0      0.004770      1640273079792      
0      0.001280      1640273079820      
0      0.002510      1640273079851      
0      0.003850      1640273079883      
0      0.006510      1640273079917      
0      0.001410      1640273079947      
0      0.000580      1640273080005      
0      0.005630      1640273080026      
0      0.000430      1640273080058      
0      0.000980      1640273080091      
0      0.001960      1640273080122      
0      0.000710      1640273080157      
0      0.000480      1640273080189      
0      -0.001380      1640273080216      
0      -0.000010      1640273080264      
0      0.000720      1640273080309      
0      0.000870      1640273080326      
0      0.000210      1640273080358      
0      0.001940      1640273080393      
0      0.001830      1640273080423      
0      0.005650      1640273080450      
0      0.001420      1640273080497      
0      0.000040      1640273080528      
0      0.002850      1640273080559      
0      0.002180      1640273080595      
0      -0.000220      1640273080626      
0      -0.000550      1640273080655      
0      0.001970      1640273080683      
0      0.000880      1640273080731      
0      0.000900      1640273080762      
0      0.001450      1640273080807      
0      0.000150      1640273080831      
0      0.001300      1640273080861      
0      0.000830      1640273080890      
0      -0.001010      1640273080923      
0      0.000700      1640273080954      
0      0.001760      1640273080990      
0      0.000020      1640273081041      
0      0.001820      1640273081065      
0      0.000350      1640273081095      
0      0.001020      1640273081128      
0      0.002170      1640273081159      
0      0.003440      1640273081192      
0      0.000430      1640273081228      
0      0.002170      1640273081255      
0      0.002420      1640273081287      
0      0.001260      1640273081316      
0      0.003750      1640273081366      
0      0.002710      1640273081407      
0      0.001600      1640273081432      
0      0.001670      1640273081460      
0      0.005710      1640273081492      
0      0.000130      1640273081523      
0      -0.001410      1640273081555      
0      0.002830      1640273081588      
0      -0.000660      1640273081632      
0      0.003060      1640273081664      
0      -0.001830      1640273081695      
0      0.002120      1640273081728      
0      0.001640      1640273081762      
0      0.001710      1640273081791      
0      -0.000210      1640273081829      
0      0.005370      1640273081855      
0      0.001150      1640273081899      
0      0.002800      1640273081931      
0      0.002840      1640273081963      
0      -0.000100      1640273081996      
0      0.004630      1640273082030      
0      -0.000480      1640273082074      
0      0.000140      1640273082090      
0      0.003880      1640273082122      
0      0.007720      1640273082155      
0      0.002360      1640273082188      
0      0.002470      1640273082234      
0      0.014180      1640273082265      
0      -0.002150      1640273082296      
0      0.001820      1640273082330      
0      -0.000330      1640273082361      
0      -0.000450      1640273082392      
0      0.004270      1640273082427      
0      0.005040      1640273082456      
0      0.000360      1640273082487      
0      0.003920      1640273082532      
0      0.002640      1640273082563      
0      0.005330      1640273082595      
0      0.015550      1640273082629      
0      0.004040      1640273082662      
0      -0.002260      1640273082692      
0      0.002580      1640273082724      
0      0.011600      1640273082757      
0      -0.000390      1640273082788      
0      0.004670      1640273082827      
0      0.020070      1640273082866      
0      0.003270      1640273082896      
0      -0.011780      1640273082929      
0      0.000510      1640273082962      
0      -0.001930      1640273082995      
0      -0.005620      1640273083029      
0      0.002800      1640273083063      
0      0.002640      1640273083088      
0      -0.004330      1640273083134      
0      0.003580      1640273083164      
0      -0.002710      1640273083196      
0      -0.010240      1640273083232      
0      -0.009100      1640273083276      
0      -0.038230      1640273083295      
0      -0.050460      1640273083325      
0      -0.026380      1640273083357      
0      -0.025280      1640273083389      
0      -0.023700      1640273083437      
0      -0.039830      1640273083471      
0      -0.052800      1640273083497      
0      -0.066560      1640273083530      
0      -0.029770      1640273083562      
0      -0.007700      1640273083594      
0      -0.016190      1640273083628      
0      -0.055760      1640273083662      
0      -0.037690      1640273083694      
0      -0.016870      1640273083723      
0      -0.031000      1640273083754      
0      -0.041120      1640273083801      
0      -0.030740      1640273083830      
0      -0.020940      1640273083870      
0      -0.026170      1640273083900      
0      -0.010860      1640273083928      
0      -0.029630      1640273083962      
0      -0.033690      1640273083991      
0      -0.038370      1640273084023      
0      -0.039450      1640273084055      
0      -0.045100      1640273084105      
0      -0.047270      1640273084133      
0      -0.026360      1640273084165      
0      -0.031820      1640273084196      
0      -0.024980      1640273084229      
0      -0.027670      1640273084260      
0      -0.009720      1640273084294      
0      -0.015430      1640273084327      
0      -0.019410      1640273084356      
0      -0.024000      1640273084404      
0      -0.033700      1640273084431      
0      -0.020990      1640273084463      
0      -0.024180      1640273084495      
0      -0.026410      1640273084529      
0      -0.029410      1640273084561      
0      -0.013030      1640273084593      
0      -0.027070      1640273084625      
0      -0.023990      1640273084657      
0      -0.019220      1640273084708      
0      -0.033020      1640273084739      
0      -0.022490      1640273084771      
0      -0.022110      1640273084799      
0      -0.014160      1640273084830      
0      -0.016750      1640273084862      
0      -0.033070      1640273084900      
0      -0.026760      1640273084942      
0      -0.010490      1640273084959      
0      -0.020050      1640273084992      
0      -0.018350      1640273085023      
0      -0.020120      1640273085071      
0      -0.033850      1640273085105      
0      -0.014830      1640273085132      
0      -0.013130      1640273085162      
0      -0.010970      1640273085195      
0      -0.017790      1640273085228      
0      -0.005770      1640273085259      
0      -0.009010      1640273085293      
0      -0.013560      1640273085340      
0      -0.029020      1640273085371      
0      -0.027770      1640273085399      
0      -0.014950      1640273085431      
0      -0.010530      1640273085462      
