87      74.564062      0.087270      
88      74.349769      0.087270      
89      73.969887      0.087270      
90      73.418685      0.087270      
91      73.017603      0.087270      
92      72.524845      0.087270      
93      71.875664      0.087270      
94      71.414993      0.087270      
95      71.068916      0.087270      
96      70.141270      0.087270      
97      70.128092      0.087270      
98      69.874837      0.087270      
99      69.267484      0.087270      
100      68.681904      0.087270      
101      68.102626      0.087270      
102      67.604711      0.087270      
103      67.474073      0.087270      
104      67.149769      0.087270      
105      66.760719      0.087270      
106      66.079452      0.087270      
107      65.622219      0.087270      
108      65.095082      0.087270      
109      64.423556      0.087270      
110      63.935381      0.087270      
111      63.330320      0.087270      
112      62.846729      0.087270      
113      62.339074      0.087270      
114      61.391374      0.087270      
115      61.030399      0.087270      
116      60.546809      0.087270      
117      59.973261      0.087270      
118      59.477065      0.087270      
119      59.105777      0.087270      
120      58.678911      0.087270      
121      58.134012      0.087270      
122      57.656152      0.087270      
123      57.369091      0.087270      
124      56.852268      0.087270      
125      56.325131      0.087270      
126      55.497183      0.087270      
127      54.875505      0.087270      
128      53.459685      0.087270      
129      52.549228      0.087270      
130      51.955626      0.087270      
131      51.254878      0.087270      
132      50.276810      0.087270      
133      49.311348      0.087270      
134      48.469648      0.087270      
135      47.072736      0.087270      
136      46.229317      0.087270      
137      45.314277      0.087270      
138      44.193538      0.087270      
139      43.086551      0.087270      
140      42.171510      0.087270      
141      41.199172      0.087270      
142      40.371797      0.087270      
143      39.928314      0.087270      
144      39.561038      0.087270      
145      38.991501      0.087270      
146      38.356645      0.087270      
147      37.680535      0.087270      
148      37.153971      0.087270      
149      36.739710      0.087270      
150      36.489320      0.087270      
151      35.414993      0.087270      
152      34.840299      0.087270      
153      34.137259      0.087270      
154      33.627885      0.087270      
155      33.062359      0.087270      
156      32.616011      0.087270      
157      31.933026      0.087270      
158      31.412192      0.087270      
159      30.640968      0.087270      
160      29.465224      0.087270      
161      28.381155      0.087270      
162      27.640872      0.087270      
163      27.098265      0.087270      
164      26.864491      0.087270      
165      26.546491      0.087270      
166      26.227917      0.087270      
167      25.660099      0.087270      
168      25.355276      0.087270      
169      24.723285      0.087270      
170      24.318192      0.087270      
171      23.838039      0.087270      
172      23.332102      0.087270      
173      23.015247      0.087270      
174      22.551711      0.087270      
175      21.767882      0.087270      
176      21.374821      0.087270      
177      20.899825      0.087270      
178      19.629540      0.087270      
179      18.981506      0.087270      
180      18.341493      0.087270      
181      17.542766      0.087270      
182      17.049435      0.087270      
183      16.490212      0.087270      
184      15.627885      0.087270      
185      14.154767      0.087270      
186      13.731912      0.087270      
187      13.573770      0.087270      
188      13.284418      0.087270      
189      13.365781      0.087270      
190      13.343435      0.087270      
191      13.158937      0.087270      
192      12.983607      0.087270      
193      12.954958      0.087270      
194      12.717746      0.087270      
195      12.483400      0.087270      
196      12.382556      0.087270      
197      12.116696      0.087270      
198      11.882922      0.087270      
199      11.700143      0.087270      
200      11.586694      0.087270      
201      11.495018      0.087270      
202      11.486997      0.087270      
203      11.360942      0.087270      
204      11.329429      0.087270      
205      11.236607      0.087270      
206      10.962152      0.087270      
207      10.630972      0.087270      
208      10.128474      0.087270      
209      9.814484      0.087270      
210      9.572115      0.087270      
211      8.846729      0.087270      
212      8.472004      0.087270      
213      8.067484      0.087270      
214      7.651504      0.087270      
215      7.005762      0.087270      
216      6.925545      0.087270      
217      6.931275      0.087270      
218      6.694636      0.087270      
219      6.541079      0.087270      
220      6.452841      0.087270      
221      6.385803      0.087270      
222      6.011650      0.087270      
223      5.769282      0.087270      
224      5.460449      0.087270      
225      5.218654      0.087270      
226      5.004361      0.087270      
227      4.407894      0.087270      
228      3.269394      0.087270      
229      3.128442      0.087270      
230      3.217826      0.087270      
231      3.061977      0.087270      
232      2.987490      0.087270      
233      2.917587      0.087270      
234      2.652873      0.087270      
235      2.395034      0.087270      
236      2.033487      0.087270      
237      1.843833      0.087270      
238      1.732102      0.087270      
239      1.671940      0.087270      
240      1.471972      0.087270      
241      1.199236      0.087270      
242      1.125895      0.087270      
243      0.824511      0.087270      
244      0.669234      0.087270      
245      0.603915      0.087270      
246      0.528283      0.087270      
247      0.382174      0.087270      
248      0.224606      0.087270      
249      0.125481      0.087270      
250      -0.236066      0.087270      
251      -0.354098      0.087270      
252      -0.480153      0.087270      
253      -0.632564      0.087270      
254      -0.779246      0.087270      
255      -0.715072      0.087270      
256      -0.787840      0.087270      
257      -0.913895      0.087270      
258      -1.141366      0.087270      
259      -1.143085      0.087270      
260      -1.116728      0.087270      
261      -1.176317      0.087270      
262      -1.194079      0.087270      
263      -1.246793      0.087270      
264      -1.392329      0.087270      
265      -1.286901      0.087270      
266      -1.286328      0.087270      
267      -1.335604      0.087270      
268      -1.267420      0.087270      
269      -1.286901      0.087270      
270      -1.302371      0.087270      
271      -1.315550      0.087270      
272      -1.351647      0.087270      
273      -1.388318      0.087270      
274      -1.502913      0.087270      
275      -1.580264      0.087270      
276      -1.633551      0.087270      
277      -1.810027      0.087270      
278      -1.807162      0.087270      
279      -1.873054      0.087270      
280      -1.973898      0.087270      
281      -2.048385      0.087270      
282      -2.066147      0.087270      
283      -2.180169      0.087270      
284      -2.260385      0.087270      
285      -2.387013      0.087270      
286      -2.438007      0.087270      
287      -2.476397      0.087270      
288      -2.671781      0.087270      
289      -2.885501      0.087270      
290      -3.008117      0.087270      
291      -3.098647      0.087270      
292      -3.311794      0.087270      
293      -3.329556      0.087270      
294      -3.491135      0.087270      
295      -3.561611      0.087270      
296      -3.716314      0.087270      
297      -3.798249      0.087270      
298      -3.959828      0.087270      
299      -4.013688      0.087270      
300      -4.066974      0.087270      
301      -4.225688      0.087270      
302      -4.427948      0.087270      
303      -4.548846      0.087270      
304      -4.743657      0.087270      
305      -4.969982      0.087270      
306      -5.128696      0.087270      
307      -5.230686      0.087270      
308      -5.505714      0.087270      
309      -5.674168      0.087270      
310      -5.804234      0.087270      
311      -5.892472      0.087270      
312      -6.585771      0.087270      
313      -6.612128      0.087270      
314      -6.647652      0.087270      
315      -6.680312      0.087270      
316      -6.578895      0.087270      
317      -6.574885      0.087270      
318      -6.578322      0.087270      
319      -6.606971      0.087270      
320      -6.570874      0.087270      
321      -6.521598      0.087270      
322      -6.483209      0.087270      
323      -6.529620      0.087270      
324      -6.469457      0.087270      
325      -6.585198      0.087270      
326      -6.625306      0.087270      
327      -6.687188      0.087270      
328      -6.916378      0.087270      
329      -6.974821      0.087270      
330      -6.929556      0.087270      
331      -6.928983      0.087270      
332      -7.010918      0.087270      
333      -7.084832      0.087270      
334      -7.104313      0.087270      
335      -7.068216      0.087270      
336      -7.063059      0.087270      
337      -7.157600      0.087270      
338      -7.165622      0.087270      
339      -7.163330      0.087270      
340      -7.258443      0.087270      
341      -7.265892      0.087270      
342      -7.251568      0.087270      
343      -7.205157      0.087270      
344      -7.292822      0.087270      
345      -7.205730      0.087270      
346      -7.198281      0.087270      
347      -7.200573      0.087270      
348      -7.173070      0.087270      
349      -7.218335      0.087270      
350      -7.273341      0.087270      
351      -7.199427      0.087270      
352      -7.145567      0.087270      
353      -7.120929      0.087270      
354      -7.150724      0.087270      
355      -7.107178      0.087270      
356      -7.112335      0.087270      
357      -7.067643      0.087270      
358      -7.079675      0.087270      
359      -7.043578      0.087270      
360      -7.084832      0.087270      
361      -7.130097      0.087270      
362      -7.289384      0.087270      
363      -7.469298      0.087270      
364      -7.546650      0.087270      
365      -7.614834      0.087270      
366      -7.652650      0.087270      
367      -7.622855      0.087270      
368      -7.583893      0.087270      
369      -7.630304      0.087270      
370      -7.650358      0.087270      
371      -7.545504      0.087270      
372      -7.601082      0.087270      
373      -7.601082      0.087270      
374      -7.547796      0.087270      
375      -7.566704      0.087270      
376      -7.506541      0.087270      
377      -7.497374      0.087270      
378      -7.366736      0.087270      
379      -7.359287      0.087270      
380      -7.380487      0.087270      
381      -7.261881      0.087270      
382      -6.943880      0.087270      
383      -6.420754      0.087270      
384      -5.729174      0.087270      
385      -4.839344      0.087270      
386      -3.923731      0.087270      
387      -2.998377      0.087270      
388      -1.866752      0.087270      
389      -1.274869      0.087270      
390      -0.656629      0.087270      
391      -0.212574      0.087270      
392      0.386758      0.087270      
393      1.547605      0.087270      
394      2.709597      0.087270      
395      4.179277      0.087270      
396      5.898201      0.087270      
397      8.336209      0.087270      
398      9.323444      0.087270      
399      10.229890      0.087270      
400      11.905841      0.087270      
401      13.430527      0.087270      
402      15.273786      0.087270      
403      17.439631      0.087270      
404      19.536718      0.087270      
405      20.674073      0.087270      
406      21.836639      0.087270      
407      22.921280      0.087270      
408      23.763552      0.087270      
409      25.210887      0.087270      
410      26.252555      0.087270      
411      27.196244      0.087270      
412      28.378291      0.087270      
413      29.974025      0.087270      
414      31.749674      0.087270      
415      33.933280      0.087270      
416      35.460258      0.087270      
417      37.202101      0.087270      
418      38.414515      0.087270      
419      39.576508      0.087270      
420      41.144740      0.087270      
421      42.358873      0.087270      
422      43.362725      0.087270      
423      44.325895      0.087270      
424      45.671240      0.087270      
425      47.242336      0.087270      
426      48.458762      0.087270      
427      49.911826      0.087270      
428      50.864110      0.087270      
429      52.066783      0.087270      
430      52.917651      0.087270      
431      53.918638      0.087270      
432      55.016457      0.087270      
433      55.777940      0.087270      
434      56.977177      0.087270      
435      57.937482      0.087270      
436      58.476078      0.087270      
437      58.945918      0.087270      
438      60.077543      0.087270      
439      61.465287      0.087270      
440      63.334904      0.087270      
441      64.978195      0.087270      
442      65.913863      0.087270      
443      66.950947      0.087270      
444      68.088302      0.087270      
445      68.661849      0.087270      
446      69.277224      0.087270      
447      70.503390      0.087270      
448      70.893586      0.087270      
449      71.334776      0.087270      
450      72.109438      0.087270      
451      72.994111      0.087270      
452      73.505777      0.087270      
453      74.517078      0.087270      
