56      74.675219      0.087270      
57      73.818049      0.087270      
58      72.793570      0.087270      
59      71.250549      0.087270      
60      70.592201      0.087270      
61      70.253573      0.087270      
62      69.325354      0.087270      
63      69.219354      0.087270      
64      68.833742      0.087270      
65      68.259048      0.087270      
66      67.967977      0.087270      
67      67.386408      0.087270      
68      66.695973      0.087270      
69      65.751711      0.087270      
70      65.391310      0.087270      
71      64.899125      0.087270      
72      64.049403      0.087270      
73      63.202547      0.087270      
74      62.988254      0.087270      
75      62.133376      0.087270      
76      60.963934      0.087270      
77      59.956072      0.087270      
78      58.434824      0.087270      
79      57.920866      0.087270      
80      57.116409      0.087270      
81      56.248926      0.087270      
82      55.715486      0.087270      
83      55.315550      0.087270      
84      54.374152      0.087270      
85      53.605793      0.087270      
86      52.366449      0.087270      
87      51.209613      0.087270      
88      50.385676      0.087270      
89      50.106064      0.087270      
90      49.625911      0.087270      
91      49.045488      0.087270      
92      48.470794      0.087270      
93      48.041063      0.087270      
94      47.278434      0.087270      
95      46.326150      0.087270      
96      45.357823      0.087270      
97      44.057743      0.087270      
98      43.290530      0.087270      
99      42.297565      0.087270      
100      41.758969      0.087270      
101      40.909820      0.087270      
102      39.761006      0.087270      
103      38.830495      0.087270      
104      37.941238      0.087270      
105      36.875505      0.087270      
106      36.030368      0.087270      
107      35.004743      0.087270      
108      34.617985      0.087270      
109      33.579755      0.087270      
110      32.919115      0.087270      
111      31.755976      0.087270      
112      30.663887      0.087270      
113      30.150501      0.087270      
114      29.572943      0.087270      
115      28.679102      0.087270      
116      28.350215      0.087270      
117      27.584148      0.087270      
118      26.321311      0.087270      
119      25.633169      0.087270      
120      25.056183      0.087270      
121      23.461022      0.087270      
122      23.188286      0.087270      
123      22.691517      0.087270      
124      22.337991      0.087270      
125      21.941493      0.087270      
126      21.944931      0.087270      
127      21.005825      0.087270      
128      20.564062      0.087270      
129      20.114850      0.087270      
130      19.670221      0.087270      
131      19.488588      0.087270      
132      19.422123      0.087270      
133      19.328728      0.087270      
134      18.864046      0.087270      
135      18.395926      0.087270      
136      18.030941      0.087270      
137      16.882699      0.087270      
138      16.612255      0.087270      
139      16.462136      0.087270      
140      16.128092      0.087270      
141      16.149865      0.087270      
142      16.046156      0.087270      
143      15.905777      0.087270      
144      15.948751      0.087270      
145      15.871399      0.087270      
146      15.619863      0.087270      
147      15.570014      0.087270      
148      15.191278      0.087270      
149      14.823428      0.087270      
150      14.285405      0.087270      
151      13.577781      0.087270      
152      12.938342      0.087270      
153      12.632946      0.087270      
154      12.394589      0.087270      
155      11.950533      0.087270      
156      11.674932      0.087270      
157      10.873914      0.087270      
158      9.782970      0.087270      
159      9.813338      0.087270      
160      8.417571      0.087270      
161      7.412001      0.087270      
162      7.357568      0.087270      
163      6.788604      0.087270      
164      6.264905      0.087270      
165      6.036861      0.087270      
166      5.572179      0.087270      
167      5.110361      0.087270      
168      5.250167      0.087270      
169      5.152188      0.087270      
170      5.110934      0.087270      
171      5.191151      0.087270      
172      5.241572      0.087270      
173      5.195162      0.087270      
174      5.101194      0.087270      
175      4.806112      0.087270      
176      4.554003      0.087270      
177      4.309343      0.087270      
178      3.867006      0.087270      
179      3.594270      0.087270      
180      3.395448      0.087270      
181      3.011555      0.087270      
182      2.367531      0.087270      
183      2.116569      0.087270      
184      1.412383      0.087270      
185      0.788986      0.087270      
186      0.313990      0.087270      
187      -0.131784      0.087270      
188      -0.340920      0.087270      
189      -0.903008      0.087270      
190      -1.367118      0.087270      
191      -1.263409      0.087270      
192      -1.234187      0.087270      
193      -1.351074      0.087270      
194      -1.388318      0.087270      
195      -1.536145      0.087270      
196      -1.843833      0.087270      
197      -2.321693      0.087270      
198      -2.691262      0.087270      
199      -2.719338      0.087270      
200      -2.920452      0.087270      
201      -3.413783      0.087270      
202      -3.563903      0.087270      
203      -3.794238      0.087270      
204      -4.296164      0.087270      
205      -4.343721      0.087270      
206      -4.822155      0.087270      
207      -4.948209      0.087270      
208      -5.434092      0.087270      
209      -5.756104      0.087270      
210      -5.849499      0.087270      
211      -6.017380      0.087270      
212      -6.552539      0.087270      
213      -6.649371      0.087270      
214      -7.100302      0.087270      
215      -7.924813      0.087270      
216      -8.148846      0.087270      
217      -9.102276      0.087270      
218      -9.721089      0.087270      
219      -10.186344      0.087270      
220      -10.468821      0.087270      
221      -11.103104      0.087270      
222      -11.458348      0.087270      
223      -11.998663      0.087270      
224      -12.376253      0.087270      
225      -12.376253      0.087270      
226      -13.072418      0.087270      
227      -13.361770      0.087270      
228      -13.417921      0.087270      
229      -13.774885      0.087270      
230      -14.316346      0.087270      
231      -14.476779      0.087270      
232      -14.921980      0.087270      
233      -15.088716      0.087270      
234      -15.223365      0.087270      
235      -15.608404      0.087270      
236      -15.641636      0.087270      
237      -15.944740      0.087270      
238      -16.515996      0.087270      
239      -17.071208      0.087270      
240      -17.492917      0.087270      
241      -17.741588      0.087270      
242      -18.063600      0.087270      
243      -18.572402      0.087270      
244      -18.794716      0.087270      
245      -19.466815      0.087270      
246      -19.542448      0.087270      
247      -19.549897      0.087270      
248      -20.046093      0.087270      
249      -20.193920      0.087270      
250      -20.723349      0.087270      
251      -21.226993      0.087270      
252      -21.130734      0.087270      
253      -21.602292      0.087270      
254      -21.866433      0.087270      
255      -21.860131      0.087270      
256      -22.135731      0.087270      
257      -22.523062      0.087270      
258      -22.587235      0.087270      
259      -23.042750      0.087270      
260      -23.046188      0.087270      
261      -23.002642      0.087270      
262      -22.992329      0.087270      
263      -22.932166      0.087270      
264      -22.823874      0.087270      
265      -22.937323      0.087270      
266      -23.045042      0.087270      
267      -23.058221      0.087270      
268      -23.197453      0.087270      
269      -23.199745      0.087270      
270      -23.243864      0.087270      
271      -23.355594      0.087270      
272      -23.390546      0.087270      
273      -23.642082      0.087270      
274      -23.552698      0.087270      
275      -23.504568      0.087270      
276      -23.424924      0.087270      
277      -23.451854      0.087270      
278      -23.445551      0.087270      
279      -23.359605      0.087270      
280      -23.371065      0.087270      
281      -23.156772      0.087270      
282      -22.664014      0.087270      
283      -21.539265      0.087270      
284      -20.337737      0.087270      
285      -20.038071      0.087270      
286      -19.097247      0.087270      
287      -17.499793      0.087270      
288      -16.640331      0.087270      
289      -15.794620      0.087270      
290      -15.381506      0.087270      
291      -14.459589      0.087270      
292      -13.489543      0.087270      
293      -12.659303      0.087270      
294      -12.296610      0.087270      
295      -11.852555      0.087270      
296      -9.086233      0.087270      
297      -8.909756      0.087270      
298      -7.801050      0.087270      
299      -6.401273      0.087270      
300      -6.298138      0.087270      
301      -5.669012      0.087270      
302      -5.347000      0.087270      
303      -5.130415      0.087270      
304      -3.968996      0.087270      
305      -3.117555      0.087270      
306      -2.087347      0.087270      
307      -0.543753      0.087270      
308      1.055419      0.087270      
309      3.317523      0.087270      
310      4.057807      0.087270      
311      5.472481      0.087270      
312      7.650931      0.087270      
313      7.709375      0.087270      
314      7.909916      0.087270      
315      8.677702      0.087270      
316      9.521120      0.087270      
317      10.271144      0.087270      
318      11.731657      0.087270      
319      12.324113      0.087270      
320      13.581219      0.087270      
321      16.119497      0.087270      
322      18.092822      0.087270      
323      19.907433      0.087270      
324      21.681362      0.087270      
325      23.365335      0.087270      
326      24.016234      0.087270      
327      24.551393      0.087270      
328      25.246984      0.087270      
329      27.550342      0.087270      
330      30.323540      0.087270      
331      31.350883      0.087270      
332      32.035015      0.087270      
333      32.904218      0.087270      
334      33.778577      0.087270      
335      34.762948      0.087270      
336      35.924367      0.087270      
337      36.886392      0.087270      
338      37.202674      0.087270      
339      38.989782      0.087270      
340      40.048639      0.087270      
341      40.906955      0.087270      
342      41.431227      0.087270      
343      41.979564      0.087270      
344      42.712399      0.087270      
345      43.867516      0.087270      
346      44.801464      0.087270      
347      45.604202      0.087270      
348      46.307242      0.087270      
349      47.788381      0.087270      
350      48.975012      0.087270      
351      49.925004      0.087270      
352      50.906510      0.087270      
353      52.105746      0.087270      
354      52.983543      0.087270      
355      53.795448      0.087270      
356      54.320866      0.087270      
357      55.298934      0.087270      
358      56.479261      0.087270      
359      58.284132      0.087270      
360      59.792201      0.087270      
361      60.074678      0.087270      
362      60.077543      0.087270      
363      60.160624      0.087270      
364      60.117078      0.087270      
365      60.173802      0.087270      
366      60.334808      0.087270      
367      60.433360      0.087270      
368      60.137132      0.087270      
369      60.012223      0.087270      
370      60.269489      0.087270      
371      60.636193      0.087270      
372      60.427057      0.087270      
373      60.050040      0.120900      
374      60.265478      0.166910      
375      60.942734      0.213020      
376      61.395384      0.259040      
377      61.998154      0.305070      
378      62.306987      0.352710      
379      63.283336      0.398780      
380      65.147223      0.436330      
381      66.889639      0.436330      
382      68.143307      0.436330      
383      68.907656      0.436330      
384      70.485055      0.436330      
385      70.843164      0.436330      
386      74.314818      0.436330      
388      74.327996      0.436330      
392      72.664078      0.436330      
393      68.353016      0.436330      
394      70.462709      0.436330      
