28      74.089639      0.436330      
29      72.907592      0.436330      
30      72.719656      0.436330      
31      72.171892      0.436330      
32      71.165176      0.436330      
33      70.428903      0.436330      
34      69.504122      0.436330      
35      68.881872      0.436330      
36      66.900525      0.436330      
37      65.504759      0.436330      
38      64.959860      0.436330      
39      63.918765      0.436330      
40      62.883973      0.436330      
41      62.027948      0.436330      
42      61.476747      0.436330      
43      60.706669      0.436330      
44      60.059780      0.436330      
45      59.750374      0.436330      
46      58.983161      0.436330      
47      58.609008      0.436330      
48      58.096769      0.436330      
49      57.447016      0.436330      
50      56.755435      0.436330      
51      56.035779      0.436330      
52      55.238198      0.436330      
53      54.807321      0.436330      
54      53.043705      0.436330      
55      52.371606      0.436330      
56      51.698361      0.436330      
57      51.292695      0.436330      
58      50.640076      0.436330      
59      50.052777      0.436330      
60      49.208213      0.436330      
61      48.259940      0.436330      
62      46.947254      0.436330      
63      46.403502      0.436330      
64      45.675824      0.436330      
65      45.450072      0.436330      
66      44.760210      0.436330      
67      44.033105      0.436330      
68      43.509406      0.436330      
69      42.763966      0.436330      
70      42.176667      0.436330      
71      41.650676      0.436330      
72      41.385389      0.436330      
73      41.265637      0.436330      
74      40.761993      0.436330      
75      40.057807      0.436330      
76      39.698552      0.436330      
77      38.989782      0.436330      
78      38.040936      0.436330      
79      37.129906      0.436330      
80      36.320866      0.436330      
81      35.939838      0.436330      
82      35.233933      0.436330      
83      34.545790      0.436330      
84      34.283368      0.436330      
85      34.064491      0.436330      
86      33.619863      0.436330      
87      32.868693      0.436330      
88      32.283113      0.436330      
89      31.354321      0.436330      
90      30.581951      0.436330      
91      29.861149      0.436330      
92      29.633678      0.436330      
93      29.390737      0.436330      
94      28.991374      0.436330      
95      28.519242      0.436330      
96      28.417253      0.436330      
97      28.292917      0.436330      
98      28.213274      0.436330      
99      28.192074      0.436330      
100      27.972625      0.436330      
101      28.074614      0.436330      
102      28.133057      0.436330      
103      28.029922      0.436330      
104      27.947414      0.436330      
105      27.381315      0.436330      
106      26.552220      0.436330      
107      25.680153      0.436330      
108      24.522744      0.436330      
109      23.455865      0.436330      
110      23.273086      0.436330      
111      22.908674      0.436330      
112      22.587808      0.436330      
113      22.485246      0.436330      
114      22.001082      0.436330      
115      21.897374      0.436330      
116      21.778768      0.436330      
117      21.135318      0.436330      
118      20.814452      0.436330      
119      20.574375      0.436330      
120      20.095941      0.436330      
121      19.917746      0.436330      
122      19.438739      0.436330      
123      19.137928      0.436330      
124      18.955722      0.436330      
125      18.208563      0.436330      
126      17.582874      0.436330      
127      17.518128      0.436330      
128      17.268884      0.436330      
129      17.081522      0.436330      
130      17.109024      0.436330      
131      16.459844      0.436330      
132      15.928696      0.436330      
133      15.579182      0.436330      
134      15.048034      0.436330      
135      14.782174      0.436330      
136      14.459016      0.436330      
137      14.137005      0.436330      
138      14.012096      0.436330      
139      13.770874      0.436330      
140      13.125704      0.436330      
141      12.580232      0.436330      
142      12.073723      0.436330      
143      11.450899      0.436330      
144      11.309375      0.436330      
145      11.287601      0.436330      
146      11.345472      0.436330      
147      11.346045      0.436330      
148      11.425688      0.436330      
149      11.345472      0.436330      
150      11.104250      0.436330      
151      11.021741      0.436330      
152      10.880789      0.436330      
153      10.798854      0.436330      
154      10.417253      0.436330      
155      10.451058      0.436330      
156      10.172020      0.436330      
157      9.985230      0.436330      
158      9.923349      0.436330      
159      9.493618      0.436330      
160      8.765367      0.436330      
161      8.301257      0.436330      
162      8.299538      0.436330      
163      8.104727      0.436330      
164      8.242814      0.436330      
165      8.035970      0.436330      
166      7.898456      0.436330      
167      7.875537      0.436330      
168      7.393092      0.436330      
169      7.015502      0.436330      
170      6.799491      0.436330      
171      6.481490      0.436330      
172      6.424765      0.436330      
173      6.205889      0.436330      
174      5.997899      0.436330      
175      5.993888      0.436330      
176      5.907942      0.436330      
177      5.800796      0.436330      
178      5.617444      0.436330      
179      5.214070      0.436330      
180      5.054783      0.436330      
181      5.033583      0.436330      
182      4.873150      0.436330      
183      4.928728      0.436330      
184      5.007799      0.436330      
185      5.000350      0.436330      
186      5.074837      0.436330      
187      4.910966      0.436330      
188      4.986599      0.436330      
189      4.914977      0.436330      
190      4.944772      0.436330      
191      5.101767      0.436330      
192      5.219799      0.436330      
193      5.168232      0.436330      
194      5.323508      0.436330      
195      5.056502      0.436330      
196      4.935604      0.436330      
197      4.478943      0.436330      
198      4.478370      0.436330      
199      4.237148      0.436330      
200      3.997644      0.436330      
201      3.917428      0.436330      
202      3.836639      0.436330      
203      3.860703      0.436330      
204      3.862422      0.436330      
205      3.782206      0.436330      
206      3.487124      0.436330      
207      3.486551      0.436330      
208      3.349610      0.436330      
209      3.165685      0.436330      
210      3.086615      0.436330      
211      2.765749      0.436330      
212      2.526818      0.436330      
213      2.414515      0.436330      
214      2.390450      0.436330      
215      2.172720      0.436330      
216      2.149228      0.436330      
217      2.091931      0.436330      
218      1.848989      0.436330      
219      1.767627      0.436330      
220      1.629540      0.436330      
221      1.768200      0.436330      
222      1.661627      0.436330      
223      1.407799      0.436330      
224      1.472545      0.436330      
225      1.159128      0.436330      
226      1.102976      0.436330      
227      1.104695      0.436330      
228      0.681267      0.436330      
229      0.527137      0.436330      
230      0.452650      0.436330      
231      0.021200      0.436330      
232      -0.052714      0.436330      
233      -0.225752      0.436330      
234      -0.223460      0.436330      
235      -0.257266      0.436330      
236      -0.362693      0.436330      
237      -0.583861      0.436330      
238      -0.527137      0.436330      
239      -0.586153      0.436330      
240      -0.487028      0.436330      
241      -0.514531      0.436330      
242      -0.733981      0.436330      
243      -0.760910      0.436330      
244      -0.845138      0.436330      
245      -1.212987      0.436330      
246      -1.478275      0.436330      
247      -1.959000      0.436330      
248      -2.361802      0.436330      
249      -2.982906      0.436330      
250      -2.980041      0.436330      
251      -2.979468      0.436330      
252      -2.876906      0.436330      
253      -2.577813      0.436330      
254      -2.452905      0.436330      
255      -2.258666      0.436330      
256      -2.422537      0.436330      
257      -2.503326      0.436330      
258      -2.744549      0.436330      
259      -2.963425      0.436330      
260      -2.987490      0.436330      
261      -2.986917      0.436330      
262      -3.090625      0.436330      
263      -3.250485      0.436330      
264      -3.205793      0.436330      
265      -3.310648      0.436330      
266      -3.369664      0.436330      
267      -3.475092      0.436330      
268      -3.958109      0.436330      
269      -4.071558      0.436330      
270      -4.014834      0.436330      
271      -4.153494      0.436330      
272      -4.151202      0.436330      
273      -4.207926      0.436330      
274      -4.328251      0.436330      
275      -4.303040      0.436330      
276      -4.482381      0.436330      
277      -4.716728      0.436330      
278      -4.873150      0.436330      
279      -4.949928      0.436330      
280      -4.766576      0.436330      
281      -4.891485      0.436330      
282      -5.051918      0.436330      
283      -5.132707      0.436330      
284      -5.294859      0.436330      
285      -5.376222      0.436330      
286      -5.854082      0.436330      
287      -6.071240      0.436330      
288      -6.070094      0.436330      
289      -6.195575      0.436330      
290      -6.275792      0.436330      
291      -6.378927      0.436330      
292      -6.619004      0.436330      
293      -6.882572      0.436330      
294      -7.067070      0.436330      
295      -7.206876      0.436330      
296      -7.206876      0.436330      
297      -7.389082      0.436330      
298      -7.663537      0.436330      
299      -7.607958      0.436330      
300      -7.609104      0.436330      
301      -7.774121      0.436330      
302      -7.717396      0.436330      
303      -7.717969      0.436330      
304      -7.776986      0.436330      
305      -7.939710      0.436330      
306      -8.042846      0.436330      
307      -8.000446      0.436330      
308      -8.339074      0.436330      
309      -8.450231      0.436330      
310      -8.448512      0.436330      
311      -8.550501      0.436330      
312      -8.572274      0.436330      
313      -8.836416      0.436330      
314      -9.020341      0.436330      
315      -9.145249      0.436330      
316      -9.220882      0.436330      
317      -9.221455      0.436330      
318      -9.360688      0.436330      
319      -9.279325      0.436330      
320      -9.280471      0.436330      
321      -9.440331      0.436330      
322      -9.586440      0.436330      
323      -9.563521      0.436330      
324      -9.572688      0.436330      
325      -9.652332      0.436330      
326      -9.893554      0.436330      
327      -9.895273      0.436330      
328      -9.896992      0.436330      
329      -10.035652      0.436330      
330      -10.095241      0.436330      
331      -10.338182      0.436330      
332      -10.829795      0.436330      
333      -10.749578      0.436330      
334      -10.910011      0.436330      
335      -11.311666      0.436330      
336      -11.233169      0.436330      
337      -11.415375      0.436330      
338      -11.436002      0.436330      
339      -11.594716      0.436330      
340      -11.594716      0.436330      
341      -11.756295      0.436330      
342      -11.779214      0.436330      
343      -11.837084      0.436330      
344      -11.839949      0.436330      
345      -12.187172      0.436330      
346      -12.246761      0.436330      
347      -12.373389      0.436330      
348      -12.991628      0.436330      
349      -12.991055      0.436330      
350      -13.051218      0.436330      
351      -13.177845      0.436330      
352      -13.179564      0.436330      
353      -13.284991      0.436330      
354      -13.364635      0.436330      
355      -13.283272      0.436330      
356      -13.364062      0.436330      
357      -13.465478      0.436330      
358      -13.522203      0.436330      
359      -13.605284      0.436330      
360      -13.527360      0.436330      
361      -13.688938      0.436330      
362      -13.687792      0.436330      
363      -13.690084      0.436330      
364      -13.770301      0.436330      
365      -13.929588      0.436330      
366      -13.949642      0.436330      
367      -14.190864      0.436330      
368      -14.455006      0.436330      
369      -14.595384      0.436330      
370      -14.759255      0.436330      
371      -14.762120      0.436330      
372      -15.164921      0.436330      
373      -15.392965      0.436330      
374      -15.714977      0.436330      
375      -15.693204      0.436330      
376      -15.657106      0.436330      
377      -15.575744      0.436330      
378      -15.758523      0.436330      
379      -15.757377      0.436330      
380      -15.859940      0.436330      
381      -16.019226      0.436330      
382      -16.157313      0.436330      
383      -16.179086      0.436330      
384      -16.578450      0.436330      
385      -16.840299      0.436330      
386      -17.001878      0.436330      
387      -16.941143      0.436330      
388      -17.180073      0.436330      
389      -17.197835      0.436330      
390      -17.192106      0.436330      
391      -17.247111      0.436330      
392      -17.370301      0.436330      
393      -17.338787      0.436330      
394      -17.510680      0.436330      
395      -17.602929      0.436330      
396      -17.549069      0.436330      
397      -17.714659      0.436330      
398      -17.620691      0.436330      
399      -17.688302      0.436330      
400      -17.697469      0.436330      
401      -17.774821      0.436330      
402      -17.769664      0.436330      
403      -17.849881      0.436330      
404      -17.770810      0.436330      
405      -17.868789      0.436330      
406      -17.865924      0.436330      
407      -17.687156      0.436330      
408      -17.845297      0.436330      
409      -17.927232      0.436330      
410      -17.927232      0.436330      
411      -18.042973      0.436330      
412      -18.048703      0.436330      
413      -18.245806      0.436330      
414      -18.150692      0.436330      
415      -18.299666      0.436330      
416      -18.366131      0.436330      
417      -18.364412      0.436330      
418      -18.402801      0.436330      
419      -18.499061      0.436330      
420      -18.627407      0.436330      
421      -18.699029      0.436330      
422      -18.773516      0.436330      
423      -18.770651      0.436330      
424      -18.809040      0.436330      
425      -18.807894      0.436330      
426      -18.703613      0.436330      
427      -18.637721      0.436330      
428      -18.549483      0.436330      
429      -18.544899      0.436330      
430      -18.456661      0.436330      
431      -18.696737      0.436330      
432      -19.311539      0.436330      
433      -19.569378      0.436330      
434      -19.808308      0.436330      
435      -19.742416      0.436330      
436      -19.762470      0.436330      
437      -20.145217      0.436330      
438      -20.105682      0.436330      
439      -20.185325      0.436330      
440      -20.298201      0.436330      
441      -20.294764      0.436330      
442      -20.142925      0.436330      
443      -20.309661      0.436330      
444      -20.186471      0.436330      
445      -19.945822      0.436330      
446      -18.882381      0.436330      
447      -17.049435      0.436330      
448      -15.599236      0.436330      
449      -14.067102      0.436330      
450      -12.190610      0.436330      
451      -11.382142      0.436330      
452      -10.246506      0.436330      
453      -9.105714      0.436330      
454      -8.203279      0.436330      
455      -6.715836      0.436330      
456      -4.908101      0.436330      
457      -3.963266      0.436330      
458      -2.776635      0.436330      
459      -1.850135      0.436330      
460      -1.578545      0.436330      
461      -0.858889      0.436330      
462      0.144390      0.436330      
463      1.080057      0.436330      
464      2.543435      0.436330      
465      5.472481      0.436330      
466      7.458412      0.436330      
467      8.939551      0.436330      
468      9.855165      0.436330      
469      10.966163      0.436330      
470      11.191342      0.436330      
471      11.519656      0.436330      
472      13.307910      0.436330      
473      13.721598      0.436330      
474      14.121534      0.436330      
475      14.955785      0.436330      
476      15.370046      0.436330      
477      16.262168      0.436330      
478      17.023651      0.436330      
479      17.369155      0.436330      
480      18.424574      0.436330      
481      19.656470      0.436330      
482      20.933057      0.436330      
483      22.046347      0.436330      
484      23.220372      0.436330      
485      24.604679      0.436330      
486      25.919083      0.436330      
487      27.396212      0.436330      
488      28.647589      0.436330      
489      30.210091      0.436330      
490      31.149196      0.436330      
491      32.637212      0.436330      
492      34.196276      0.436330      
493      35.655069      0.436330      
494      38.953112      0.436330      
495      39.933471      0.436330      
496      41.641509      0.436330      
497      44.408977      0.436330      
498      45.790419      0.436330      
499      47.453191      0.436330      
500      47.949960      0.436330      
501      48.956677      0.436330      
502      50.471622      0.436330      
503      50.832023      0.436330      
504      51.527041      0.436330      
505      52.548082      0.436330      
506      53.043132      0.436330      
507      54.075060      0.436330      
508      55.708611      0.436330      
509      56.770906      0.436330      
510      57.664746      0.436330      
511      58.510457      0.436330      
512      59.552698      0.436330      
513      59.922266      0.436330      
514      61.230941      0.436330      
515      61.900748      0.436330      
516      62.755053      0.436330      
517      63.450072      0.436330      
518      64.203533      0.436330      
519      64.767340      0.436330      
520      66.124145      0.436330      
521      67.795512      0.436330      
522      68.294573      0.436330      
523      69.594652      0.436330      
524      72.672099      0.436330      
