19      -9.940000      
20      -10.440000      
21      -6.730000      
22      -5.150000      
23      -1.150000      
24      -0.470000      
25      -0.370000      
26      -0.320000      
27      -0.010000      
28      -0.010000      
29      0.000000      
30      -0.010000      
31      0.000000      
32      0.000000      
33      -0.010000      
34      0.000000      
35      -0.010000      
36      -0.010000      
37      0.000000      
38      0.000000      
39      -0.010000      
40      -3.700000      
41      -0.110000      
42      18.100000      
81      -3.760000      
82      -2.390000      
83      -1.060000      
84      -0.930000      
85      -1.800000      
86      -3.100000      
87      -2.050000      
88      -0.630000      
89      -0.570000      
90      -1.270000      
91      -1.950000      
92      -3.580000      
93      -1.420000      
94      -0.950000      
95      0.070000      
96      0.050000      
97      -0.290000      
98      0.200000      
99      0.040000      
100      -1.090000      
101      0.070000      
102      -0.080000      
103      -0.230000      
104      -0.240000      
105      -0.460000      
106      -1.120000      
107      -0.730000      
108      -1.120000      
109      -1.120000      
110      -1.300000      
111      -1.070000      
112      -0.680000      
113      -0.070000      
114      0.160000      
115      -0.090000      
116      0.010000      
117      -0.110000      
118      -0.950000      
119      -0.710000      
120      -1.080000      
121      -1.180000      
122      -1.740000      
123      -1.430000      
124      -1.160000      
125      -0.530000      
126      -1.260000      
127      -1.060000      
128      -0.420000      
129      -0.370000      
130      0.140000      
131      -0.020000      
132      -0.320000      
133      -0.800000      
134      -0.480000      
135      -0.260000      
136      -0.470000      
137      -0.690000      
138      -0.620000      
139      -0.610000      
140      -0.640000      
141      0.040000      
142      -0.800000      
143      -0.040000      
144      -0.590000      
145      -0.040000      
146      -0.520000      
147      -0.240000      
148      -0.200000      
149      -0.310000      
150      -0.160000      
151      -0.260000      
152      -0.330000      
153      -0.550000      
154      -0.550000      
155      -0.560000      
156      -0.440000      
157      -0.710000      
158      -0.370000      
159      -0.290000      
160      -1.190000      
161      -0.320000      
162      -0.020000      
163      0.020000      
164      -0.380000      
165      -0.450000      
166      -0.370000      
167      -0.910000      
168      -1.820000      
169      -0.180000      
170      -0.140000      
171      -0.840000      
172      -0.890000      
173      -0.840000      
174      -0.670000      
175      -0.520000      
176      0.390000      
177      -0.200000      
178      -0.550000      
179      -1.040000      
180      -0.810000      
181      -0.740000      
182      -0.290000      
183      -0.840000      
184      -0.710000      
185      -0.290000      
186      -0.370000      
187      -1.040000      
188      -0.320000      
189      -0.220000      
190      -0.530000      
191      -0.430000      
192      -0.360000      
193      -0.660000      
194      -0.120000      
195      -0.340000      
196      -0.310000      
197      -0.580000      
198      -0.440000      
199      -0.530000      
200      -0.580000      
201      -0.680000      
202      -0.570000      
203      -0.440000      
204      -0.570000      
205      -0.650000      
206      -0.320000      
207      -0.420000      
208      -0.370000      
209      0.870000      
210      1.010000      
211      1.510000      
212      3.870000      
213      1.760000      
214      2.220000      
215      4.310000      
216      3.960000      
217      2.780000      
218      3.620000      
219      4.110000      
220      2.600000      
221      2.100000      
222      2.570000      
223      2.420000      
224      2.230000      
225      3.150000      
226      2.610000      
227      3.920000      
228      4.830000      
229      4.860000      
230      4.380000      
231      2.860000      
232      5.720000      
233      4.340000      
234      2.750000      
