188      0.481331      0.025772      0.142219      1.322933      -1.009148      1.005309      
189      0.481761      0.025672      0.142199      1.336263      -0.982776      0.978887      
190      0.482311      0.025472      0.142169      1.345271      -0.964467      0.960544      
191      0.482761      0.025402      0.142099      1.350812      -0.953000      0.949056      
192      0.483741      0.025302      0.141959      1.355032      -0.944153      0.940194      
193      0.484561      0.025282      0.141439      1.357666      -0.938585      0.934615      
194      0.485201      0.025292      0.140749      1.362289      -0.928713      0.924725      
195      0.485471      0.025102      0.139959      1.367870      -0.916634      0.912625      
196      0.485771      0.025072      0.139329      1.374144      -0.902827      0.898794      
197      0.485921      0.024852      0.138979      1.377866      -0.894521      0.890473      
198      0.486061      0.024502      0.138549      1.377859      -0.894536      0.890489      
199      0.486291      0.024322      0.138289      1.378046      -0.894118      0.890070      
200      0.486831      0.024032      0.137919      1.384089      -0.880431      0.876359      
201      0.487371      0.023692      0.137699      1.390514      -0.865609      0.861513      
202      0.488001      0.023372      0.137459      1.396098      -0.852486      0.848368      
203      0.488621      0.023072      0.137339      1.402043      -0.838258      0.834117      
204      0.489221      0.022622      0.136789      1.408099      -0.823481      0.819316      
205      0.489821      0.022292      0.136609      1.412949      -0.811425      0.807241      
206      0.490511      0.021952      0.136469      1.417949      -0.798785      0.794581      
207      0.490841      0.021772      0.136369      1.419370      -0.795150      0.790941      
208      0.491541      0.021372      0.136279      1.424624      -0.781554      0.777324      
209      0.492281      0.020992      0.136349      1.431196      -0.764165      0.759909      
210      0.492811      0.020492      0.136499      1.434668      -0.754799      0.750529      
211      0.493231      0.020092      0.136369      1.445908      -0.723563      0.719247      
212      0.493351      0.019752      0.136379      1.454675      -0.698135      0.693784      
213      0.493631      0.019512      0.136179      1.459314      -0.684262      0.679892      
214      0.493921      0.019342      0.135919      1.464173      -0.669399      0.665009      
215      0.494161      0.019112      0.135609      1.466682      -0.661585      0.657185      
216      0.494251      0.019002      0.135469      1.467610      -0.658668      0.654264      
217      0.494331      0.018682      0.135289      1.471302      -0.646927      0.642508      
218      0.494591      0.018412      0.135209      1.472691      -0.642448      0.638023      
219      0.494781      0.018292      0.134699      1.473368      -0.640254      0.635826      
220      0.495181      0.018062      0.134099      1.477402      -0.627010      0.622565      
221      0.495341      0.017892      0.133809      1.479759      -0.619131      0.614677      
222      0.495391      0.017702      0.133469      1.480728      -0.615860      0.611402      
223      0.495381      0.017632      0.133239      1.482277      -0.610592      0.606127      
224      0.495301      0.017462      0.133189      1.483435      -0.606623      0.602153      
225      0.495191      0.017402      0.133019      1.485459      -0.599619      0.595141      
226      0.495201      0.017382      0.132929      1.487032      -0.594115      0.589630      
227      0.495261      0.017412      0.132729      1.489325      -0.585992      0.581497      
228      0.495441      0.017502      0.132569      1.492873      -0.573184      0.568674      
229      0.495681      0.017512      0.132509      1.494838      -0.565960      0.561441      
230      0.495751      0.017402      0.132459      1.501012      -0.542604      0.538058      
231      0.496041      0.017412      0.132259      1.505548      -0.524747      0.520182      
232      0.496401      0.017352      0.132009      1.509031      -0.510592      0.506011      
233      0.496881      0.017252      0.131779      1.509715      -0.507763      0.503179      
234      0.497251      0.017122      0.131379      1.511295      -0.501163      0.496572      
235      0.497661      0.017082      0.130999      1.512997      -0.493955      0.489357      
236      0.498131      0.017002      0.130939      1.514898      -0.485773      0.481166      
237      0.498451      0.017012      0.130879      1.516687      -0.477938      0.473323      
238      0.498571      0.017002      0.130799      1.517963      -0.472273      0.467652      
239      0.498341      0.016942      0.130769      1.523475      -0.446927      0.442280      
240      0.498441      0.017022      0.130729      1.526529      -0.432223      0.427562      
241      0.498601      0.017022      0.130639      1.527245      -0.428699      0.424036      
242      0.499071      0.016892      0.130679      1.529293      -0.418455      0.413781      
243      0.499241      0.016822      0.130739      1.529538      -0.417215      0.412540      
244      0.499631      0.016692      0.130819      1.530162      -0.414033      0.409355      
245      0.500091      0.016652      0.130829      1.530636      -0.411600      0.406920      
246      0.500381      0.016652      0.130859      1.531476      -0.407247      0.402563      
247      0.500391      0.016702      0.130779      1.533254      -0.397877      0.393185      
248      0.500341      0.016702      0.130709      1.535694      -0.384640      0.379936      
249      0.500221      0.016672      0.130639      1.537518      -0.374436      0.369723      
250      0.500181      0.016552      0.130599      1.540206      -0.358854      0.354128      
251      0.499891      0.016412      0.130529      1.543690      -0.337568      0.332824      
252      0.500111      0.016232      0.130579      1.546696      -0.318045      0.313285      
253      0.500431      0.016032      0.130659      1.547544      -0.312320      0.307555      
254      0.500561      0.015882      0.130669      1.548245      -0.307501      0.302733      
255      0.500491      0.015812      0.130569      1.548778      -0.303785      0.299014      
256      0.500441      0.015802      0.130469      1.549764      -0.296783      0.292007      
257      0.500441      0.015802      0.130439      1.550782      -0.289380      0.284598      
258      0.500441      0.015752      0.130319      1.552206      -0.278689      0.273899      
259      0.500431      0.015752      0.130279      1.552607      -0.275605      0.270813      
260      0.500411      0.015672      0.130199      1.553439      -0.269091      0.264294      
261      0.500461      0.015552      0.129999      1.554429      -0.261128      0.256326      
262      0.500541      0.015272      0.129839      1.555272      -0.254150      0.249343      
263      0.500651      0.014972      0.129629      1.556356      -0.244877      0.240063      
264      0.500901      0.014622      0.129559      1.556543      -0.243239      0.238425      
265      0.501071      0.014232      0.129459      1.556684      -0.242002      0.237186      
266      0.501121      0.013882      0.129369      1.557653      -0.233306      0.228484      
267      0.501101      0.013492      0.129399      1.558296      -0.227351      0.222526      
268      0.501261      0.013042      0.129419      1.558482      -0.225596      0.220769      
269      0.501531      0.012752      0.129529      1.557884      -0.231182      0.226360      
270      0.501671      0.012682      0.129549      1.557818      -0.231794      0.226971      
271      0.501961      0.012642      0.129449      1.558326      -0.227069      0.222243      
272      0.502271      0.012672      0.129309      1.559131      -0.219366      0.214535      
273      0.502481      0.012652      0.129289      1.560096      -0.209773      0.204936      
274      0.502541      0.012722      0.129109      1.561192      -0.198312      0.193469      
275      0.502561      0.012802      0.128999      1.561740      -0.192322      0.187475      
276      0.502521      0.012972      0.128939      1.562129      -0.187963      0.183113      
277      0.502211      0.013222      0.128629      1.562925      -0.178695      0.173839      
278      0.502031      0.013342      0.128469      1.563201      -0.175369      0.170513      
279      0.501991      0.013382      0.128409      1.563301      -0.174154      0.169296      
280      0.501981      0.013432      0.128309      1.563968      -0.165786      0.160923      
281      0.502041      0.013402      0.128299      1.564364      -0.160609      0.155744      
282      0.502051      0.013402      0.128199      1.564759      -0.155291      0.150422      
283      0.502021      0.013432      0.128099      1.565157      -0.149729      0.144858      
284      0.501921      0.013422      0.127939      1.565212      -0.148944      0.144073      
285      0.501821      0.013362      0.127489      1.565395      -0.146300      0.141427      
286      0.501861      0.013312      0.127259      1.565538      -0.144206      0.139332      
287      0.501881      0.013292      0.126989      1.565885      -0.138981      0.134104      
288      0.501891      0.013272      0.126879      1.566075      -0.136046      0.131168      
289      0.501971      0.013272      0.126729      1.566637      -0.126944      0.122061      
290      0.502071      0.013232      0.126769      1.566966      -0.121318      0.116432      
291      0.502191      0.013222      0.126669      1.567510      -0.111383      0.106492      
292      0.502271      0.013282      0.126599      1.568375      -0.093480      0.088581      
293      0.502191      0.013272      0.126509      1.569169      -0.073360      0.068452      
294      0.502331      0.013212      0.126579      1.569465      -0.064324      0.059413      
295      0.502401      0.013202      0.126599      1.569551      -0.061459      0.056546      
296      0.502451      0.013072      0.126629      1.569525      -0.062346      0.057433      
297      0.502501      0.012962      0.126639      1.569618      -0.059119      0.054205      
298      0.502571      0.012832      0.126669      1.569517      -0.062589      0.057677      
299      0.502661      0.012802      0.126609      1.569562      -0.061058      0.056145      
300      0.502691      0.012742      0.126649      1.569589      -0.060155      0.055242      
301      0.502691      0.012772      0.126609      1.569652      -0.057910      0.052996      
302      0.502761      0.012812      0.126619      1.569668      -0.057329      0.052414      
303      0.502971      0.012862      0.126589      1.569786      -0.052838      0.047922      
304      0.503011      0.012852      0.126549      1.569826      -0.051236      0.046319      
305      0.503001      0.012842      0.126299      1.569927      -0.046981      0.042062      
306      0.502971      0.012842      0.125989      1.569994      -0.043879      0.038960      
307      0.503011      0.012722      0.125889      1.570056      -0.040880      0.035959      
308      0.503011      0.012622      0.125829      1.570172      -0.034551      0.029628      
309      0.503011      0.012452      0.125759      1.570254      -0.029291      0.024365      
310      0.503241      0.012202      0.125829      1.570345      -0.022137      0.017209      
311      0.503241      0.012202      0.125829      1.570401      -0.016389      0.011460      
312      0.503241      0.012202      0.125829      1.570426      -0.013162      0.008231      
313      0.503241      0.012202      0.125829      1.570438      -0.011317      0.006385      
314      0.503241      0.012202      0.125829      1.570452      -0.008835      0.003903      
315      0.503241      0.012202      0.125829      1.570471      -0.003786      -0.001148      
316      0.503241      0.012202      0.125829      1.570472      -0.003558      -0.001376      
317      0.503241      0.012202      0.125829      1.570478      0.000572      -0.005508      
318      0.503241      0.012202      0.125829      1.570478      0.002708      -0.007644      
319      0.503241      0.012202      0.125829      1.570473      0.006666      -0.011603      
320      0.503241      0.012202      0.125829      1.570473      0.006886      -0.011823      
321      0.503241      0.012202      0.125829      1.570466      0.009234      -0.014172      
322      0.503241      0.012202      0.125829      1.570445      0.013945      -0.018885      
323      0.503241      0.012202      0.125829      1.570440      0.014778      -0.019717      
324      0.503241      0.012202      0.125829      1.570422      0.017424      -0.022365      
325      0.503241      0.012202      0.125829      1.570415      0.018453      -0.023394      
326      0.503241      0.012202      0.125829      1.570390      0.021366      -0.026308      
327      0.503241      0.012202      0.125829      1.570390      0.021374      -0.026316      
328      0.503241      0.012202      0.125829      1.570382      0.022277      -0.027219      
329      0.503241      0.012202      0.125829      1.570366      0.023926      -0.028868      
330      0.503241      0.012202      0.125829      1.570373      0.023149      -0.028091      
331      0.503241      0.012202      0.125829      1.570334      0.026839      -0.031783      
332      0.503241      0.012202      0.125829      1.570316      0.028316      -0.033259      
333      0.503241      0.012202      0.125829      1.570297      0.029863      -0.034807      
334      0.503241      0.012202      0.125829      1.570255      0.032909      -0.037854      
335      0.503241      0.012202      0.125829      1.570245      0.033616      -0.038561      
336      0.503241      0.012202      0.125829      1.570209      0.035964      -0.040910      
337      0.503241      0.012202      0.125829      1.570171      0.038288      -0.043235      
338      0.503241      0.012202      0.125829      1.570128      0.040762      -0.045709      
339      0.503241      0.012202      0.125829      1.570030      0.045874      -0.050822      
340      0.503241      0.012202      0.125829      1.569781      0.056773      -0.061724      
341      0.503241      0.012202      0.125829      1.569721      0.059081      -0.064033      
342      0.503241      0.012202      0.125829      1.569394      0.070318      -0.075272      
343      0.503241      0.012202      0.125829      1.569264      0.074283      -0.079238      
344      0.503241      0.012202      0.125829      1.569160      0.077329      -0.082285      
345      0.503241      0.012202      0.125829      1.569188      0.076520      -0.081476      
346      0.503241      0.012202      0.125829      1.569157      0.077408      -0.082363      
347      0.503241      0.012202      0.125829      1.569205      0.076041      -0.080997      
348      0.503241      0.012202      0.125829      1.569235      0.075146      -0.080101      
349      0.503241      0.012202      0.125829      1.569167      0.077125      -0.082080      
350      0.503241      0.012202      0.125829      1.569224      0.075468      -0.080423      
351      0.503241      0.012202      0.125829      1.569228      0.075351      -0.080306      
352      0.503241      0.012202      0.125829      1.569175      0.076905      -0.081861      
353      0.503241      0.012202      0.125829      1.569222      0.075523      -0.080478      
354      0.503241      0.012202      0.125829      1.569267      0.074196      -0.079151      
355      0.503241      0.012202      0.125829      1.569331      0.072273      -0.077227      
356      0.503241      0.012202      0.125829      1.569370      0.071048      -0.076002      
357      0.503241      0.012202      0.125829      1.569358      0.071448      -0.076403      
358      0.503241      0.012202      0.125829      1.568930      0.083642      -0.088598      
359      0.503241      0.012202      0.125829      1.568884      0.084867      -0.089824      
360      0.503241      0.012202      0.125829      1.568762      0.087976      -0.092933      
361      0.503241      0.012202      0.125829      1.568565      0.092780      -0.097739      
362      0.503241      0.012202      0.125829      1.568299      0.098888      -0.103848      
363      0.503241      0.012202      0.125829      1.567980      0.105758      -0.110718      
364      0.503241      0.012202      0.125829      1.567746      0.110507      -0.115468      
365      0.503241      0.012202      0.125829      1.567390      0.117352      -0.122315      
366      0.503241      0.012202      0.125829      1.567071      0.123176      -0.128140      
367      0.503241      0.012202      0.125829      1.566916      0.125908      -0.130872      
368      0.503241      0.012202      0.125829      1.566884      0.126449      -0.131413      
369      0.503241      0.012202      0.125829      1.566818      0.127603      -0.132567      
370      0.503241      0.012202      0.125829      1.566473      0.133380      -0.138345      
371      0.503241      0.012202      0.125829      1.566323      0.135821      -0.140786      
372      0.503241      0.012202      0.125829      1.566098      0.139400      -0.144365      
373      0.503241      0.012202      0.125829      1.565848      0.143269      -0.148235      
374      0.503241      0.012202      0.125829      1.565892      0.142594      -0.147560      
375      0.503241      0.012202      0.125829      1.565764      0.144540      -0.149506      
376      0.503241      0.012202      0.125829      1.565783      0.144258      -0.149224      
377      0.503241      0.012202      0.125829      1.565759      0.144619      -0.149585      
378      0.503241      0.012202      0.125829      1.565752      0.144729      -0.149695      
379      0.503241      0.012202      0.125829      1.565474      0.148864      -0.153831      
380      0.503241      0.012202      0.125829      1.565433      0.149461      -0.154427      
381      0.503241      0.012202      0.125829      1.565442      0.149335      -0.154302      
382      0.503241      0.012202      0.125829      1.565207      0.152725      -0.157692      
383      0.503241      0.012202      0.125829      1.564831      0.158014      -0.162982      
384      0.503241      0.012202      0.125829      1.564637      0.160666      -0.165634      
385      0.503241      0.012202      0.125829      1.564636      0.160682      -0.165650      
386      0.503241      0.012202      0.125829      1.564431      0.163436      -0.168404      
387      0.503241      0.012202      0.125829      1.564271      0.165562      -0.170530      
388      0.503241      0.012202      0.125829      1.563961      0.169595      -0.174564      
389      0.503241      0.012202      0.125829      1.563711      0.172781      -0.177749      
390      0.503241      0.012202      0.125829      1.563396      0.176711      -0.181680      
391      0.503241      0.012202      0.125829      1.563021      0.181269      -0.186238      
392      0.503241      0.012202      0.125829      1.563079      0.180571      -0.185540      
393      0.503241      0.012202      0.125829      1.562877      0.182987      -0.187956      
394      0.503241      0.012202      0.125829      1.562266      0.190117      -0.195087      
395      0.503241      0.012202      0.125829      1.562059      0.192471      -0.197440      
396      0.503241      0.012202      0.125829      1.561956      0.193639      -0.198609      
397      0.503241      0.012202      0.125829      1.561777      0.195639      -0.200609      
398      0.503241      0.012202      0.125829      1.561471      0.199004      -0.203974      
399      0.503241      0.012202      0.125829      1.561300      0.200871      -0.205840      
400      0.503241      0.012202      0.125829      1.560030      0.214171      -0.219141      
401      0.503241      0.012202      0.125829      1.559971      0.214766      -0.219737      
402      0.503241      0.012202      0.125829      1.559487      0.219604      -0.224574      
403      0.503241      0.012202      0.125829      1.559445      0.220020      -0.224990      
404      0.503241      0.012202      0.125829      1.559084      0.223548      -0.228518      
405      0.503241      0.012202      0.125829      1.559013      0.224238      -0.229208      
406      0.503241      0.012202      0.125829      1.559011      0.224261      -0.229232      
407      0.503241      0.012202      0.125829      1.558762      0.226653      -0.231623      
408      0.503241      0.012202      0.125829      1.558657      0.227656      -0.232626      
409      0.503241      0.012202      0.125829      1.558763      0.226645      -0.231615      
410      0.503241      0.012202      0.125829      1.558769      0.226590      -0.231560      
411      0.503241      0.012202      0.125829      1.558776      0.226519      -0.231489      
412      0.503241      0.012202      0.125829      1.558870      0.225618      -0.230588      
413      0.503241      0.012202      0.125829      1.558616      0.228048      -0.233018      
414      0.503241      0.012202      0.125829      1.558712      0.227139      -0.232109      
415      0.503241      0.012202      0.125829      1.558328      0.230776      -0.235746      
416      0.503241      0.012202      0.125829      1.558449      0.229632      -0.234602      
417      0.503241      0.012202      0.125829      1.558172      0.232234      -0.237204      
418      0.503241      0.012202      0.125829      1.558122      0.232697      -0.237667      
419      0.503241      0.012202      0.125829      1.558105      0.232861      -0.237831      
420      0.503241      0.012202      0.125829      1.558050      0.233371      -0.238341      
421      0.503241      0.012202      0.125829      1.557856      0.235166      -0.240136      
422      0.503241      0.012202      0.125829      1.557739      0.236248      -0.241218      
423      0.503241      0.012202      0.125829      1.557255      0.240645      -0.245615      
424      0.503241      0.012202      0.125829      1.557610      0.237424      -0.242393      
425      0.503241      0.012202      0.125829      1.557260      0.240598      -0.245568      
426      0.503241      0.012202      0.125829      1.557053      0.242456      -0.247425      
427      0.503241      0.012202      0.125829      1.557211      0.241037      -0.246007      
428      0.503241      0.012202      0.125829      1.557116      0.241891      -0.246861      
429      0.503241      0.012202      0.125829      1.556700      0.245591      -0.250560      
430      0.503241      0.012202      0.125829      1.556455      0.247746      -0.252715      
431      0.503241      0.012202      0.125829      1.555464      0.256264      -0.261233      
432      0.503241      0.012202      0.125829      1.555283      0.257784      -0.262753      
433      0.503241      0.012202      0.125829      1.555721      0.254078      -0.259047      
434      0.503241      0.012202      0.125829      1.556159      0.250316      -0.255286      
435      0.503241      0.012202      0.125829      1.556286      0.249219      -0.254189      
436      0.503241      0.012202      0.125829      1.555467      0.256233      -0.261202      
437      0.503241      0.012202      0.125829      1.555223      0.258294      -0.263262      
438      0.503241      0.012202      0.125829      1.555131      0.259061      -0.264030      
439      0.503241      0.012202      0.125829      1.555292      0.257714      -0.262683      
440      0.503241      0.012202      0.125829      1.555300      0.257643      -0.262612      
441      0.503241      0.012202      0.125829      1.556807      0.244650      -0.249620      
442      0.503241      0.012202      0.125829      1.557679      0.236796      -0.241766      
443      0.503241      0.012202      0.125829      1.559531      0.219165      -0.224135      
444      0.503241      0.012202      0.125829      1.562331      0.189380      -0.194350      
445      0.503241      0.012202      0.125829      1.563460      0.175911      -0.180880      
446      0.503241      0.012202      0.125829      1.564627      0.160808      -0.165775      
447      0.503241      0.012202      0.125829      1.565611      0.146832      -0.151798      
448      0.503241      0.012202      0.125829      1.566897      0.126230      -0.131194      
449      0.503241      0.012202      0.125829      1.568099      0.103253      -0.108214      
450      0.503241      0.012202      0.125829      1.568459      0.095253      -0.100212      
451      0.503241      0.012202      0.125829      1.569157      0.077423      -0.082379      
452      0.503241      0.012202      0.125829      1.569366      0.071173      -0.076128      
453      0.503241      0.012202      0.125829      1.569397      0.070216      -0.075170      
454      0.503241      0.012202      0.125829      1.569562      0.064774      -0.069727      
455      0.503241      0.012202      0.125829      1.569836      0.054559      -0.059509      
456      0.503241      0.012202      0.125829      1.570131      0.040621      -0.045568      
457      0.503241      0.012202      0.125829      1.570397      0.020589      -0.025530      
458      0.503241      0.012202      0.125829      1.570350      -0.021705      0.016777      
459      0.503241      0.012202      0.125829      1.569931      -0.046769      0.041850      
460      0.503241      0.012202      0.125829      1.568892      -0.080928      0.076023      
461      0.503241      0.012202      0.125829      1.567420      -0.113086      0.108196      
462      0.503241      0.012202      0.125829      1.566559      -0.128255      0.123372      
463      0.503241      0.012202      0.125829      1.564177      -0.163072      0.158208      
464      0.503241      0.012202      0.125829      1.559430      -0.216442      0.211610      
465      0.503241      0.012202      0.125829      1.556226      -0.246012      0.241200      
466      0.502641      0.012332      0.126369      1.552431      -0.276967      0.272176      
467      0.501881      0.012292      0.126989      1.547948      -0.309551      0.304784      
468      0.501181      0.012252      0.127459      1.546506      -0.319320      0.314561      
469      0.500101      0.012082      0.127679      1.544059      -0.335239      0.330492      
470      0.499631      0.011952      0.127849      1.542737      -0.343524      0.338784      
471      0.498491      0.011862      0.128269      1.541934      -0.348463      0.343727      
472      0.496971      0.011782      0.128299      1.540165      -0.359097      0.354370      
473      0.495171      0.011632      0.128639      1.538520      -0.368704      0.363986      
474      0.492171      0.011342      0.129579      1.534503      -0.391158      0.386459      
475      0.490211      0.011152      0.129969      1.531086      -0.409275      0.404593      
476      0.488221      0.010912      0.130279      1.527899      -0.425456      0.420789      
477      0.486881      0.010772      0.130399      1.523596      -0.446350      0.441703      
478      0.485491      0.010352      0.130799      1.520283      -0.461779      0.457147      
479      0.484781      0.010232      0.130879      1.519081      -0.467244      0.462618      
480      0.483671      0.009882      0.130709      1.514484      -0.487570      0.482964      
481      0.482601      0.009292      0.130769      1.507041      -0.518727      0.514155      
482      0.481101      0.008632      0.130779      1.495384      -0.563936      0.559415      
483      0.480201      0.008122      0.130689      1.489551      -0.585186      0.580690      
484      0.479081      0.007562      0.130499      1.483804      -0.605354      0.600883      
485      0.478041      0.007022      0.130249      1.475457      -0.633432      0.628996      
486      0.476871      0.006542      0.130099      1.471323      -0.646857      0.642438      
487      0.476341      0.006252      0.130019      1.469655      -0.652192      0.647780      
488      0.475481      0.005662      0.129919      1.462042      -0.675961      0.671580      
489      0.474601      0.005192      0.129879      1.456712      -0.692082      0.687723      
490      0.473651      0.004732      0.129939      1.451659      -0.706995      0.702656      
491      0.472441      0.004232      0.130069      1.446183      -0.722778      0.718462      
492      0.470331      0.003582      0.130369      1.438841      -0.743370      0.739083      
493      0.468771      0.003032      0.130929      1.431216      -0.764111      0.759855      
494      0.467391      0.002632      0.131209      1.427124      -0.774988      0.770748      
495      0.466121      0.002202      0.131379      1.420758      -0.791584      0.787369      
496      0.465471      0.001982      0.131449      1.417490      -0.799955      0.795753      
497      0.464311      0.001592      0.131629      1.411920      -0.814001      0.809821      
498      0.463131      0.001222      0.131789      1.405323      -0.830292      0.826138      
499      0.461961      0.000912      0.132099      1.398082      -0.847768      0.843642      
500      0.460121      0.000412      0.132809      1.383683      -0.881358      0.877289      
501      0.458921      0.000172      0.132979      1.375554      -0.899692      0.895654      
502      0.457771      -0.000018      0.133209      1.369565      -0.912926      0.908910      
503      0.456551      -0.000148      0.133169      1.360746      -0.932022      0.928041      
504      0.455851      -0.000178      0.133199      1.356487      -0.941082      0.937117      
505      0.454311      -0.000238      0.133299      1.347536      -0.959800      0.955869      
506      0.452721      -0.000258      0.133469      1.338496      -0.978275      0.974378      
507      0.451291      -0.000188      0.133559      1.332168      -0.990966      0.987093      
508      0.449461      -0.000208      0.133789      1.325604      -1.003928      1.000080      
509      0.448391      -0.000208      0.134119      1.322859      -1.009291      1.005452      
