123      0.440291      0.031582      0.136929      1.321204      -1.012508      1.008676      
124      0.440741      0.031822      0.136839      1.324313      -1.006456      1.002612      
125      0.441091      0.032152      0.136589      1.330530      -0.994220      0.990353      
126      0.441491      0.032412      0.136399      1.332807      -0.989693      0.985818      
127      0.442181      0.032722      0.136199      1.336870      -0.981555      0.977664      
128      0.442701      0.032992      0.136139      1.340109      -0.975010      0.971106      
129      0.444051      0.033422      0.136279      1.343928      -0.967222      0.963305      
130      0.444721      0.033642      0.136549      1.347393      -0.960094      0.956164      
131      0.445511      0.033912      0.136879      1.349410      -0.955917      0.951978      
132      0.446351      0.034222      0.137069      1.351355      -0.951866      0.947920      
133      0.446971      0.034622      0.137249      1.351829      -0.950876      0.946928      
134      0.447741      0.035062      0.137099      1.352220      -0.950059      0.946110      
135      0.448271      0.035442      0.136959      1.353781      -0.946785      0.942830      
136      0.448831      0.035892      0.136879      1.353623      -0.947118      0.943164      
137      0.449731      0.036412      0.136889      1.354889      -0.944456      0.940497      
138      0.450421      0.036732      0.137179      1.356000      -0.942111      0.938148      
139      0.451081      0.037002      0.137529      1.355660      -0.942830      0.938867      
140      0.451971      0.037302      0.137929      1.357077      -0.939834      0.935866      
141      0.452571      0.037542      0.138319      1.356873      -0.940265      0.936298      
142      0.453101      0.037762      0.138619      1.358382      -0.937064      0.933091      
143      0.453771      0.038152      0.138989      1.360887      -0.931719      0.927737      
144      0.454251      0.038492      0.138989      1.361852      -0.929652      0.925666      
145      0.454541      0.038762      0.138869      1.364487      -0.923978      0.919982      
146      0.454751      0.038982      0.138639      1.365502      -0.921781      0.917781      
147      0.455121      0.039262      0.138189      1.366787      -0.918992      0.914987      
148      0.455451      0.039452      0.137839      1.368557      -0.915133      0.911121      
149      0.456251      0.039662      0.137399      1.369032      -0.914094      0.910080      
150      0.456891      0.039822      0.137119      1.370813      -0.910188      0.906167      
151      0.457361      0.039882      0.136959      1.372973      -0.905423      0.901394      
152      0.458011      0.040012      0.136809      1.374106      -0.902911      0.898878      
153      0.458481      0.040152      0.136749      1.375594      -0.899601      0.895562      
154      0.459041      0.040232      0.136879      1.377202      -0.896009      0.891964      
155      0.459521      0.040302      0.137179      1.377853      -0.894551      0.890504      
156      0.460081      0.040422      0.137579      1.379555      -0.890722      0.886668      
157      0.460591      0.040512      0.137969      1.380954      -0.887561      0.883502      
158      0.461361      0.040642      0.138369      1.383400      -0.882005      0.877936      
159      0.461761      0.040672      0.138669      1.385232      -0.877815      0.873739      
160      0.462201      0.040692      0.138919      1.385527      -0.877138      0.873061      
161      0.462741      0.040712      0.139129      1.388416      -0.870481      0.866393      
162      0.462981      0.040742      0.139269      1.388968      -0.869202      0.865112      
163      0.463461      0.040772      0.139369      1.390170      -0.866409      0.862314      
164      0.463831      0.040792      0.139429      1.393170      -0.859396      0.855289      
165      0.464141      0.040832      0.139439      1.394025      -0.857385      0.853275      
166      0.464561      0.040832      0.139389      1.396005      -0.852707      0.848589      
167      0.464771      0.040832      0.139269      1.397321      -0.849582      0.845459      
168      0.465101      0.040882      0.139159      1.398223      -0.847432      0.843306      
169      0.465451      0.040962      0.139119      1.399867      -0.843498      0.839365      
170      0.465961      0.041032      0.139089      1.401487      -0.839601      0.835462      
171      0.466381      0.041122      0.139019      1.401990      -0.838388      0.834247      
172      0.466681      0.041242      0.138899      1.402876      -0.836244      0.832100      
173      0.467031      0.041382      0.138789      1.403581      -0.834535      0.830388      
174      0.467391      0.041512      0.138689      1.403860      -0.833856      0.829708      
175      0.467751      0.041612      0.138639      1.404481      -0.832345      0.828194      
176      0.468261      0.041822      0.138609      1.405476      -0.829918      0.825763      
177      0.468491      0.041872      0.138679      1.406446      -0.827543      0.823385      
178      0.468801      0.041962      0.138779      1.406670      -0.826994      0.822834      
179      0.468931      0.042012      0.138759      1.407124      -0.825879      0.821718      
180      0.468921      0.042122      0.138759      1.406711      -0.826894      0.822735      
181      0.468901      0.042222      0.138729      1.407118      -0.825894      0.821733      
182      0.468771      0.042352      0.138679      1.407559      -0.824810      0.820647      
183      0.468671      0.042432      0.138539      1.406642      -0.827062      0.822903      
184      0.468551      0.042522      0.138379      1.405360      -0.830200      0.826046      
185      0.468511      0.042522      0.138329      1.405038      -0.830986      0.826833      
186      0.468501      0.042552      0.138379      1.404089      -0.833299      0.829150      
187      0.468461      0.042542      0.138339      1.404259      -0.832887      0.828737      
188      0.468401      0.042532      0.138319      1.403995      -0.833528      0.829379      
189      0.468401      0.042532      0.138339      1.403568      -0.834565      0.830418      
190      0.468301      0.042592      0.138359      1.404284      -0.832825      0.828676      
191      0.468191      0.042602      0.138429      1.402378      -0.837450      0.833307      
192      0.468271      0.042702      0.138429      1.398060      -0.847821      0.843696      
193      0.468331      0.042852      0.138499      1.395928      -0.852890      0.848772      
194      0.468331      0.042852      0.138499      1.405779      -0.829177      0.825021      
195      0.468331      0.042852      0.138499      1.407556      -0.824818      0.820655      
196      0.468331      0.042852      0.138499      1.401225      -0.840234      0.836096      
197      0.468331      0.042852      0.138499      1.398788      -0.846083      0.841955      
198      0.468331      0.042852      0.138499      1.401256      -0.840158      0.836020      
199      0.468331      0.042852      0.138499      1.402368      -0.837472      0.833330      
200      0.468331      0.042852      0.138499      1.401133      -0.840455      0.836318      
201      0.468331      0.042852      0.138499      1.403335      -0.835130      0.830984      
202      0.468331      0.042852      0.138499      1.401914      -0.838571      0.834430      
203      0.468331      0.042852      0.138499      1.399997      -0.843185      0.839052      
204      0.468331      0.042852      0.138499      1.398887      -0.845847      0.841718      
205      0.468331      0.042852      0.138499      1.398175      -0.847547      0.843421      
206      0.468331      0.042852      0.138499      1.398382      -0.847051      0.842924      
207      0.468331      0.042852      0.138499      1.396622      -0.851243      0.847124      
208      0.468331      0.042852      0.138499      1.401560      -0.839425      0.835286      
209      0.468331      0.042852      0.138499      1.403518      -0.834688      0.830541      
210      0.468331      0.042852      0.138499      1.403606      -0.834474      0.830327      
211      0.468331      0.042852      0.138499      1.405966      -0.828719      0.824563      
212      0.468331      0.042852      0.138499      1.409147      -0.820892      0.816723      
213      0.468331      0.042852      0.138499      1.410241      -0.818180      0.814007      
214      0.468331      0.042852      0.138499      1.412174      -0.813366      0.809185      
215      0.468331      0.042852      0.138499      1.411197      -0.815804      0.811627      
216      0.468331      0.042852      0.138499      1.411258      -0.815651      0.811474      
217      0.468331      0.042852      0.138499      1.411984      -0.813840      0.809660      
218      0.468331      0.042852      0.138499      1.410023      -0.818723      0.814550      
219      0.468331      0.042852      0.138499      1.408634      -0.822160      0.817993      
220      0.468331      0.042852      0.138499      1.407264      -0.825535      0.821374      
221      0.468331      0.042852      0.138499      1.402684      -0.836709      0.832566      
222      0.468331      0.042852      0.138499      1.401269      -0.840127      0.835989      
223      0.468331      0.042852      0.138499      1.392706      -0.860485      0.856380      
224      0.468331      0.042852      0.138499      1.395519      -0.853857      0.849742      
225      0.468331      0.042852      0.138499      1.397324      -0.849574      0.845452      
226      0.468331      0.042852      0.138499      1.400585      -0.841775      0.837639      
227      0.468331      0.042852      0.138499      1.412943      -0.811440      0.807256      
228      0.468331      0.042852      0.138499      1.418542      -0.797270      0.793064      
229      0.468331      0.042852      0.138499      1.424805      -0.781079      0.776848      
230      0.469321      0.043132      0.138519      1.430442      -0.766181      0.761928      
231      0.470741      0.043542      0.138459      1.433683      -0.757469      0.753203      
232      0.471681      0.043812      0.138469      1.436537      -0.749703      0.745426      
233      0.472951      0.044152      0.138349      1.438866      -0.743301      0.739014      
234      0.474081      0.044472      0.138259      1.439751      -0.740851      0.736561      
235      0.475271      0.044732      0.138319      1.441636      -0.735605      0.731307      
236      0.476601      0.045012      0.138359      1.440172      -0.739684      0.735392      
237      0.478041      0.045282      0.138389      1.441919      -0.734814      0.730515      
238      0.479421      0.045422      0.138359      1.441996      -0.734599      0.730299      
239      0.481011      0.045762      0.138229      1.441771      -0.735229      0.730930      
240      0.481971      0.045932      0.138269      1.443919      -0.729197      0.724890      
241      0.483381      0.046132      0.138159      1.444428      -0.727760      0.723451      
242      0.484501      0.046372      0.137899      1.445207      -0.725554      0.721241      
243      0.485671      0.046692      0.137569      1.448156      -0.717134      0.712810      
244      0.486631      0.046962      0.137199      1.449616      -0.712927      0.708597      
245      0.487601      0.047192      0.136789      1.452159      -0.705532      0.701192      
246      0.488631      0.047492      0.136329      1.454242      -0.699413      0.695064      
247      0.489851      0.047832      0.135549      1.457451      -0.689871      0.685509      
248      0.490851      0.048102      0.134989      1.459307      -0.684285      0.679915      
249      0.491661      0.048312      0.134449      1.461339      -0.678112      0.673734      
250      0.492441      0.048532      0.133789      1.464318      -0.668952      0.664561      
251      0.493201      0.048762      0.133289      1.465569      -0.665064      0.660669      
252      0.494061      0.049052      0.132609      1.470391      -0.649845      0.645430      
253      0.494811      0.049312      0.132129      1.472687      -0.642463      0.638038      
254      0.495451      0.049542      0.131759      1.476326      -0.630573      0.626133      
255      0.495671      0.049692      0.131589      1.480927      -0.615187      0.610728      
256      0.496101      0.049972      0.131309      1.484621      -0.602530      0.598055      
257      0.496241      0.050092      0.131059      1.489034      -0.587030      0.582536      
258      0.496261      0.050262      0.130939      1.492108      -0.575974      0.571467      
259      0.496611      0.050572      0.130509      1.495468      -0.563626      0.559105      
260      0.496701      0.050812      0.130229      1.498665      -0.551605      0.547070      
261      0.496921      0.050902      0.129889      1.500636      -0.544055      0.539511      
262      0.497071      0.051032      0.129549      1.503760      -0.531860      0.527303      
263      0.497231      0.051252      0.129099      1.506301      -0.521718      0.517149      
264      0.497621      0.051462      0.128399      1.508244      -0.513824      0.509247      
265      0.497881      0.051652      0.128099      1.509913      -0.506939      0.502354      
266      0.498161      0.051772      0.127829      1.510010      -0.506535      0.501949      
267      0.498411      0.051902      0.127539      1.510657      -0.503837      0.499249      
268      0.498691      0.052072      0.127359      1.511184      -0.501629      0.497039      
269      0.499141      0.052232      0.127229      1.511502      -0.500292      0.495700      
270      0.499311      0.052352      0.127199      1.512826      -0.494686      0.490088      
271      0.499631      0.052422      0.127139      1.513517      -0.491731      0.487130      
272      0.499841      0.052502      0.127069      1.515050      -0.485112      0.480504      
273      0.500021      0.052622      0.127059      1.515320      -0.483937      0.479328      
274      0.500421      0.052692      0.127009      1.516389      -0.479253      0.474639      
275      0.500541      0.052722      0.126959      1.518204      -0.471191      0.466569      
276      0.500861      0.052832      0.126709      1.519126      -0.467042      0.462416      
277      0.500921      0.052852      0.126679      1.521192      -0.457597      0.452962      
278      0.501041      0.052852      0.126659      1.522708      -0.450541      0.445898      
279      0.501091      0.052882      0.126639      1.523287      -0.447815      0.443169      
280      0.501101      0.052892      0.126609      1.524886      -0.440195      0.435542      
281      0.501191      0.052862      0.126309      1.527839      -0.425753      0.421086      
282      0.501181      0.052862      0.126239      1.529634      -0.416724      0.412048      
283      0.501111      0.052842      0.126249      1.530938      -0.410040      0.405358      
284      0.501081      0.052832      0.126209      1.531404      -0.407622      0.402938      
285      0.501021      0.052882      0.126159      1.533329      -0.397479      0.392786      
286      0.501051      0.052912      0.126099      1.534153      -0.393054      0.388358      
287      0.501181      0.053012      0.126119      1.535408      -0.386217      0.381514      
288      0.501261      0.053102      0.126159      1.536096      -0.382416      0.377709      
289      0.501441      0.053322      0.126069      1.536120      -0.382283      0.377576      
290      0.501441      0.053472      0.126109      1.536685      -0.379129      0.374419      
291      0.501551      0.053622      0.126199      1.536490      -0.380222      0.375513      
292      0.501921      0.054002      0.126299      1.536021      -0.382829      0.378123      
293      0.502291      0.054242      0.126529      1.536529      -0.380003      0.375295      
294      0.502791      0.054462      0.126719      1.535690      -0.384664      0.379959      
295      0.503391      0.054652      0.126749      1.535486      -0.385788      0.381085      
296      0.504141      0.054882      0.126969      1.536388      -0.380792      0.376084      
297      0.504891      0.055102      0.127219      1.536649      -0.379332      0.374623      
298      0.505431      0.055312      0.127209      1.536646      -0.379347      0.374638      
299      0.505931      0.055552      0.126849      1.537690      -0.373460      0.368746      
300      0.506181      0.055762      0.126549      1.538691      -0.367720      0.363001      
301      0.506631      0.056172      0.125909      1.539605      -0.362393      0.357669      
302      0.506991      0.056352      0.125539      1.540524      -0.356964      0.352236      
303      0.507541      0.056532      0.125119      1.541625      -0.350346      0.345612      
304      0.507991      0.056702      0.124709      1.542970      -0.342078      0.337337      
305      0.508241      0.056812      0.124419      1.544260      -0.333957      0.329209      
306      0.508531      0.056862      0.123959      1.544917      -0.329743      0.324992      
307      0.508781      0.056922      0.123559      1.546022      -0.322526      0.317769      
308      0.509001      0.057082      0.122929      1.548793      -0.303676      0.298905      
309      0.509211      0.057102      0.122639      1.549222      -0.300648      0.295875      
310      0.509241      0.057082      0.122519      1.550158      -0.293943      0.289164      
311      0.509241      0.057042      0.122369      1.552043      -0.279934      0.275145      
312      0.509321      0.057072      0.122119      1.553085      -0.271886      0.267091      
313      0.509311      0.057062      0.122069      1.553973      -0.264824      0.260024      
314      0.509371      0.056992      0.121999      1.554638      -0.259413      0.254609      
315      0.509401      0.056972      0.121979      1.555678      -0.250720      0.245910      
316      0.509471      0.056942      0.121929      1.556196      -0.246271      0.241458      
317      0.509631      0.056912      0.121779      1.556115      -0.246968      0.242156      
318      0.509571      0.056902      0.121679      1.557207      -0.237348      0.232530      
319      0.509661      0.056892      0.121349      1.557858      -0.231425      0.226603      
320      0.509721      0.056912      0.121059      1.558136      -0.228847      0.224023      
321      0.509701      0.056922      0.120819      1.559105      -0.219624      0.214794      
322      0.509781      0.056922      0.120599      1.560026      -0.210486      0.205650      
323      0.509791      0.056952      0.120529      1.560370      -0.206966      0.202128      
324      0.509791      0.056942      0.120499      1.561074      -0.199574      0.194732      
325      0.509841      0.056992      0.120329      1.561101      -0.199284      0.194441      
326      0.509821      0.057042      0.120159      1.561533      -0.194604      0.189758      
327      0.509801      0.057142      0.119899      1.561877      -0.190794      0.185946      
328      0.509801      0.057252      0.119749      1.562555      -0.183062      0.178210      
329      0.509661      0.057412      0.119489      1.562603      -0.182506      0.177653      
330      0.509661      0.057502      0.119309      1.563602      -0.170429      0.165569      
331      0.509591      0.057642      0.119109      1.564180      -0.163040      0.158176      
332      0.509491      0.057772      0.118839      1.564243      -0.162217      0.157352      
333      0.509271      0.057862      0.118739      1.565303      -0.147626      0.142754      
334      0.509231      0.057902      0.118629      1.565424      -0.145869      0.140996      
335      0.509171      0.057982      0.118469      1.565609      -0.143147      0.138272      
336      0.509121      0.058062      0.118419      1.566683      -0.126175      0.121292      
337      0.509121      0.058112      0.118369      1.566685      -0.126144      0.121260      
338      0.509051      0.058182      0.118369      1.567203      -0.117096      0.112208      
339      0.509031      0.058242      0.118279      1.567289      -0.115511      0.110622      
340      0.509021      0.058322      0.118229      1.567231      -0.116570      0.111682      
341      0.508991      0.058372      0.118269      1.567596      -0.109719      0.104827      
342      0.509031      0.058412      0.118139      1.567615      -0.109366      0.104474      
343      0.509111      0.058492      0.118049      1.567714      -0.107427      0.102534      
344      0.509131      0.058532      0.118059      1.567834      -0.105018      0.100124      
345      0.509131      0.058672      0.117909      1.567503      -0.111516      0.106625      
346      0.509101      0.058732      0.117719      1.567602      -0.109609      0.104717      
347      0.509101      0.058822      0.117449      1.567571      -0.110213      0.105322      
348      0.509061      0.058842      0.117369      1.567822      -0.105269      0.100375      
349      0.508951      0.058852      0.117269      1.567819      -0.105332      0.100438      
350      0.508841      0.058832      0.117159      1.568180      -0.097789      0.092892      
351      0.508761      0.058822      0.117119      1.568249      -0.096274      0.091376      
352      0.508681      0.058812      0.117009      1.568386      -0.093213      0.088314      
353      0.508471      0.058772      0.116849      1.568874      -0.081407      0.076502      
354      0.508341      0.058762      0.116719      1.569003      -0.077976      0.073070      
355      0.508031      0.058792      0.116579      1.569489      -0.063516      0.058604      
356      0.507911      0.058802      0.116499      1.569644      -0.058185      0.053271      
357      0.507681      0.058752      0.116469      1.569935      -0.046620      0.041701      
358      0.507451      0.058682      0.116449      1.570147      -0.035981      0.031058      
359      0.507391      0.058642      0.116379      1.570265      -0.028521      0.023596      
360      0.507241      0.058592      0.116349      1.570310      -0.025137      0.020210      
361      0.507121      0.058572      0.116269      1.570309      -0.025192      0.020265      
362      0.507091      0.058562      0.116279      1.570297      -0.026142      0.021215      
363      0.507021      0.058542      0.116209      1.570264      -0.028607      0.023682      
364      0.506971      0.058532      0.116159      1.570270      -0.028176      0.023250      
365      0.506951      0.058522      0.116109      1.570245      -0.029879      0.024954      
366      0.506951      0.058562      0.116109      1.570258      -0.028976      0.024051      
367      0.506961      0.058562      0.116159      1.570316      -0.024611      0.019684      
368      0.506981      0.058572      0.116169      1.570316      -0.024650      0.019723      
369      0.506941      0.058522      0.116209      1.570321      -0.024249      0.019322      
370      0.506941      0.058482      0.116179      1.570277      -0.027657      0.022731      
371      0.506911      0.058462      0.116149      1.570298      -0.026103      0.021176      
372      0.506891      0.058432      0.116139      1.570300      -0.025930      0.021003      
373      0.506891      0.058422      0.116109      1.570315      -0.024728      0.019802      
374      0.506881      0.058322      0.116099      1.570344      -0.022208      0.017280      
375      0.506821      0.058292      0.115939      1.570305      -0.025490      0.020564      
376      0.506771      0.058262      0.115899      1.570347      -0.021957      0.017029      
377      0.506781      0.058172      0.115909      1.570349      -0.021815      0.016887      
378      0.506751      0.058092      0.115849      1.570315      -0.024681      0.019754      
379      0.506661      0.057862      0.115769      1.570365      -0.020292      0.015363      
380      0.506681      0.057762      0.115709      1.570332      -0.023268      0.018341      
381      0.506581      0.057732      0.115579      1.570342      -0.022436      0.017508      
382      0.506471      0.057692      0.115419      1.570346      -0.022035      0.017107      
383      0.506421      0.057612      0.115299      1.570367      -0.020103      0.015175      
384      0.506361      0.057492      0.115279      1.570396      -0.017010      0.012080      
385      0.506391      0.057242      0.115239      1.570423      -0.013625      0.008695      
386      0.506321      0.057152      0.115139      1.570428      -0.012848      0.007917      
387      0.506241      0.057022      0.114969      1.570455      -0.008144      0.003212      
388      0.506241      0.056862      0.114889      1.570470      -0.004320      -0.000614      
389      0.506151      0.056732      0.114789      1.570472      -0.003527      -0.001407      
390      0.505991      0.056602      0.114649      1.570477      -0.000786      -0.004149      
391      0.505841      0.056452      0.114489      1.570474      0.006438      -0.011375      
392      0.505811      0.056412      0.114429      1.570475      0.005755      -0.010692      
393      0.505721      0.056362      0.114369      1.570459      0.010906      -0.015845      
394      0.505671      0.056372      0.114249      1.570439      0.014950      -0.019890      
395      0.505611      0.056352      0.114169      1.570428      0.016647      -0.021587      
396      0.505471      0.056302      0.114059      1.570381      0.022355      -0.027297      
397      0.505341      0.056252      0.113949      1.570330      0.027208      -0.032152      
398      0.505341      0.056142      0.113989      1.570301      0.029509      -0.034453      
399      0.505251      0.056032      0.114079      1.570275      0.031480      -0.036425      
400      0.505271      0.055902      0.114019      1.570251      0.033192      -0.038137      
401      0.505301      0.055822      0.114049      1.570271      0.031786      -0.036731      
402      0.505281      0.055772      0.114019      1.570267      0.032053      -0.036998      
403      0.505231      0.055702      0.113909      1.570289      0.030483      -0.035427      
404      0.505171      0.055682      0.113899      1.570269      0.031920      -0.036865      
405      0.505131      0.055652      0.113869      1.570264      0.032313      -0.037257      
406      0.505101      0.055642      0.113839      1.570260      0.032580      -0.037524      
407      0.505091      0.055592      0.113819      1.570225      0.034967      -0.039912      
408      0.505081      0.055572      0.113839      1.570203      0.036341      -0.041287      
409      0.505081      0.055482      0.113789      1.570248      0.033381      -0.038326      
410      0.505081      0.055412      0.113779      1.570137      0.040267      -0.045214      
411      0.505111      0.055322      0.113779      1.570156      0.039207      -0.044154      
412      0.505081      0.055312      0.113759      1.570092      0.042694      -0.047641      
413      0.504991      0.055302      0.113679      1.570004      0.047122      -0.052071      
414      0.505011      0.055272      0.113629      1.569970      0.048724      -0.053673      
415      0.505031      0.055252      0.113639      1.569892      0.052203      -0.057153      
416      0.505011      0.055142      0.113499      1.569775      0.056985      -0.061936      
417      0.505041      0.055042      0.113499      1.569731      0.058681      -0.063632      
418      0.505081      0.055002      0.113559      1.569654      0.061539      -0.066491      
419      0.505131      0.054972      0.113579      1.569625      0.062599      -0.067551      
420      0.505131      0.054952      0.113609      1.569528      0.065936      -0.070889      
421      0.505141      0.054892      0.113639      1.569349      0.071700      -0.076654      
422      0.505181      0.054852      0.113639      1.569355      0.071535      -0.076489      
423      0.505191      0.054782      0.113659      1.569276      0.073945      -0.078900      
424      0.505231      0.054722      0.113589      1.569064      0.080038      -0.084994      
425      0.505251      0.054662      0.113589      1.569014      0.081404      -0.086360      
426      0.505281      0.054552      0.113589      1.568864      0.085385      -0.090342      
427      0.505341      0.054482      0.113549      1.568728      0.088824      -0.093781      
428      0.505421      0.054442      0.113479      1.568688      0.089821      -0.094779      
429      0.505411      0.054382      0.113509      1.568685      0.089876      -0.094834      
430      0.505441      0.054312      0.113489      1.568631      0.091187      -0.096145      
431      0.505521      0.054232      0.113519      1.568646      0.090833      -0.095792      
432      0.505501      0.054192      0.113519      1.568638      0.091038      -0.095996      
433      0.505561      0.054122      0.113569      1.568543      0.093299      -0.098257      
434      0.505581      0.054092      0.113639      1.568369      0.097318      -0.102278      
435      0.505581      0.054092      0.113639      1.568357      0.097585      -0.102545      
436      0.505581      0.054092      0.113659      1.568238      0.100239      -0.105199      
437      0.505571      0.054092      0.113679      1.568031      0.104674      -0.109635      
438      0.505551      0.054082      0.113599      1.567886      0.107689      -0.112650      
439      0.505551      0.054052      0.113589      1.567758      0.110256      -0.115217      
440      0.505541      0.053962      0.113729      1.567515      0.115005      -0.119967      
441      0.505511      0.053952      0.113669      1.567366      0.117815      -0.122778      
442      0.505471      0.053962      0.113679      1.567150      0.121756      -0.126719      
443      0.505481      0.053962      0.113709      1.566991      0.124581      -0.129545      
444      0.505481      0.053982      0.113759      1.566970      0.124950      -0.129914      
445      0.505501      0.054022      0.113899      1.566703      0.129550      -0.134514      
446      0.505611      0.054082      0.113989      1.566568      0.131818      -0.136783      
447      0.505621      0.054172      0.114109      1.566365      0.135138      -0.140103      
448      0.505631      0.054232      0.114149      1.566208      0.137657      -0.142623      
449      0.505681      0.054222      0.114169      1.566270      0.136669      -0.141634      
450      0.505671      0.054252      0.114199      1.566043      0.140263      -0.145229      
451      0.505661      0.054272      0.114189      1.566070      0.139831      -0.144797      
452      0.505891      0.054202      0.114319      1.565565      0.147515      -0.152481      
453      0.506111      0.054182      0.114559      1.565176      0.153165      -0.158132      
454      0.506271      0.054172      0.114709      1.565147      0.153588      -0.158555      
455      0.506301      0.054202      0.114799      1.564980      0.155943      -0.160910      
456      0.506271      0.054242      0.114839      1.564868      0.157496      -0.162464      
457      0.506371      0.054302      0.114879      1.564802      0.158414      -0.163382      
458      0.506481      0.054342      0.115019      1.564597      0.161216      -0.166183      
459      0.506621      0.054392      0.115079      1.564429      0.163467      -0.168435      
460      0.506711      0.054442      0.115159      1.564201      0.166480      -0.171449      
461      0.506741      0.054482      0.115309      1.563790      0.171776      -0.176745      
462      0.506821      0.054522      0.115329      1.563507      0.175338      -0.180307      
463      0.506961      0.054552      0.115519      1.563083      0.180524      -0.185493      
464      0.507011      0.054562      0.115659      1.562819      0.183685      -0.188654      
465      0.507201      0.054672      0.115709      1.562463      0.187850      -0.192820      
466      0.507271      0.054692      0.115819      1.561874      0.194557      -0.199527      
467      0.507361      0.054722      0.115829      1.561372      0.200086      -0.205056      
468      0.507511      0.054742      0.115929      1.561099      0.203027      -0.207997      
469      0.507591      0.054682      0.116069      1.560563      0.208689      -0.213659      
470      0.507641      0.054662      0.115959      1.560429      0.210085      -0.215055      
471      0.507671      0.054672      0.115929      1.560491      0.209442      -0.214412      
472      0.507761      0.054622      0.115909      1.560234      0.212085      -0.217055      
473      0.507921      0.054572      0.115839      1.560096      0.213496      -0.218466      
474      0.508031      0.054492      0.115949      1.559756      0.216931      -0.221901      
475      0.508161      0.054412      0.116039      1.559702      0.217472      -0.222442      
476      0.508201      0.054412      0.116059      1.559726      0.217229      -0.222199      
477      0.508271      0.054422      0.116079      1.559736      0.217127      -0.222097      
478      0.508341      0.054412      0.116149      1.559403      0.220435      -0.225405      
479      0.508571      0.054362      0.116299      1.559239      0.222043      -0.227013      
480      0.508701      0.054312      0.116399      1.559192      0.222505      -0.227475      
481      0.508751      0.054302      0.116399      1.559129      0.223117      -0.228087      
482      0.508851      0.054322      0.116419      1.558904      0.225296      -0.230266      
483      0.509021      0.054282      0.116559      1.559176      0.222654      -0.227624      
484      0.509021      0.054282      0.116559      1.559065      0.223736      -0.228706      
485      0.509121      0.054202      0.116619      1.558558      0.228605      -0.233575      
486      0.509321      0.054162      0.116789      1.558633      0.227883      -0.232853      
487      0.509371      0.054142      0.116809      1.558602      0.228181      -0.233151      
488      0.509381      0.054122      0.116819      1.558190      0.232062      -0.237032      
489      0.509481      0.054062      0.116869      1.557888      0.234876      -0.239846      
490      0.509591      0.054012      0.116889      1.557756      0.236083      -0.241053      
491      0.509621      0.054002      0.116939      1.557286      0.240363      -0.245333      
492      0.509741      0.053952      0.116979      1.557099      0.242048      -0.247018      
493      0.509891      0.053892      0.117099      1.556690      0.245677      -0.250646      
494      0.510041      0.053862      0.117249      1.555929      0.252299      -0.257268      
495      0.510191      0.053802      0.117249      1.555549      0.255543      -0.260512      
496      0.510351      0.053702      0.117389      1.555062      0.259633      -0.264602      
497      0.510661      0.053582      0.117739      1.554245      0.266356      -0.271324      
498      0.510851      0.053562      0.117839      1.554162      0.267029      -0.271998      
499      0.510991      0.053572      0.117969      1.553696      0.270782      -0.275750      
500      0.511131      0.053572      0.118019      1.553547      0.271965      -0.276933      
501      0.511311      0.053592      0.118109      1.552948      0.276688      -0.281656      
502      0.511401      0.053632      0.118269      1.552430      0.280706      -0.285674      
503      0.511611      0.053712      0.118349      1.552304      0.281678      -0.286645      
504      0.511921      0.053762      0.118609      1.551354      0.288875      -0.293841      
505      0.512171      0.053812      0.118849      1.550585      0.294568      -0.299533      
506      0.512291      0.053882      0.118989      1.549620      0.301559      -0.306524      
507      0.512411      0.053902      0.119219      1.548287      0.310945      -0.315909      
508      0.512481      0.053952      0.119239      1.548104      0.312213      -0.317177      
509      0.512471      0.053982      0.119259      1.547786      0.314405      -0.319368      
510      0.512451      0.053982      0.119219      1.546478      0.323248      -0.328210      
511      0.512391      0.053962      0.119069      1.546312      0.324351      -0.329313      
512      0.512231      0.053972      0.118969      1.545827      0.327559      -0.332521      
513      0.512161      0.053952      0.118909      1.544490      0.336236      -0.341196      
514      0.512181      0.053922      0.118949      1.544226      0.337918      -0.342877      
515      0.512071      0.053922      0.118859      1.543629      0.341703      -0.346662      
516      0.511941      0.053962      0.118759      1.543126      0.344855      -0.349814      
517      0.511881      0.053982      0.118739      1.542839      0.346639      -0.351597      
518      0.511811      0.054042      0.118699      1.542370      0.349540      -0.354497      
519      0.511741      0.054152      0.118629      1.542550      0.348430      -0.353387      
520      0.511721      0.054192      0.118619      1.542297      0.349986      -0.354943      
521      0.511721      0.054192      0.118619      1.541598      0.354255      -0.359212      
522      0.511741      0.054162      0.118639      1.540701      0.359658      -0.364613      
523      0.511731      0.054162      0.118659      1.540700      0.359666      -0.364621      
524      0.511711      0.054142      0.118639      1.539931      0.364231      -0.369186      
525      0.511711      0.054092      0.118639      1.540615      0.360174      -0.365129      
526      0.511631      0.054082      0.118569      1.540518      0.360753      -0.365708      
527      0.511621      0.054042      0.118579      1.539927      0.364255      -0.369209      
528      0.511621      0.054042      0.118579      1.540380      0.361573      -0.366528      
529      0.511591      0.054042      0.118549      1.539946      0.364145      -0.369100      
530      0.511571      0.054032      0.118539      1.540165      0.362848      -0.367802      
531      0.511521      0.054012      0.118519      1.540110      0.363176      -0.368131      
532      0.511511      0.053962      0.118639      1.538910      0.370203      -0.375156      
533      0.511481      0.053992      0.118579      1.539612      0.366107      -0.371061      
534      0.511421      0.053972      0.118599      1.538786      0.370922      -0.375875      
535      0.511391      0.053962      0.118569      1.539392      0.367397      -0.372351      
536      0.511371      0.053962      0.118559      1.539100      0.369101      -0.374054      
537      0.511361      0.053972      0.118529      1.538976      0.369820      -0.374773      
538      0.511281      0.053982      0.118439      1.539536      0.366553      -0.371507      
539      0.511271      0.053982      0.118489      1.538446      0.372884      -0.377836      
540      0.511261      0.054052      0.118499      1.538802      0.370829      -0.375781      
541      0.511191      0.054132      0.118409      1.539164      0.368726      -0.373679      
542      0.511161      0.054172      0.118429      1.537797      0.376604      -0.381555      
543      0.511211      0.054212      0.118469      1.538082      0.374978      -0.379930      
544      0.511151      0.054302      0.118419      1.539820      0.364888      -0.369842      
545      0.511081      0.054332      0.118479      1.539914      0.364333      -0.369287      
546      0.511041      0.054392      0.118659      1.542886      0.346349      -0.351307      
547      0.511021      0.054432      0.118869      1.546325      0.324265      -0.329227      
548      0.510901      0.054492      0.119369      1.550387      0.296016      -0.300982      
549      0.510841      0.054562      0.119849      1.554460      0.264609      -0.269577      
550      0.510641      0.054592      0.120669      1.559050      0.223885      -0.228855      
551      0.510371      0.054512      0.121759      1.562169      0.191231      -0.196201      
552      0.510281      0.054472      0.122519      1.564400      0.163860      -0.168828      
553      0.510051      0.054452      0.123189      1.566105      0.139290      -0.144255      
554      0.509731      0.054362      0.124069      1.567374      0.117666      -0.122629      
555      0.509521      0.054322      0.124609      1.568333      0.098143      -0.103102      
556      0.509231      0.054252      0.124989      1.569471      0.067821      -0.072774      
557      0.508681      0.054112      0.125709      1.569952      0.049541      -0.054490      
558      0.508551      0.054062      0.125959      1.570304      0.029336      -0.034280      
559      0.508321      0.053992      0.126119      1.570443      0.014251      -0.019191      
560      0.507941      0.053802      0.126459      1.570460      0.010804      -0.015743      
561      0.507611      0.053512      0.126659      1.570478      0.001444      -0.006379      
562      0.507221      0.053302      0.126779      1.570467      -0.005145      0.000211      
563      0.506501      0.053042      0.127159      1.570438      -0.011293      0.006362      
564      0.506051      0.053032      0.127539      1.570290      -0.026692      0.021765      
565      0.505501      0.053232      0.128009      1.570046      -0.041367      0.036446      
566      0.505101      0.053432      0.128479      1.569571      -0.060768      0.055855      
567      0.504661      0.053552      0.128869      1.568868      -0.081564      0.076659      
568      0.504241      0.053652      0.129279      1.568284      -0.095505      0.090607      
569      0.503851      0.053832      0.129839      1.566834      -0.123601      0.118717      
570      0.503361      0.053922      0.130509      1.564903      -0.153298      0.148429      
571      0.502861      0.054012      0.130969      1.563309      -0.174060      0.169202      
572      0.502231      0.054162      0.131069      1.562056      -0.188786      0.183937      
573      0.501601      0.054222      0.131099      1.561713      -0.192620      0.187773      
574      0.501061      0.054182      0.131259      1.560728      -0.203243      0.198403      
575      0.500331      0.054152      0.131449      1.558806      -0.222508      0.217680      
576      0.499721      0.054112      0.131589      1.557832      -0.231660      0.226838      
577      0.499071      0.054022      0.132199      1.555448      -0.252662      0.247854      
578      0.498601      0.053942      0.132599      1.553238      -0.270680      0.265885      
579      0.498051      0.053792      0.133139      1.552273      -0.278180      0.273390      
580      0.497611      0.053682      0.133589      1.550889      -0.288590      0.283807      
581      0.496961      0.053562      0.134029      1.547781      -0.310693      0.305927      
582      0.495751      0.053302      0.134819      1.543484      -0.338866      0.334122      
583      0.494931      0.053192      0.135179      1.541001      -0.354112      0.349381      
584      0.494121      0.053092      0.135389      1.537359      -0.375334      0.370621      
585      0.493101      0.052882      0.135829      1.533395      -0.397128      0.392435      
586      0.492371      0.052722      0.136269      1.531669      -0.406241      0.401556      
587      0.491001      0.052402      0.136889      1.526937      -0.430219      0.425557      
588      0.490171      0.052162      0.137279      1.525028      -0.439509      0.434856      
589      0.489221      0.051872      0.137749      1.521707      -0.455214      0.450576      
590      0.488461      0.051632      0.137869      1.517320      -0.475137      0.470519      
591      0.487451      0.051292      0.138039      1.512204      -0.497330      0.492735      
592      0.486581      0.051022      0.138109      1.509722      -0.507731      0.503148      
593      0.485631      0.050722      0.138129      1.505960      -0.523093      0.518525      
594      0.484361      0.050332      0.138239      1.502234      -0.537854      0.533303      
595      0.483421      0.050102      0.138379      1.501280      -0.541564      0.537017      
596      0.482631      0.049942      0.138509      1.498740      -0.551318      0.546782      
597      0.481831      0.049742      0.138639      1.495301      -0.564247      0.559726      
598      0.481121      0.049572      0.138779      1.493357      -0.571417      0.566905      
599      0.480321      0.049442      0.138779      1.489023      -0.587068      0.582575      
600      0.479301      0.049132      0.138669      1.483979      -0.604751      0.600278      
601      0.478721      0.048992      0.138649      1.479010      -0.621644      0.617193      
602      0.478221      0.048852      0.138539      1.473943      -0.638385      0.633954      
603      0.477521      0.048682      0.138569      1.467333      -0.659540      0.655137      
604      0.476881      0.048492      0.138429      1.461470      -0.677711      0.673332      
605      0.476391      0.048382      0.138229      1.456608      -0.692390      0.688031      
606      0.475621      0.048212      0.138109      1.451316      -0.707995      0.703658      
607      0.474641      0.047912      0.137989      1.445451      -0.724862      0.720549      
608      0.473861      0.047672      0.137959      1.441086      -0.737141      0.732846      
609      0.473161      0.047462      0.138019      1.436943      -0.748590      0.744311      
610      0.472291      0.047192      0.138079      1.431648      -0.762953      0.758695      
611      0.471491      0.046972      0.138099      1.428524      -0.771287      0.767041      
612      0.470501      0.046742      0.138129      1.424392      -0.782159      0.777930      
613      0.469821      0.046512      0.138109      1.420535      -0.792158      0.787944      
614      0.468521      0.046052      0.138279      1.415488      -0.805034      0.800840      
615      0.467871      0.045812      0.138339      1.412241      -0.813198      0.809017      
616      0.466951      0.045502      0.138369      1.408312      -0.822954      0.818789      
617      0.466211      0.045262      0.138359      1.404866      -0.831406      0.827254      
618      0.465351      0.044982      0.138209      1.399097      -0.845343      0.841214      
619      0.464201      0.044602      0.138029      1.391948      -0.862259      0.858157      
620      0.463501      0.044372      0.137879      1.386570      -0.874741      0.870661      
621      0.462651      0.044082      0.137709      1.380961      -0.887546      0.883487      
622      0.461911      0.043832      0.137589      1.375945      -0.898819      0.894779      
623      0.460931      0.043492      0.137449      1.369994      -0.911985      0.907968      
624      0.460061      0.043212      0.137329      1.367511      -0.917415      0.913407      
625      0.458881      0.042842      0.137159      1.364406      -0.924152      0.920157      
626      0.457401      0.042392      0.137099      1.361555      -0.930288      0.926303      
627      0.456241      0.042022      0.137079      1.360044      -0.933521      0.929542      
628      0.455251      0.041722      0.137189      1.358851      -0.936065      0.932090      
629      0.454031      0.041332      0.137359      1.354566      -0.945137      0.941179      
630      0.453101      0.041042      0.137419      1.351713      -0.951118      0.947170      
631      0.451891      0.040722      0.137489      1.347546      -0.959777      0.955846      
632      0.450911      0.040462      0.137439      1.344466      -0.966120      0.962201      
633      0.449191      0.039982      0.137339      1.337790      -0.979700      0.975806      
634      0.448351      0.039722      0.137199      1.334644      -0.986024      0.982142      
635      0.447381      0.039422      0.137059      1.329511      -0.996237      0.992374      
636      0.446591      0.039152      0.136969      1.326038      -1.003078      0.999228      
637      0.445731      0.038772      0.136719      1.323481      -1.008080      1.004239      
