45      74.612192      0.436330      
46      74.201942      0.436330      
47      73.395193      0.436330      
48      73.049690      0.436330      
49      72.404520      0.436330      
50      71.423587      0.436330      
51      71.001878      0.436330      
52      70.305141      0.436330      
53      69.639917      0.436330      
54      69.091580      0.436330      
55      68.358746      0.436330      
56      67.452300      0.436330      
57      66.454178      0.436330      
58      65.671495      0.436330      
59      65.118574      0.436330      
60      64.495177      0.436330      
61      64.102690      0.436330      
62      62.904600      0.436330      
63      61.323763      0.436330      
64      58.242878      0.436330      
65      57.320388      0.436330      
66      55.995671      0.436330      
67      54.418272      0.436330      
68      53.495782      0.436330      
69      53.067770      0.436330      
70      51.925259      0.436330      
71      50.359319      0.436330      
72      49.044342      0.436330      
73      48.156804      0.436330      
74      47.672067      0.436330      
75      46.393188      0.436330      
76      45.687283      0.436330      
77      45.140665      0.436330      
78      44.353398      0.436330      
79      43.724845      0.436330      
80      43.022951      0.436330      
81      42.227089      0.436330      
82      41.552698      0.436330      
83      40.953366      0.436330      
84      40.434824      0.436330      
85      39.752984      0.436330      
86      39.346172      0.436330      
87      39.260226      0.436330      
88      39.212669      0.436330      
89      38.925036      0.436330      
90      38.797835      0.436330      
91      38.625370      0.436330      
92      38.302785      0.436330      
93      37.910871      0.436330      
94      37.310393      0.436330      
95      36.423428      0.436330      
96      36.060735      0.436330      
97      35.696896      0.436330      
98      35.286647      0.436330      
99      35.078084      0.436330      
100      34.590482      0.436330      
101      34.141843      0.436330      
102      33.497820      0.436330      
103      32.892758      0.436330      
104      32.486519      0.436330      
105      32.323794      0.436330      
106      31.955372      0.436330      
107      31.668311      0.436330      
108      31.509024      0.436330      
109      31.183002      0.436330      
110      30.856979      0.436330      
111      30.246188      0.436330      
112      29.837657      0.436330      
113      29.234888      0.436330      
114      28.753016      0.436330      
115      27.710775      0.436330      
116      26.426166      0.436330      
117      26.107019      0.436330      
118      25.823396      0.436330      
119      25.504250      0.436330      
120      25.223492      0.436330      
121      24.498106      0.436330      
122      23.647239      0.436330      
123      22.924717      0.436330      
124      22.315645      0.436330      
125      21.867579      0.436330      
126      21.138755      0.436330      
127      20.773770      0.436330      
128      20.446602      0.436330      
129      20.159542      0.436330      
130      20.023174      0.436330      
131      20.011714      0.436330      
132      19.958428      0.436330      
133      19.827789      0.436330      
134      19.529269      0.436330      
135      19.115009      0.436330      
136      18.814770      0.436330      
137      18.552921      0.436330      
138      18.367850      0.436330      
139      18.105427      0.436330      
140      17.804043      0.436330      
141      17.511826      0.436330      
142      17.148560      0.436330      
143      16.747477      0.436330      
144      16.306860      0.436330      
145      16.147573      0.436330      
146      15.949324      0.436330      
147      15.828999      0.436330      
148      15.792329      0.436330      
149      15.748782      0.436330      
150      15.388381      0.436330      
151      15.229094      0.436330      
152      15.148305      0.436330      
153      15.229094      0.436330      
154      15.258316      0.436330      
155      15.211332      0.436330      
156      15.207894      0.436330      
157      15.111635      0.436330      
158      15.013656      0.436330      
159      14.876142      0.436330      
160      14.822282      0.436330      
161      14.491103      0.436330      
162      14.362184      0.436330      
163      14.353589      0.436330      
164      14.189718      0.436330      
165      14.072831      0.436330      
166      13.830463      0.436330      
167      13.430527      0.436330      
168      13.148050      0.436330      
169      13.141748      0.436330      
170      13.061531      0.436330      
171      13.020850      0.436330      
172      12.859844      0.436330      
173      12.655292      0.436330      
174      12.289161      0.436330      
175      11.957982      0.436330      
176      11.555181      0.436330      
177      11.311666      0.436330      
178      11.032055      0.436330      
179      10.755881      0.436330      
180      10.560497      0.436330      
181      10.525545      0.436330      
182      10.252809      0.436330      
183      10.025338      0.436330      
184      9.694159      0.436330      
185      9.592169      0.436330      
186      9.556072      0.436330      
187      9.480439      0.436330      
188      9.486169      0.436330      
189      9.242655      0.436330      
190      9.234633      0.436330      
191      9.231195      0.436330      
192      9.231195      0.436330      
193      9.183638      0.436330      
194      9.264428      0.436330      
195      9.182492      0.436330      
196      9.180201      0.436330      
197      9.178482      0.436330      
198      9.134363      0.436330      
199      9.009454      0.436330      
200      9.046124      0.436330      
201      8.767659      0.436330      
202      8.486901      0.436330      
203      8.525863      0.436330      
204      8.520707      0.436330      
205      8.474296      0.436330      
206      8.425593      0.436330      
207      8.421009      0.436330      
208      8.374025      0.436330      
209      8.213019      0.436330      
210      8.215884      0.436330      
211      8.215884      0.436330      
212      7.937418      0.436330      
213      7.779277      0.436330      
214      7.655515      0.436330      
215      7.577590      0.436330      
216      7.577590      0.436330      
217      7.421168      0.436330      
218      7.418303      0.436330      
219      7.416584      0.436330      
220      7.370746      0.436330      
221      7.279071      0.436330      
222      7.027535      0.436330      
223      6.693490      0.436330      
224      6.596658      0.436330      
225      6.707242      0.436330      
226      6.676874      0.436330      
227      6.841318      0.436330      
228      6.845902      0.436330      
229      6.886583      0.436330      
230      6.932421      0.436330      
231      6.935286      0.436330      
232      6.993729      0.436330      
233      7.044724      0.436330      
234      7.094573      0.436330      
235      7.073946      0.436330      
236      7.074519      0.436330      
237      7.080821      0.436330      
238      7.181665      0.436330      
239      7.186249      0.436330      
240      7.153016      0.436330      
241      7.165049      0.436330      
242      7.149578      0.436330      
243      7.087697      0.436330      
244      7.103740      0.436330      
245      7.209741      0.436330      
246      7.272768      0.436330      
247      7.347254      0.436330      
248      7.377622      0.436330      
249      7.496801      0.436330      
250      7.625147      0.436330      
251      7.513990      0.436330      
252      7.559828      0.436330      
253      7.734012      0.436330      
254      7.770683      0.436330      
255      7.785007      0.436330      
256      7.817094      0.436330      
257      7.693331      0.436330      
258      7.653223      0.436330      
259      7.525450      0.436330      
260      7.265319      0.436330      
261      7.080248      0.436330      
262      6.910648      0.436330      
263      6.655674      0.436330      
264      6.515295      0.436330      
265      6.174948      0.436330      
266      6.039726      0.436330      
267      6.027121      0.436330      
268      5.821996      0.436330      
269      5.654114      0.436330      
270      5.446124      0.436330      
271      5.245583      0.436330      
272      5.359605      0.436330      
273      5.112653      0.436330      
274      5.030718      0.436330      
275      4.835906      0.436330      
276      4.671463      0.436330      
277      4.671463      0.436330      
278      4.429667      0.436330      
279      4.347159      0.436330      
280      4.265224      0.436330      
281      3.944358      0.436330      
282      3.858412      0.436330      
283      3.741525      0.436330      
284      3.451600      0.436330      
285      3.533535      0.436330      
286      3.535254      0.436330      
287      3.532389      0.436330      
288      3.656152      0.436330      
289      3.650422      0.436330      
290      3.578227      0.436330      
291      3.547286      0.436330      
292      3.390291      0.436330      
293      3.429827      0.436330      
294      3.348464      0.436330      
295      3.222983      0.436330      
296      3.178291      0.436330      
297      3.130161      0.436330      
298      2.886647      0.436330      
299      2.725068      0.436330      
300      2.641413      0.436330      
301      2.605316      0.436330      
302      2.479261      0.436330      
303      2.317110      0.436330      
304      2.110839      0.436330      
305      1.788254      0.436330      
306      1.712048      0.436330      
307      1.593443      0.436330      
308      1.398058      0.436330      
309      1.319561      0.436330      
310      0.926500      0.436330      
311      0.768932      0.436330      
312      0.456088      0.436330      
313      -0.203406      0.436330      
314      -0.398790      0.436330      
315      -0.586153      0.436330      
316      -0.733408      0.436330      
317      -0.889830      0.436330      
318      -0.966608      0.436330      
319      -1.242782      0.436330      
320      -1.320134      0.436330      
321      -1.318415      0.436330      
322      -1.485150      0.436330      
323      -1.484004      0.436330      
324      -1.645010      0.436330      
325      -1.644437      0.436330      
326      -1.804870      0.436330      
327      -1.807162      0.436330      
328      -1.728665      0.436330      
329      -1.732102      0.436330      
330      -1.654751      0.436330      
331      -1.623810      0.436330      
332      -1.742416      0.436330      
333      -1.717778      0.436330      
334      -1.845551      0.436330      
335      -2.065001      0.436330      
336      -2.071876      0.436330      
337      -2.179023      0.436330      
338      -2.282158      0.436330      
339      -2.462072      0.436330      
340      -2.581824      0.436330      
341      -2.925036      0.436330      
342      -2.996085      0.436330      
343      -3.057966      0.436330      
344      -3.147923      0.436330      
345      -3.120420      0.436330      
346      -2.866592      0.436330      
347      -2.650008      0.436330      
348      -2.519370      0.436330      
349      -2.522235      0.436330      
350      -2.550310      0.436330      
351      -2.500462      0.436330      
352      -2.435715      0.436330      
353      -2.397326      0.436330      
354      -2.357218      0.436330      
355      -2.397326      0.436330      
356      -2.291899      0.436330      
357      -2.302785      0.436330      
358      -2.375553      0.436330      
359      -2.397899      0.436330      
360      -2.495305      0.436330      
361      -2.503899      0.436330      
362      -2.559478      0.436330      
363      -2.676365      0.436330      
364      -2.912430      0.436330      
365      -3.135318      0.436330      
366      -3.294604      0.436330      
367      -3.488843      0.436330      
368      -3.604584      0.436330      
369      -3.575362      0.436330      
370      -3.773611      0.436330      
371      -3.863568      0.436330      
372      -3.951233      0.436330      
373      -4.157504      0.436330      
374      -4.194748      0.436330      
375      -4.439981      0.436330      
376      -4.645106      0.436330      
377      -4.817571      0.436330      
378      -4.935031      0.436330      
379      -5.269648      0.436330      
380      -5.342989      0.436330      
381      -5.347000      0.436330      
382      -5.541811      0.436330      
383      -5.657552      0.436330      
384      -5.705109      0.436330      
385      -5.785325      0.436330      
386      -5.783034      0.436330      
387      -5.972688      0.436330      
388      -6.133121      0.436330      
389      -6.212765      0.436330      
390      -6.282095      0.436330      
391      -6.362311      0.436330      
392      -6.478625      0.436330      
393      -6.557695      0.436330      
394      -6.638485      0.436330      
395      -6.927264      0.436330      
396      -6.972529      0.436330      
397      -7.214897      0.436330      
398      -7.330638      0.436330      
399      -7.489925      0.436330      
400      -7.731721      0.436330      
401      -7.760942      0.436330      
402      -8.081235      0.436330      
403      -8.033105      0.436330      
404      -8.035397      0.436330      
405      -7.956900      0.436330      
406      -7.952316      0.436330      
407      -7.980965      0.436330      
408      -8.029667      0.436330      
409      -7.982683      0.436330      
410      -8.062327      0.436330      
411      -8.179214      0.436330      
412      -8.182079      0.436330      
413      -8.257138      0.436330      
414      -8.284641      0.436330      
415      -8.279484      0.436330      
416      -8.431896      0.436330      
417      -8.499507      0.436330      
418      -8.487474      0.436330      
419      -8.632437      0.436330      
420      -8.463409      0.436330      
421      -8.450804      0.436330      
422      -8.550501      0.436330      
423      -8.506382      0.436330      
424      -8.505236      0.436330      
425      -8.536750      0.436330      
426      -8.371733      0.436330      
427      -7.962629      0.436330      
428      -6.938151      0.436330      
429      -5.719433      0.436330      
430      -4.897788      0.436330      
431      -4.431959      0.436330      
432      -3.802260      0.436330      
433      -3.245329      0.436330      
434      -2.821327      0.436330      
435      -1.955563      0.436330      
436      -1.017603      0.436330      
437      0.240076      0.436330      
438      1.231323      0.436330      
439      2.380710      0.436330      
440      2.972593      0.436330      
441      4.579787      0.436330      
442      5.717141      0.436330      
443      6.853350      0.436330      
444      7.943721      0.436330      
445      9.231768      0.436330      
446      10.849276      0.436330      
447      12.669616      0.436330      
448      14.695655      0.436330      
449      17.331339      0.436330      
450      19.956709      0.436330      
451      22.308770      0.436330      
452      24.499252      0.436330      
453      26.690880      0.436330      
454      28.943817      0.436330      
455      31.745663      0.436330      
456      34.723412      0.436330      
457      38.058698      0.436330      
458      39.046506      0.436330      
459      40.690944      0.436330      
460      41.920548      0.436330      
461      43.034983      0.436330      
462      44.496642      0.436330      
463      46.210982      0.436330      
464      48.004966      0.436330      
465      51.130543      0.436330      
466      52.895305      0.436330      
467      53.589750      0.436330      
468      54.725959      0.436330      
469      55.265128      0.436330      
470      55.536718      0.436330      
471      55.985930      0.436330      
472      56.817317      0.436330      
473      57.710011      0.436330      
474      58.808977      0.436330      
475      59.889034      0.436330      
476      60.529047      0.436330      
477      60.927264      0.436330      
478      62.675983      0.436330      
479      64.071749      0.436330      
480      64.871049      0.436330      
481      66.293745      0.436330      
482      68.229827      0.436330      
483      69.723572      0.436330      
484      70.993856      0.436330      
485      72.894986      0.436330      
486      74.070731      0.436330      
487      74.307942      0.436330      
