147      74.751424      0.087270      
148      74.121725      0.087270      
149      73.013592      0.087270      
150      72.187363      0.087270      
151      70.497087      0.087270      
152      70.133821      0.087270      
153      69.977399      0.087270      
154      70.011778      0.087270      
155      69.858794      0.087270      
156      69.487506      0.087270      
157      68.879007      0.087270      
158      68.035015      0.087270      
159      67.322235      0.087270      
160      67.130288      0.087270      
161      66.387140      0.087270      
162      64.842973      0.087270      
163      64.229317      0.087270      
164      63.822505      0.087270      
165      63.309693      0.087270      
166      62.406685      0.087270      
167      61.200000      0.087270      
168      60.711253      0.087270      
169      60.171510      0.087270      
170      58.342575      0.087270      
171      56.949101      0.087270      
172      56.168709      0.087270      
173      55.602037      0.087270      
174      54.545472      0.087270      
175      54.085373      0.087270      
176      53.850454      0.087270      
177      53.237371      0.087270      
178      52.369887      0.087270      
179      51.252013      0.087270      
180      49.350310      0.087270      
181      48.390578      0.087270      
182      47.970587      0.087270      
183      47.864587      0.087270      
184      47.747127      0.087270      
185      47.254942      0.087270      
186      46.621232      0.087270      
187      46.138787      0.087270      
188      45.611078      0.087270      
189      44.932102      0.087270      
190      42.913513      0.087270      
191      41.792774      0.087270      
192      41.373357      0.087270      
193      41.043896      0.087270      
194      40.446284      0.087270      
195      39.767882      0.087270      
196      39.146777      0.087270      
197      38.590419      0.087270      
198      37.552188      0.087270      
199      34.903326      0.087270      
200      33.465733      0.087270      
201      32.818845      0.087270      
202      32.263059      0.087270      
203      31.615025      0.087270      
204      30.920006      0.087270      
205      30.072004      0.087270      
206      29.417094      0.087270      
207      28.915168      0.087270      
208      28.363966      0.087270      
209      27.774948      0.087270      
210      27.199682      0.087270      
211      26.954449      0.087270      
212      26.325322      0.087270      
213      25.803342      0.087270      
214      25.299698      0.087270      
215      25.034410      0.087270      
216      24.250008      0.087270      
217      23.214643      0.087270      
218      22.215375      0.087270      
219      21.342734      0.087270      
220      21.255642      0.087270      
221      20.824192      0.087270      
222      20.331434      0.087270      
223      19.922903      0.087270      
224      19.465669      0.087270      
225      18.939678      0.087270      
226      18.384466      0.087270      
227      18.339774      0.087270      
228      17.982811      0.087270      
229      17.781697      0.087270      
230      17.481458      0.087270      
231      16.880980      0.087270      
232      16.532039      0.087270      
233      15.832437      0.087270      
234      15.710393      0.087270      
235      15.222219      0.087270      
236      14.586217      0.087270      
237      14.279675      0.087270      
238      13.826452      0.087270      
239      13.216234      0.087270      
240      10.739838      0.087270      
241      10.202960      0.087270      
242      9.519975      0.087270      
243      9.074200      0.087270      
244      8.751042      0.087270      
245      8.417571      0.087270      
246      7.772402      0.087270      
247      7.156454      0.087270      
248      5.480503      0.087270      
249      4.409040      0.087270      
250      3.387426      0.087270      
251      3.030463      0.087270      
252      2.926182      0.087270      
253      2.770333      0.087270      
254      2.654592      0.087270      
255      2.311380      0.087270      
256      2.176731      0.087270      
257      1.874200      0.087270      
258      1.736113      0.087270      
259      1.665064      0.087270      
260      1.508642      0.087270      
261      1.166004      0.087270      
262      1.074901      0.087270      
263      0.966035      0.087270      
264      0.762629      0.087270      
265      0.697883      0.087270      
266      0.678975      0.087270      
267      0.316855      0.087270      
268      0.276747      0.087270      
269      0.073914      0.087270      
270      -0.107719      0.087270      
271      -0.393061      0.087270      
272      -0.587299      0.087270      
273      -0.748305      0.087270      
274      -0.880089      0.087270      
275      -0.915614      0.087270      
276      -1.139074      0.087270      
277      -1.225593      0.087270      
278      -1.461085      0.087270      
279      -1.616935      0.087270      
280      -1.891389      0.087270      
281      -2.014579      0.087270      
282      -2.150947      0.087270      
283      -2.235747      0.087270      
284      -2.519943      0.087270      
285      -2.770906      0.087270      
286      -3.653287      0.087270      
287      -3.897374      0.087270      
288      -4.283559      0.087270      
289      -4.293872      0.087270      
290      -4.417062      0.087270      
291      -4.474932      0.087270      
292      -4.529365      0.087270      
293      -4.548846      0.087270      
294      -4.727614      0.087270      
295      -4.740793      0.087270      
296      -4.898361      0.087270      
297      -4.980869      0.087270      
298      -5.059940      0.087270      
299      -5.307465      0.087270      
300      -5.443260      0.087270      
301      -5.648958      0.087270      
302      -5.850072      0.087270      
303      -6.014515      0.087270      
304      -6.227662      0.087270      
305      -6.580041      0.087270      
306      -7.029827      0.087270      
307      -7.240681      0.087270      
308      -7.674423      0.087270      
309      -7.888143      0.087270      
310      -8.077224      0.087270      
311      -8.391787      0.087270      
312      -8.600350      0.087270      
313      -8.800318      0.087270      
314      -9.054719      0.087270      
315      -9.251249      0.087270      
316      -9.399077      0.087270      
317      -9.628267      0.087270      
318      -9.781251      0.087270      
319      -9.872927      0.087270      
320      -9.947414      0.087270      
321      -10.691135      0.087270      
322      -10.972465      0.087270      
323      -11.221136      0.087270      
324      -11.435429      0.087270      
325      -11.576954      0.087270      
326      -11.831354      0.087270      
327      -11.861722      0.087270      
328      -12.182588      0.087270      
329      -12.569346      0.087270      
330      -12.869585      0.087270      
331      -13.028299      0.087270      
332      -13.177845      0.087270      
333      -13.253478      0.087270      
334      -13.660290      0.087270      
335      -13.715295      0.087270      
336      -14.008658      0.087270      
337      -14.280821      0.087270      
338      -14.496260      0.087270      
339      -14.840045      0.087270      
340      -15.244565      0.087270      
341      -15.598663      0.087270      
342      -16.019799      0.087270      
343      -16.129811      0.087270      
344      -16.240395      0.087270      
345      -16.740602      0.087270      
346      -16.796180      0.087270      
347      -16.895305      0.087270      
348      -17.021932      0.087270      
349      -17.173770      0.087270      
350      -17.298106      0.087270      
351      -17.420150      0.087270      
352      -17.546204      0.087270      
353      -17.801751      0.087270      
354      -17.896292      0.087270      
355      -17.860767      0.087270      
356      -18.049849      0.087270      
357      -18.182206      0.087270      
358      -18.359828      0.087270      
359      -18.718510      0.087270      
360      -18.789559      0.087270      
361      -18.968327      0.087270      
362      -19.079484      0.087270      
363      -20.234601      0.087270      
364      -20.385294      0.087270      
365      -20.662613      0.087270      
366      -20.849976      0.087270      
367      -21.011555      0.087270      
368      -20.993793      0.087270      
369      -20.970874      0.087270      
370      -20.972593      0.087270      
371      -20.651154      0.087270      
372      -20.607035      0.087270      
373      -20.534840      0.087270      
374      -20.694700      0.087270      
375      -20.703868      0.087270      
376      -20.692408      0.087270      
377      -21.115263      0.087270      
378      -20.898679      0.087270      
379      -21.034474      0.087270      
380      -21.147350      0.087270      
381      -21.091771      0.087270      
382      -21.163393      0.087270      
383      -21.290021      0.087270      
384      -21.257934      0.087270      
385      -21.166831      0.087270      
386      -21.142193      0.087270      
387      -21.028171      0.087270      
388      -21.067707      0.087270      
389      -21.018431      0.087270      
390      -21.018431      0.087270      
391      -21.160528      0.087270      
392      -21.094063      0.087270      
393      -21.053955      0.087270      
394      -21.115836      0.087270      
395      -20.974885      0.087270      
396      -20.802992      0.087270      
397      -20.571510      0.087270      
398      -20.867165      0.087270      
399      -20.693554      0.087270      
400      -20.705014      0.087270      
401      -20.632819      0.087270      
402      -20.841954      0.087270      
403      -20.844246      0.087270      
404      -20.980041      0.087270      
405      -21.056247      0.087270      
406      -20.970301      0.087270      
407      -21.044215      0.087270      
408      -21.127869      0.087270      
409      -20.880344      0.087270      
410      -20.869457      0.087270      
411      -20.089066      0.087270      
412      -19.735540      0.087270      
413      -19.336750      0.087270      
414      -18.877797      0.087270      
415      -18.072195      0.087270      
416      -17.746745      0.087270      
417      -16.818526      0.087270      
418      -16.635174      0.087270      
419      -16.523444      0.087270      
420      -16.125800      0.087270      
421      -15.327073      0.087270      
422      -14.897915      0.087270      
423      -14.232691      0.087270      
424      -13.835047      0.087270      
425      -13.333694      0.087270      
426      -12.880471      0.087270      
427      -12.838071      0.087270      
428      -12.485119      0.087270      
429      -11.702435      0.087270      
430      -11.444024      0.087270      
431      -10.838962      0.087270      
432      -9.701608      0.087270      
433      -8.367149      0.087270      
434      -7.868661      0.087270      
435      -6.734745      0.087270      
436      -5.340124      0.087270      
437      -4.346586      0.087270      
438      -3.131307      0.087270      
439      -2.122298      0.087270      
440      -1.084641      0.087270      
441      -0.460099      0.087270      
442      -0.005157      0.087270      
443      0.302531      0.087270      
444      1.181474      0.087270      
445      2.084482      0.087270      
446      2.853987      0.087270      
447      3.998217      0.087270      
448      5.657552      0.087270      
449      6.711826      0.087270      
450      7.877256      0.087270      
451      8.831259      0.087270      
452      9.919911      0.087270      
453      10.309534      0.087270      
454      11.045233      0.087270      
455      11.824479      0.087270      
456      13.033455      0.087270      
457      13.897501      0.087270      
458      14.919115      0.087270      
459      15.501830      0.087270      
460      16.197422      0.087270      
461      17.089543      0.087270      
462      17.437339      0.087270      
463      18.264141      0.087270      
464      19.244501      0.087270      
465      20.210536      0.087270      
466      20.878625      0.087270      
467      21.777049      0.087270      
468      22.686360      0.087270      
469      23.474200      0.087270      
470      24.553112      0.087270      
471      26.281776      0.087270      
472      28.418399      0.087270      
473      31.034601      0.087270      
474      33.058348      0.087270      
475      34.619131      0.087270      
476      35.707210      0.087270      
477      36.602196      0.087270      
478      37.404934      0.087270      
479      38.990928      0.087270      
480      39.528951      0.087270      
481      40.723603      0.087270      
482      42.256884      0.087270      
483      43.460131      0.087270      
484      44.800318      0.087270      
485      46.971892      0.087270      
486      47.876619      0.087270      
487      49.496419      0.087270      
488      51.179246      0.087270      
489      52.584753      0.087270      
490      53.993697      0.087270      
491      55.201528      0.087270      
492      56.397326      0.087270      
493      57.983893      0.087270      
494      59.177972      0.087270      
495      59.791628      0.087270      
496      60.859653      0.087270      
497      62.001019      0.087270      
498      63.069043      0.087270      
499      64.095241      0.087270      
500      65.226866      0.087270      
501      66.544135      0.087270      
502      67.542257      0.087270      
503      68.072831      0.087270      
504      68.729460      0.087270      
505      69.488079      0.087270      
506      70.274200      0.087270      
507      71.604074      0.087270      
508      72.301385      0.087270      
509      72.899570      0.087270      
510      73.252523      0.087270      
511      73.803724      0.087270      
512      74.272991      0.087270      
513      74.578959      0.087270      
