108      74.952539      0.087270      
109      74.643705      0.087270      
110      74.419672      0.087270      
111      74.401910      0.087270      
112      74.097087      0.087270      
113      73.841541      0.087270      
114      73.827216      0.087270      
115      73.571670      0.087270      
116      73.251950      0.087270      
117      73.011300      0.087270      
118      72.682413      0.087270      
119      72.368423      0.087270      
120      71.989113      0.087270      
121      71.554226      0.087270      
122      71.442496      0.087270      
123      70.915932      0.087270      
124      70.520006      0.087270      
125      70.156167      0.087270      
126      69.833010      0.087270      
127      69.264046      0.087270      
128      68.550119      0.087270      
129      67.370937      0.087270      
130      67.104504      0.087270      
131      66.605443      0.087270      
132      66.163107      0.087270      
133      65.650294      0.087270      
134      65.353494      0.087270      
135      64.853860      0.087270      
136      63.799013      0.087270      
137      63.306828      0.087270      
138      63.172752      0.087270      
139      62.741875      0.087270      
140      62.458252      0.087270      
141      62.245106      0.087270      
142      62.117332      0.087270      
143      62.033678      0.087270      
144      61.825115      0.087270      
145      61.654369      0.087270      
146      61.507114      0.087270      
147      61.250422      0.087270      
148      61.085978      0.087270      
149      60.896896      0.087270      
150      60.429349      0.087270      
151      59.702244      0.087270      
152      59.020404      0.087270      
153      58.462900      0.087270      
154      57.880185      0.087270      
155      57.651568      0.087270      
156      57.220118      0.087270      
157      56.802419      0.087270      
158      56.541143      0.087270      
159      56.152093      0.087270      
160      55.716632      0.087270      
161      55.366545      0.087270      
162      54.970046      0.087270      
163      54.559223      0.087270      
164      54.305396      0.087270      
165      53.972497      0.087270      
166      53.504950      0.087270      
167      53.166322      0.087270      
168      52.776699      0.087270      
169      52.399109      0.087270      
170      51.752793      0.087270      
171      51.147159      0.087270      
172      50.982715      0.087270      
173      50.732898      0.087270      
174      50.361038      0.087270      
175      49.959382      0.087270      
176      49.612160      0.087270      
177      49.155499      0.087270      
178      48.654146      0.087270      
179      47.833073      0.087270      
180      47.429126      0.087270      
181      46.969601      0.087270      
182      46.588572      0.087270      
183      46.094668      0.087270      
184      45.595607      0.087270      
185      45.012892      0.087270      
186      44.508674      0.087270      
187      43.899602      0.087270      
188      43.351265      0.087270      
189      43.041286      0.087270      
190      42.845902      0.087270      
191      42.474041      0.087270      
192      42.094159      0.087270      
193      41.648385      0.087270      
194      41.286265      0.087270      
195      40.950501      0.087270      
196      40.266943      0.087270      
197      39.978163      0.087270      
198      39.683654      0.087270      
199      39.361070      0.087270      
200      39.209804      0.087270      
201      38.875187      0.087270      
202      38.534840      0.087270      
203      37.981919      0.087270      
204      37.514945      0.087270      
205      37.000414      0.087270      
206      36.438326      0.087270      
207      35.814929      0.087270      
208      35.048289      0.087270      
209      34.816234      0.087270      
210      34.361292      0.087270      
211      33.955053      0.087270      
212      33.147732      0.087270      
213      32.731179      0.087270      
214      32.312908      0.087270      
215      31.470062      0.087270      
216      31.266083      0.087270      
217      31.127423      0.087270      
218      30.897087      0.087270      
219      30.631800      0.087270      
220      30.394589      0.087270      
221      30.101226      0.087270      
222      29.702435      0.087270      
223      29.528824      0.087270      
224      29.272131      0.087270      
225      29.068725      0.087270      
226      28.766767      0.087270      
227      28.503199      0.087270      
228      28.217285      0.087270      
229      27.852873      0.087270      
230      27.351520      0.087270      
231      26.861054      0.087270      
232      26.388350      0.087270      
233      25.762661      0.087270      
234      25.531752      0.087270      
235      25.127232      0.087270      
236      24.688334      0.087270      
237      24.111921      0.087270      
238      23.818558      0.087270      
239      23.513163      0.087270      
240      23.279962      0.087270      
241      22.944772      0.087270      
242      22.645679      0.087270      
243      22.350597      0.087270      
244      22.004520      0.087270      
245      21.766163      0.087270      
246      21.236734      0.087270      
247      20.726214      0.087270      
248      20.464937      0.087270      
249      20.366958      0.087270      
250      20.115996      0.087270      
251      19.837530      0.087270      
252      19.518383      0.087270      
253      19.121884      0.087270      
254      18.940251      0.087270      
255      18.815343      0.087270      
256      18.411396      0.087270      
257      18.275028      0.087270      
258      18.084800      0.087270      
259      17.878529      0.087270      
260      17.335922      0.087270      
261      16.969792      0.087270      
262      16.537196      0.087270      
263      16.382492      0.087270      
264      16.038708      0.087270      
265      15.604393      0.087270      
266      15.327073      0.087270      
267      15.023396      0.087270      
268      14.811969      0.087270      
269      14.337546      0.087270      
270      13.912399      0.087270      
271      13.531370      0.087270      
272      13.366927      0.087270      
273      12.997358      0.087270      
274      12.767595      0.087270      
275      12.446156      0.087270      
276      12.203788      0.087270      
277      11.845679      0.087270      
278      11.424542      0.087270      
279      11.088206      0.087270      
280      10.586280      0.087270      
281      10.375426      0.087270      
282      9.910170      0.087270      
283      9.348655      0.087270      
284      8.941270      0.087270      
285      8.619258      0.087270      
286      8.127646      0.087270      
287      7.990132      0.087270      
288      7.672704      0.087270      
289      7.598217      0.087270      
290      7.374184      0.087270      
291      7.300271      0.087270      
292      7.081967      0.087270      
293      6.859653      0.087270      
294      6.733026      0.087270      
295      6.758237      0.087270      
296      6.783447      0.087270      
297      6.763966      0.087270      
298      6.779437      0.087270      
299      6.765685      0.087270      
300      6.830431      0.087270      
301      6.849912      0.087270      
302      7.012637      0.087270      
303      6.943307      0.087270      
304      7.021805      0.087270      
305      6.920961      0.087270      
306      6.867102      0.087270      
307      6.796626      0.087270      
308      6.758809      0.087270      
309      6.645933      0.087270      
310      6.397835      0.087270      
311      6.470603      0.087270      
312      6.503263      0.087270      
313      6.568582      0.087270      
314      6.430495      0.087270      
315      6.338819      0.087270      
316      6.033996      0.087270      
317      5.870126      0.087270      
318      5.741779      0.087270      
319      5.662136      0.087270      
320      5.495400      0.087270      
321      5.239281      0.087270      
322      5.160783      0.087270      
323      5.130988      0.087270      
324      5.175680      0.087270      
325      5.100048      0.087270      
326      5.038166      0.087270      
327      5.077702      0.087270      
328      4.973420      0.087270      
329      4.889766      0.087270      
330      4.804966      0.087270      
331      4.641668      0.087270      
332      4.595830      0.087270      
333      4.556868      0.087270      
334      4.373516      0.087270      
335      4.367213      0.087270      
336      4.411905      0.087270      
337      4.292153      0.087270      
338      4.226834      0.087270      
339      4.244597      0.087270      
340      4.060099      0.087270      
341      4.020563      0.087270      
342      3.900812      0.087270      
343      3.761579      0.087270      
344      3.647557      0.087270      
345      3.485405      0.087270      
346      3.253923      0.087270      
347      3.092344      0.087270      
348      2.856852      0.087270      
349      2.549164      0.087270      
350      2.390450      0.087270      
351      1.840395      0.087270      
352      1.765908      0.087270      
353      1.604329      0.087270      
354      1.372274      0.087270      
355      1.219290      0.087270      
356      1.047971      0.087270      
357      0.798154      0.087270      
358      0.485310      0.087270      
359      0.179341      0.087270      
360      -0.134649      0.087270      
361      -0.375298      0.087270      
362      -0.692726      0.087270      
363      -0.927073      0.087270      
364      -1.149960      0.087270      
365      -1.388318      0.087270      
366      -1.629540      0.087270      
367      -1.871908      0.087270      
368      -1.870762      0.087270      
369      -1.990514      0.087270      
370      -2.170428      0.087270      
371      -2.215693      0.087270      
372      -2.092504      0.087270      
373      -2.171001      0.087270      
374      -2.212828      0.087270      
375      -2.328569      0.087270      
376      -2.417380      0.087270      
377      -2.582970      0.087270      
378      -2.748560      0.087270      
379      -2.923890      0.087270      
380      -2.936495      0.087270      
381      -3.029890      0.087270      
382      -3.119274      0.087270      
383      -3.205220      0.087270      
384      -3.204647      0.087270      
385      -3.216107      0.087270      
386      -3.213815      0.087270      
387      -3.346745      0.087270      
388      -3.284291      0.087270      
389      -3.374248      0.087270      
390      -3.412064      0.087270      
391      -3.453891      0.087270      
392      -3.546140      0.087270      
393      -3.719752      0.087270      
394      -3.725481      0.087270      
395      -3.805698      0.087270      
396      -3.816011      0.087270      
397      -3.773038      0.087270      
398      -3.731211      0.087270      
399      -3.657297      0.087270      
400      -3.742671      0.087270      
401      -3.722044      0.087270      
402      -3.761579      0.087270      
403      -3.720325      0.087270      
404      -3.970715      0.087270      
405      -4.044055      0.087270      
406      -4.124845      0.087270      
407      -4.117396      0.087270      
408      -4.120261      0.087270      
409      -4.112239      0.087270      
410      -4.132866      0.087270      
411      -4.280121      0.087270      
412      -4.223969      0.087270      
413      -4.314499      0.087270      
414      -4.367786      0.087270      
415      -4.435397      0.087270      
416      -4.509311      0.087270      
417      -4.508738      0.087270      
418      -4.657711      0.087270      
419      -4.799236      0.087270      
420      -4.872577      0.087270      
421      -4.884036      0.087270      
422      -5.128696      0.087270      
423      -5.283973      0.087270      
424      -5.290275      0.087270      
425      -5.526341      0.087270      
426      -5.611714      0.087270      
427      -5.537227      0.087270      
428      -5.612860      0.087270      
429      -5.611714      0.087270      
430      -5.614006      0.087270      
431      -5.648958      0.087270      
432      -5.893045      0.087270      
433      -6.054624      0.087270      
434      -6.221932      0.087270      
435      -6.222505      0.087270      
436      -6.302149      0.087270      
437      -6.374916      0.087270      
438      -6.451122      0.087270      
439      -6.451122      0.087270      
440      -6.531339      0.087270      
441      -6.612701      0.087270      
442      -6.665988      0.087270      
443      -6.726150      0.087270      
444      -6.967945      0.087270      
445      -7.123794      0.087270      
446      -7.178800      0.087270      
447      -7.383925      0.087270      
448      -7.462995      0.087270      
449      -7.527169      0.087270      
450      -7.634888      0.087270      
451      -7.667547      0.087270      
452      -7.904759      0.087270      
453      -8.184943      0.087270      
454      -8.453669      0.087270      
455      -8.859908      0.087270      
456      -9.214579      0.087270      
457      -9.242655      0.087270      
458      -9.398504      0.087270      
459      -9.560083      0.087270      
460      -9.547477      0.087270      
461      -9.519975      0.087270      
462      -9.593315      0.087270      
463      -9.757186      0.087270      
464      -9.750883      0.087270      
465      -9.960019      0.087270      
466      -10.478561      0.087270      
467      -10.862454      0.087270      
468      -11.108260      0.087270      
469      -11.291039      0.087270      
470      -11.338596      0.087270      
471      -11.412510      0.087270      
472      -11.453764      0.087270      
473      -11.669203      0.087270      
474      -11.843960      0.087270      
475      -11.891517      0.087270      
476      -11.939647      0.087270      
477      -11.972306      0.087270      
478      -12.047939      0.087270      
479      -12.115550      0.087270      
480      -12.182588      0.087270      
481      -12.282286      0.087270      
482      -12.309788      0.087270      
483      -12.383702      0.087270      
484      -12.517778      0.087270      
485      -12.653000      0.087270      
486      -12.868439      0.087270      
487      -12.984180      0.087270      
488      -13.161802      0.087270      
489      -13.307910      0.087270      
490      -13.561165      0.087270      
491      -13.725609      0.087270      
492      -13.857966      0.087270      
493      -13.988604      0.087270      
494      -14.032723      0.087270      
495      -14.021837      0.087270      
496      -14.073977      0.087270      
497      -14.130702      0.087270      
498      -14.204616      0.087270      
499      -14.284832      0.087270      
500      -14.306605      0.087270      
501      -14.374789      0.087270      
502      -14.370205      0.087270      
503      -14.456152      0.087270      
504      -14.597676      0.087270      
505      -14.836034      0.087270      
506      -14.978704      0.087270      
507      -15.033137      0.087270      
508      -15.175235      0.087270      
509      -15.335668      0.087270      
510      -15.557982      0.087270      
511      -15.674296      0.087270      
512      -15.836448      0.087270      
513      -15.938437      0.087270      
514      -16.094286      0.087270      
515      -16.141843      0.087270      
516      -16.316600      0.087270      
517      -16.481044      0.087270      
518      -16.671272      0.087270      
519      -16.821391      0.087270      
520      -16.788731      0.087270      
521      -16.949164      0.087270      
522      -17.149133      0.087270      
523      -17.179500      0.087270      
524      -17.269457      0.087270      
525      -17.509534      0.087270      
526      -17.590896      0.087270      
527      -17.684864      0.087270      
528      -17.734140      0.087270      
529      -17.779978      0.087270      
530      -17.869935      0.087270      
531      -17.843578      0.087270      
532      -17.836702      0.087270      
533      -17.910043      0.087270      
534      -17.991405      0.087270      
535      -18.052141      0.087270      
536      -18.208563      0.087270      
537      -18.276747      0.087270      
538      -18.280758      0.087270      
539      -18.440618      0.087270      
540      -18.426866      0.087270      
541      -18.453796      0.087270      
542      -18.453796      0.087270      
543      -18.678402      0.087270      
544      -19.002133      0.087270      
545      -19.477129      0.087270      
546      -19.721789      0.087270      
547      -20.126309      0.087270      
548      -20.631673      0.087270      
549      -20.733662      0.087270      
550      -20.816171      0.087270      
551      -20.753716      0.087270      
552      -20.537705      0.087270      
553      -20.294764      0.087270      
554      -19.770492      0.087270      
555      -19.125895      0.087270      
556      -18.649753      0.087270      
557      -18.036097      0.087270      
558      -17.225338      0.087270      
559      -15.814675      0.087270      
560      -14.665860      0.087270      
561      -14.189718      0.087270      
562      -13.225975      0.087270      
563      -12.034187      0.087270      
564      -11.135763      0.087270      
565      -10.360528      0.087270      
566      -9.571542      0.087270      
567      -8.632437      0.087270      
568      -8.041127      0.087270      
569      -7.746618      0.087270      
570      -7.126659      0.087270      
571      -6.503263      0.087270      
572      -6.134840      0.087270      
573      -5.753812      0.087270      
574      -5.465033      0.087270      
575      -4.744803      0.087270      
576      -3.662454      0.087270      
577      -3.149642      0.087270      
578      -2.187044      0.087270      
579      -1.195225      0.087270      
580      -0.136941      0.087270      
581      0.684132      0.087270      
582      1.172879      0.087270      
583      1.724081      0.087270      
584      2.679803      0.087270      
585      3.119847      0.087270      
586      3.822314      0.087270      
587      4.128856      0.087270      
588      4.770587      0.087270      
589      5.442114      0.087270      
590      6.109056      0.087270      
591      6.941588      0.087270      
592      7.511698      0.087270      
593      8.187808      0.087270      
594      8.771097      0.087270      
595      9.145249      0.087270      
596      9.776667      0.087270      
597      10.554194      0.087270      
598      11.254369      0.087270      
599      12.359064      0.087270      
600      13.173261      0.087270      
601      13.852809      0.087270      
602      14.381092      0.087270      
603      15.054910      0.087270      
604      15.265765      0.087270      
605      15.951615      0.087270      
606      16.851186      0.087270      
607      17.498074      0.087270      
608      18.001146      0.087270      
609      18.758046      0.087270      
610      19.505205      0.087270      
611      20.438580      0.087270      
612      21.370810      0.087270      
613      22.187872      0.087270      
614      23.150470      0.087270      
615      24.267197      0.087270      
616      24.806366      0.087270      
617      25.294541      0.087270      
618      25.919656      0.087270      
619      26.657075      0.087270      
620      26.985962      0.087270      
621      27.742289      0.087270      
622      29.209104      0.087270      
623      30.302913      0.087270      
624      31.327391      0.087270      
625      32.139297      0.087270      
626      33.040013      0.087270      
627      33.635333      0.087270      
628      33.883431      0.087270      
629      34.389941      0.087270      
630      34.792169      0.087270      
631      36.023492      0.087270      
632      37.403788      0.087270      
633      38.358364      0.087270      
634      38.744549      0.087270      
635      39.429254      0.087270      
636      39.934044      0.087270      
637      40.336272      0.087270      
638      40.774025      0.087270      
639      41.614006      0.087270      
640      42.142862      0.087270      
641      42.514722      0.087270      
642      43.118638      0.087270      
643      43.690466      0.087270      
644      44.282922      0.087270      
645      45.103422      0.087270      
646      46.034506      0.087270      
647      46.732389      0.087270      
648      47.380423      0.087270      
649      48.206080      0.087270      
650      48.799682      0.087270      
651      49.542257      0.087270      
652      49.863696      0.087270      
653      50.602260      0.087270      
654      51.062359      0.087270      
655      51.670858      0.087270      
656      52.332071      0.087270      
657      53.251122      0.087270      
658      53.965049      0.087270      
659      54.971765      0.087270      
660      55.459940      0.087270      
661      56.607035      0.087270      
662      57.459621      0.087270      
663      58.456597      0.087270      
664      59.324654      0.087270      
665      59.999618      0.087270      
666      60.470030      0.087270      
667      61.041859      0.087270      
668      61.681299      0.087270      
669      62.257138      0.087270      
670      62.435333      0.087270      
671      63.020341      0.087270      
672      63.637434      0.087270      
673      64.427566      0.087270      
674      65.568359      0.087270      
675      67.270094      0.087270      
676      67.933026      0.087270      
677      68.797071      0.087270      
678      69.375776      0.087270      
679      69.676015      0.087270      
680      70.264460      0.087270      
681      70.542352      0.087270      
682      71.118192      0.087270      
683      72.218876      0.087270      
684      73.106414      0.087270      
685      74.203088      0.087270      
