59      0.032160      1636301347777      
60      0.015310      1636301347812      
61      0.032770      1636301347851      
62      0.030370      1636301347873      
63      0.015680      1636301347922      
64      0.020500      1636301347957      
65      0.008590      1636301347985      
66      0.008550      1636301348019      
67      0.021850      1636301348046      
68      0.015120      1636301348078      
69      0.018720      1636301348111      
70      0.024060      1636301348143      
71      0.006260      1636301348175      
72      0.005150      1636301348225      
73      0.024700      1636301348253      
74      0.010470      1636301348284      
75      0.009390      1636301348314      
76      0.006880      1636301348355      
77      0.002810      1636301348378      
78      0.010940      1636301348411      
79      0.007970      1636301348446      
80      0.004210      1636301348491      
81      0.020450      1636301348524      
82      0.014190      1636301348554      
83      0.017780      1636301348585      
84      0.026350      1636301348615      
85      0.021490      1636301348653      
86      0.016360      1636301348677      
87      0.027930      1636301348711      
88      0.019960      1636301348743      
89      0.008740      1636301348777      
90      0.027430      1636301348825      
91      0.032370      1636301348860      
92      0.012310      1636301348890      
93      0.011950      1636301348913      
94      0.005700      1636301348946      
95      0.005470      1636301348977      
96      0.008010      1636301349011      
97      0.006940      1636301349043      
98      0.008120      1636301349093      
99      0.026380      1636301349122      
100      0.019120      1636301349153      
101      0.026170      1636301349182      
102      0.026170      1636301349213      
103      0.024500      1636301349254      
104      0.026210      1636301349283      
105      0.004800      1636301349326      
106      0.025470      1636301349355      
107      0.009070      1636301349386      
108      0.006480      1636301349417      
109      0.010690      1636301349449      
110      0.001440      1636301349478      
111      0.003400      1636301349511      
112      0.001740      1636301349544      
113      -0.003930      1636301349591      
114      -0.000300      1636301349624      
115      0.000230      1636301349661      
116      -0.001160      1636301349687      
117      0.004310      1636301349720      
118      0.009680      1636301349747      
119      0.007780      1636301349780      
120      0.008580      1636301349811      
121      0.004450      1636301349845      
122      0.005240      1636301349893      
123      0.008660      1636301349926      
124      0.009860      1636301349959      
125      0.011880      1636301349989      
126      0.005880      1636301350020      
127      0.007020      1636301350053      
128      0.012970      1636301350081      
129      0.008780      1636301350114      
130      0.009820      1636301350144      
131      0.015420      1636301350178      
132      0.013380      1636301350210      
133      0.011130      1636301350261      
134      0.015140      1636301350295      
135      0.016550      1636301350321      
136      0.015660      1636301350352      
137      0.012050      1636301350384      
138      0.000210      1636301350415      
139      0.002440      1636301350448      
140      0.009190      1636301350500      
141      0.010090      1636301350536      
142      0.004580      1636301350560      
143      0.001440      1636301350594      
144      0.002700      1636301350625      
145      0.011070      1636301350659      
146      0.004560      1636301350692      
147      0.001140      1636301350720      
148      0.004260      1636301350751      
149      0.003170      1636301350784      
150      0.003160      1636301350828      
151      0.007710      1636301350865      
152      -0.002500      1636301350894      
153      -0.001060      1636301350925      
154      -0.000200      1636301350956      
155      -0.003560      1636301350988      
156      -0.001240      1636301351020      
157      -0.004020      1636301351046      
158      0.001660      1636301351096      
159      -0.001880      1636301351128      
160      0.000300      1636301351160      
161      -0.001260      1636301351194      
162      0.001510      1636301351225      
163      0.003570      1636301351255      
164      0.001940      1636301351293      
165      0.001950      1636301351319      
166      0.007460      1636301351363      
167      0.007090      1636301351395      
168      0.004130      1636301351427      
169      0.005670      1636301351458      
170      0.010510      1636301351496      
171      0.003140      1636301351521      
172      0.002450      1636301351553      
173      0.003510      1636301351582      
174      0.001720      1636301351630      
175      0.000610      1636301351661      
176      0.003910      1636301351701      
177      0.006940      1636301351727      
178      0.002780      1636301351760      
179      0.004510      1636301351790      
180      0.013230      1636301351822      
181      0.003030      1636301351854      
182      0.001030      1636301351894      
183      0.004500      1636301351937      
184      0.004910      1636301351964      
185      0.004560      1636301351995      
186      0.005890      1636301352026      
187      0.000290      1636301352057      
188      0.006580      1636301352095      
189      0.013240      1636301352124      
190      0.006980      1636301352153      
191      0.000360      1636301352185      
192      0.000350      1636301352235      
193      -0.002110      1636301352262      
194      -0.003900      1636301352296      
195      -0.001370      1636301352329      
196      -0.000320      1636301352357      
197      -0.000960      1636301352391      
198      -0.001210      1636301352421      
199      -0.002640      1636301352454      
200      0.000780      1636301352483      
201      0.000160      1636301352537      
202      -0.000900      1636301352561      
203      0.002960      1636301352593      
204      0.001200      1636301352625      
205      0.003100      1636301352656      
206      0.004610      1636301352688      
207      0.006980      1636301352723      
208      0.001730      1636301352752      
209      0.008760      1636301352786      
210      0.000200      1636301352816      
211      0.002710      1636301352846      
212      0.001650      1636301352878      
213      0.000200      1636301352913      
214      0.000220      1636301352945      
215      0.002560      1636301352976      
216      0.000150      1636301353020      
217      0.004720      1636301353052      
218      0.001410      1636301353083      
219      -0.001410      1636301353118      
220      0.005620      1636301353146      
221      0.001390      1636301353178      
222      0.004220      1636301353209      
223      0.004210      1636301353241      
224      0.003180      1636301353287      
225      0.004130      1636301353320      
226      0.001400      1636301353351      
227      0.001060      1636301353385      
228      0.001880      1636301353410      
229      0.002890      1636301353441      
230      0.001440      1636301353488      
231      0.002930      1636301353523      
232      0.001170      1636301353558      
233      0.003230      1636301353584      
234      0.002880      1636301353613      
235      0.000100      1636301353645      
236      0.000830      1636301353678      
237      0.003910      1636301353708      
238      0.001890      1636301353762      
239      0.004320      1636301353789      
240      0.000350      1636301353819      
241      0.004590      1636301353851      
242      0.002780      1636301353884      
243      0.004180      1636301353917      
244      0.004160      1636301353952      
245      0.002780      1636301353986      
246      0.005920      1636301354011      
247      0.003860      1636301354045      
248      0.000730      1636301354089      
249      0.007360      1636301354121      
250      0.004190      1636301354158      
251      0.003490      1636301354188      
252      0.006990      1636301354214      
253      0.004180      1636301354245      
254      -0.002440      1636301354277      
255      0.001400      1636301354311      
256      -0.004210      1636301354342      
257      0.000000      1636301354390      
258      0.004950      1636301354421      
259      0.001020      1636301354453      
260      -0.002490      1636301354485      
261      0.006930      1636301354517      
262      0.004130      1636301354550      
263      0.001370      1636301354587      
264      0.006960      1636301354611      
265      0.007320      1636301354645      
266      0.001280      1636301354689      
267      -0.000060      1636301354721      
268      0.002500      1636301354753      
269      0.003240      1636301354794      
270      0.003300      1636301354821      
271      0.002870      1636301354846      
272      0.004580      1636301354887      
273      0.003090      1636301354911      
274      0.000690      1636301354944      
275      0.006920      1636301354999      
276      0.001270      1636301355021      
277      -0.000060      1636301355053      
278      0.003040      1636301355085      
279      0.000890      1636301355117      
280      -0.001440      1636301355150      
281      0.002700      1636301355182      
282      0.001670      1636301355212      
283      0.004110      1636301355243      
284      0.002790      1636301355290      
285      0.005170      1636301355321      
286      0.003150      1636301355353      
287      0.005520      1636301355389      
288      0.001380      1636301355416      
289      0.000030      1636301355445      
290      0.004210      1636301355477      
291      0.002770      1636301355512      
292      0.001410      1636301355556      
293      0.007040      1636301355589      
294      0.004170      1636301355619      
295      0.003170      1636301355650      
296      0.008440      1636301355680      
297      0.001400      1636301355711      
298      0.001770      1636301355744      
299      0.002480      1636301355785      
300      0.000040      1636301355825      
301      0.003280      1636301355855      
302      0.003900      1636301355887      
303      0.002900      1636301355920      
304      0.004600      1636301355951      
305      0.000370      1636301355986      
306      0.004170      1636301356019      
307      0.007010      1636301356045      
308      0.002800      1636301356078      
309      0.002780      1636301356110      
310      0.002390      1636301356156      
311      0.000320      1636301356191      
312      0.005600      1636301356225      
313      0.005610      1636301356257      
314      0.003540      1636301356285      
315      0.005970      1636301356315      
316      0.001770      1636301356344      
317      0.000360      1636301356378      
318      0.004200      1636301356433      
319      -0.001400      1636301356456      
320      -0.001360      1636301356489      
321      0.002800      1636301356521      
322      -0.002440      1636301356552      
323      0.003870      1636301356584      
324      0.003160      1636301356622      
325      0.003080      1636301356645      
326      0.004160      1636301356678      
327      -0.000030      1636301356724      
328      -0.004220      1636301356756      
329      0.000000      1636301356790      
330      -0.001090      1636301356824      
331      -0.000050      1636301356852      
332      -0.002850      1636301356885      
333      -0.000050      1636301356914      
334      0.001410      1636301356945      
335      0.002800      1636301356991      
336      0.008440      1636301357035      
337      0.002820      1636301357056      
338      0.004180      1636301357086      
339      0.002450      1636301357118      
340      0.001760      1636301357150      
341      0.001400      1636301357179      
342      -0.002720      1636301357212      
343      -0.005580      1636301357258      
344      -0.002740      1636301357292      
345      -0.000930      1636301357324      
346      0.005650      1636301357356      
347      0.002430      1636301357388      
348      -0.003870      1636301357426      
349      -0.007050      1636301357452      
350      -0.015470      1636301357484      
351      -0.007350      1636301357516      
352      -0.008830      1636301357547      
353      0.000020      1636301357576      
354      0.011640      1636301357634      
355      0.008050      1636301357661      
356      0.001050      1636301357688      
357      0.000350      1636301357719      
358      -0.004220      1636301357751      
359      -0.008350      1636301357785      
360      -0.019700      1636301357818      
361      -0.023570      1636301357860      
362      -0.012640      1636301357892      
363      -0.029540      1636301357927      
364      -0.029620      1636301357957      
365      -0.018300      1636301357988      
366      -0.024970      1636301358022      
367      -0.029640      1636301358052      
368      -0.041290      1636301358079      
369      -0.038180      1636301358110      
370      -0.029440      1636301358159      
371      -0.017120      1636301358192      
372      -0.016520      1636301358226      
373      -0.011560      1636301358259      
374      -0.008310      1636301358289      
375      -0.010820      1636301358319      
376      -0.019880      1636301358350      
377      -0.017000      1636301358393      
378      -0.009580      1636301358426      
379      -0.011280      1636301358468      
380      -0.019700      1636301358490      
381      -0.007020      1636301358521      
382      -0.008420      1636301358553      
383      -0.015140      1636301358585      
384      -0.009460      1636301358615      
385      -0.011200      1636301358669      
386      -0.040190      1636301358694      
387      -0.011940      1636301358727      
388      -0.014110      1636301358759      
389      -0.008920      1636301358791      
390      -0.005750      1636301358821      
391      -0.012890      1636301358858      
392      -0.020680      1636301358879      
393      -0.038760      1636301358928      
394      -0.052920      1636301358960      
395      -0.021220      1636301358999      
396      -0.035430      1636301359027      
397      -0.022550      1636301359068      
398      -0.018650      1636301359095      
399      -0.012580      1636301359123      
400      -0.008360      1636301359153      
401      -0.016720      1636301359183      
402      -0.026970      1636301359212      
403      -0.017180      1636301359269      
404      -0.024660      1636301359303      
405      -0.013060      1636301359327      
406      -0.024670      1636301359359      
407      -0.024260      1636301359390      
408      -0.036290      1636301359423      
409      -0.025070      1636301359456      
410      -0.022290      1636301359486      
411      -0.025530      1636301359519      
412      -0.025460      1636301359545      
413      -0.021930      1636301359595      
414      -0.031640      1636301359626      
415      -0.017320      1636301359661      
416      -0.003200      1636301359694      
417      -0.009890      1636301359721      
418      -0.025010      1636301359754      
419      -0.017620      1636301359798      
420      -0.014450      1636301359817      
421      -0.017950      1636301359847      
422      -0.017620      1636301359894      
423      -0.028290      1636301359926      
424      -0.026200      1636301359960      
425      -0.011730      1636301359992      
426      -0.025570      1636301360022      
427      -0.026630      1636301360057      
428      -0.029360      1636301360091      
429      -0.028120      1636301360118      
430      -0.020390      1636301360150      
431      -0.022100      1636301360179      
432      -0.025950      1636301360227      
