53      0.020820      1634927728699      
54      0.016070      1634927728738      
55      0.017780      1634927728766      
56      0.012800      1634927728799      
57      0.003400      1634927728829      
58      0.003650      1634927728860      
59      0.007460      1634927728894      
60      0.012200      1634927728937      
61      0.008080      1634927728971      
62      0.019450      1634927728997      
63      0.022770      1634927729033      
64      0.015390      1634927729061      
65      0.007850      1634927729099      
66      0.009460      1634927729133      
67      0.015930      1634927729166      
68      0.003250      1634927729194      
69      0.004850      1634927729228      
70      0.010470      1634927729265      
71      0.013260      1634927729295      
72      0.015030      1634927729335      
73      0.009090      1634927729367      
74      0.012420      1634927729397      
75      0.013980      1634927729429      
76      0.014320      1634927729460      
77      0.013070      1634927729497      
78      0.011690      1634927729535      
79      0.014350      1634927729562      
80      0.014230      1634927729597      
81      0.011550      1634927729628      
82      0.029580      1634927729663      
83      0.038060      1634927729698      
84      0.036520      1634927729735      
85      0.016890      1634927729768      
86      -0.002710      1634927729796      
87      -0.013980      1634927729831      
88      -0.001190      1634927729862      
89      -0.001390      1634927729895      
90      -0.002880      1634927729934      
91      0.001530      1634927729966      
92      0.005850      1634927729994      
93      0.004580      1634927730033      
94      0.004920      1634927730061      
95      0.005310      1634927730098      
96      0.001820      1634927730128      
97      0.005300      1634927730170      
98      0.004680      1634927730201      
99      0.003680      1634927730234      
100      0.000570      1634927730260      
101      0.017700      1634927730295      
102      0.016330      1634927730328      
103      0.008950      1634927730385      
104      0.011590      1634927730418      
105      0.033730      1634927730443      
106      0.015170      1634927730471      
107      -0.001000      1634927730495      
108      -0.005130      1634927730530      
109      0.005030      1634927730569      
110      0.006120      1634927730601      
111      0.011350      1634927730635      
112      0.015830      1634927730662      
113      0.002930      1634927730697      
114      0.003040      1634927730729      
115      0.002950      1634927730769      
116      0.004770      1634927730797      
117      -0.000950      1634927730828      
118      -0.003050      1634927730862      
119      0.006840      1634927730899      
120      0.000030      1634927730928      
121      -0.001520      1634927730966      
122      0.010520      1634927731003      
123      0.019080      1634927731040      
124      0.008620      1634927731067      
125      -0.000490      1634927731095      
126      0.012020      1634927731133      
127      0.031180      1634927731162      
128      0.023810      1634927731199      
129      0.007200      1634927731235      
130      0.031550      1634927731262      
131      0.045850      1634927731296      
132      0.031560      1634927731335      
133      -0.004720      1634927731362      
134      -0.012890      1634927731398      
135      0.005940      1634927731436      
136      0.011760      1634927731468      
137      -0.000800      1634927731496      
138      -0.003830      1634927731527      
139      0.006130      1634927731561      
140      0.010160      1634927731594      
141      0.000190      1634927731647      
142      -0.002630      1634927731673      
143      0.001380      1634927731702      
144      0.007060      1634927731729      
145      0.009140      1634927731762      
146      0.020070      1634927731795      
147      0.007050      1634927731836      
148      -0.001600      1634927731869      
149      -0.004000      1634927731897      
150      0.012200      1634927731927      
151      0.007620      1634927731960      
152      0.000680      1634927731994      
153      0.001520      1634927732036      
154      0.012840      1634927732064      
155      0.018550      1634927732095      
156      -0.000760      1634927732130      
157      -0.000590      1634927732160      
158      0.004450      1634927732194      
159      0.003910      1634927732230      
160      0.000180      1634927732265      
161      0.005160      1634927732295      
162      0.002700      1634927732329      
163      0.000030      1634927732362      
164      0.012900      1634927732394      
165      0.003200      1634927732432      
166      0.001410      1634927732469      
167      -0.000370      1634927732495      
168      0.007990      1634927732530      
169      0.028900      1634927732562      
170      0.014890      1634927732594      
171      -0.010670      1634927732629      
172      -0.005840      1634927732668      
173      0.000420      1634927732695      
174      0.003050      1634927732729      
175      0.019910      1634927732762      
176      0.014650      1634927732795      
177      -0.001990      1634927732827      
178      -0.009180      1634927732866      
179      0.002330      1634927732898      
180      0.004070      1634927732928      
181      0.009690      1634927732960      
182      0.005260      1634927732995      
183      0.001780      1634927733028      
184      0.001010      1634927733068      
185      -0.000510      1634927733104      
186      0.009200      1634927733132      
187      0.009680      1634927733163      
188      0.001730      1634927733197      
189      0.005360      1634927733229      
190      0.008020      1634927733266      
191      0.010440      1634927733308      
192      0.002160      1634927733330      
193      -0.001660      1634927733362      
194      0.007860      1634927733395      
195      0.008940      1634927733429      
196      0.010050      1634927733463      
197      -0.001120      1634927733505      
198      0.008550      1634927733528      
199      0.011840      1634927733561      
200      -0.000370      1634927733595      
201      -0.004780      1634927733636      
202      -0.002850      1634927733663      
203      0.008860      1634927733704      
204      0.004030      1634927733730      
205      0.000200      1634927733763      
206      0.003140      1634927733802      
207      0.000410      1634927733830      
208      0.001230      1634927733863      
209      0.002240      1634927733900      
210      0.003570      1634927733931      
211      0.000730      1634927733965      
212      0.000260      1634927733997      
213      -0.001060      1634927734031      
214      -0.000200      1634927734068      
215      -0.000790      1634927734110      
216      0.005120      1634927734133      
217      0.025620      1634927734166      
218      0.010210      1634927734200      
219      -0.003610      1634927734233      
220      -0.010680      1634927734269      
221      -0.001110      1634927734311      
222      -0.001030      1634927734335      
223      0.009600      1634927734369      
224      0.004460      1634927734402      
225      0.001360      1634927734436      
226      -0.002830      1634927734472      
227      -0.001420      1634927734524      
228      0.003010      1634927734549      
229      0.012610      1634927734576      
230      0.001170      1634927734605      
231      0.001000      1634927734643      
232      -0.003040      1634927734674      
233      -0.001850      1634927734732      
234      0.007000      1634927734760      
235      0.002040      1634927734780      
236      -0.000860      1634927734812      
237      -0.001730      1634927734840      
238      -0.001170      1634927734875      
239      -0.004030      1634927734921      
240      -0.001000      1634927734951      
241      0.001940      1634927734980      
242      -0.000090      1634927735016      
243      -0.000270      1634927735047      
244      0.008500      1634927735083      
245      0.010430      1634927735117      
246      0.000940      1634927735147      
247      -0.001760      1634927735180      
248      -0.000310      1634927735211      
249      0.007300      1634927735245      
250      0.002330      1634927735281      
251      0.010340      1634927735320      
252      0.005940      1634927735348      
253      0.000400      1634927735383      
254      -0.003710      1634927735411      
255      0.002350      1634927735448      
256      -0.004020      1634927735482      
257      0.004290      1634927735517      
258      -0.001430      1634927735549      
259      -0.000290      1634927735581      
260      0.004070      1634927735614      
261      0.001820      1634927735647      
262      -0.001390      1634927735683      
263      0.006940      1634927735716      
264      0.022210      1634927735751      
265      0.001740      1634927735783      
266      -0.004950      1634927735815      
267      -0.000810      1634927735849      
268      0.005210      1634927735882      
269      -0.001420      1634927735901      
270      0.001290      1634927735930      
271      0.004020      1634927735968      
272      0.004420      1634927736002      
273      0.005570      1634927736033      
274      0.008840      1634927736061      
275      0.003410      1634927736095      
276      0.003520      1634927736129      
277      -0.001720      1634927736177      
278      -0.003700      1634927736218      
279      0.005340      1634927736244      
280      0.002840      1634927736269      
281      0.004640      1634927736294      
282      0.006650      1634927736327      
283      0.004390      1634927736363      
284      0.002630      1634927736403      
285      0.001810      1634927736433      
286      0.000830      1634927736467      
287      0.006900      1634927736495      
288      0.012820      1634927736529      
289      0.001910      1634927736561      
290      0.002540      1634927736603      
291      0.003170      1634927736633      
292      -0.001190      1634927736662      
293      0.000910      1634927736695      
294      0.004180      1634927736728      
295      0.007030      1634927736761      
296      0.001110      1634927736800      
297      0.000810      1634927736835      
298      -0.000230      1634927736862      
299      0.006070      1634927736895      
300      0.005040      1634927736929      
301      0.002370      1634927736961      
302      0.003640      1634927736997      
303      0.001270      1634927737043      
304      0.004100      1634927737065      
305      0.002580      1634927737096      
306      0.004820      1634927737130      
307      0.007820      1634927737164      
308      0.004280      1634927737200      
309      0.002430      1634927737243      
310      0.003910      1634927737267      
311      0.002670      1634927737296      
312      0.000000      1634927737331      
313      0.002250      1634927737364      
314      -0.000960      1634927737399      
315      0.001440      1634927737451      
316      0.003870      1634927737481      
317      0.000060      1634927737503      
318      -0.000210      1634927737530      
319      0.001210      1634927737565      
320      0.002580      1634927737597      
321      -0.001730      1634927737643      
322      0.001300      1634927737686      
323      -0.000270      1634927737704      
324      -0.000300      1634927737731      
325      0.002030      1634927737765      
326      -0.000980      1634927737798      
327      -0.003380      1634927737833      
328      -0.000680      1634927737870      
329      -0.002380      1634927737899      
330      -0.004260      1634927737932      
331      0.001020      1634927737963      
332      0.006050      1634927737997      
333      0.001860      1634927738032      
334      0.002100      1634927738069      
335      0.004350      1634927738100      
336      0.003240      1634927738133      
337      0.002710      1634927738164      
338      0.003150      1634927738197      
339      0.009680      1634927738233      
340      0.001820      1634927738270      
341      0.001400      1634927738298      
342      0.003520      1634927738334      
343      0.008660      1634927738365      
344      0.004650      1634927738398      
345      -0.002800      1634927738434      
346      0.002120      1634927738476      
347      0.001730      1634927738500      
348      -0.007390      1634927738533      
349      -0.001940      1634927738568      
350      0.000960      1634927738601      
351      -0.001700      1634927738635      
352      0.001450      1634927738680      
353      0.008970      1634927738701      
354      0.001050      1634927738736      
355      -0.000180      1634927738769      
356      0.006340      1634927738804      
357      -0.000530      1634927738835      
358      0.000880      1634927738881      
359      0.002470      1634927738912      
360      -0.001390      1634927738944      
361      0.000270      1634927738970      
362      0.000050      1634927739003      
363      0.002560      1634927739037      
364      0.012340      1634927739087      
365      0.007930      1634927739127      
366      0.001530      1634927739149      
367      -0.000010      1634927739175      
368      0.004750      1634927739209      
369      0.006310      1634927739242      
370      0.002380      1634927739284      
371      0.003810      1634927739309      
372      0.008860      1634927739342      
373      0.006640      1634927739377      
374      0.010840      1634927739410      
375      0.010890      1634927739446      
376      0.016300      1634927739486      
377      0.007370      1634927739510      
378      -0.006890      1634927739545      
379      -0.000520      1634927739576      
380      0.002470      1634927739610      
381      0.001380      1634927739642      
382      0.001130      1634927739689      
383      -0.000190      1634927739713      
384      0.006300      1634927739743      
385      0.004950      1634927739778      
386      -0.003000      1634927739810      
387      -0.000120      1634927739845      
388      -0.001260      1634927739887      
389      -0.002680      1634927739915      
390      0.002630      1634927739947      
391      0.003670      1634927739982      
392      0.004030      1634927740014      
393      0.005440      1634927740046      
394      0.011090      1634927740089      
395      0.000060      1634927740116      
396      -0.000230      1634927740149      
397      0.002490      1634927740184      
398      -0.001400      1634927740215      
399      0.003970      1634927740249      
400      0.002660      1634927740285      
401      0.000230      1634927740327      
402      0.004500      1634927740351      
403      0.004710      1634927740385      
404      -0.002630      1634927740419      
405      0.001390      1634927740451      
406      0.000170      1634927740493      
407      0.001320      1634927740533      
408      -0.001160      1634927740561      
409      0.005930      1634927740585      
410      0.000010      1634927740623      
411      0.001180      1634927740652      
412      -0.001220      1634927740693      
413      -0.002570      1634927740728      
414      -0.007220      1634927740754      
415      -0.003550      1634927740789      
416      -0.005030      1634927740821      
417      -0.002760      1634927740861      
418      -0.003810      1634927740895      
419      -0.006110      1634927740930      
420      -0.010840      1634927740956      
421      -0.017820      1634927740992      
422      -0.022200      1634927741022      
423      -0.037620      1634927741057      
424      -0.024770      1634927741094      
425      -0.027590      1634927741133      
426      -0.021930      1634927741159      
427      -0.015700      1634927741193      
428      -0.013050      1634927741227      
429      -0.011470      1634927741262      
430      -0.016370      1634927741296      
431      -0.013500      1634927741334      
432      -0.012160      1634927741361      
433      -0.022020      1634927741394      
434      -0.026730      1634927741426      
435      -0.022280      1634927741462      
436      -0.023730      1634927741498      
437      -0.032060      1634927741534      
438      -0.037290      1634927741560      
439      -0.014960      1634927741578      
440      -0.036180      1634927741603      
441      -0.024870      1634927741636      
442      -0.043230      1634927741669      
443      -0.032380      1634927741708      
444      -0.046410      1634927741754      
445      -0.026550      1634927741779      
446      -0.029300      1634927741810      
447      -0.031880      1634927741838      
448      -0.015510      1634927741871      
449      -0.029760      1634927741905      
450      -0.051010      1634927741967      
451      -0.028920      1634927742000      
452      -0.045660      1634927742026      
453      -0.015160      1634927742050      
454      -0.031860      1634927742072      
455      -0.027850      1634927742106      
456      -0.029330      1634927742146      
457      -0.026340      1634927742179      
458      -0.027380      1634927742204      
459      -0.026330      1634927742237      
460      -0.015890      1634927742270      
461      -0.011410      1634927742310      
462      -0.005760      1634927742343      
463      -0.005400      1634927742384      
464      -0.005830      1634927742409      
465      -0.005130      1634927742441      
466      -0.006100      1634927742476      
467      -0.010210      1634927742508      
468      -0.010960      1634927742544      
469      -0.009450      1634927742579      
470      -0.016770      1634927742610      
471      -0.023790      1634927742640      
472      -0.015820      1634927742670      
473      -0.018090      1634927742712      
474      -0.025510      1634927742741      
475      -0.027180      1634927742777      
476      -0.037700      1634927742817      
477      -0.031350      1634927742842      
478      -0.035100      1634927742876      
479      -0.017940      1634927742908      
480      -0.023560      1634927742943      
481      -0.040930      1634927742979      
482      -0.024400      1634927743014      
483      0.001540      1634927743044      
484      -0.009800      1634927743075      
485      -0.026020      1634927743108      
486      -0.013100      1634927743142      
487      -0.010330      1634927743184      
488      -0.010910      1634927743228      
489      -0.009170      1634927743249      
490      -0.005530      1634927743279      
491      -0.002650      1634927743310      
492      -0.008680      1634927743344      
493      -0.007090      1634927743383      
494      -0.003600      1634927743422      
495      -0.005890      1634927743449      
496      -0.007520      1634927743480      
497      -0.007240      1634927743512      
498      -0.002300      1634927743544      
499      -0.008430      1634927743583      
500      -0.014810      1634927743618      
