67      74.788668      0.087270      
68      73.988795      0.087270      
69      73.473691      0.087270      
70      73.061722      0.087270      
71      72.289352      0.087270      
72      71.657361      0.087270      
73      70.556677      0.087270      
74      70.022664      0.087270      
75      69.517301      0.087270      
76      68.849212      0.087270      
77      67.750820      0.087270      
78      67.522203      0.087270      
79      67.183575      0.087270      
80      66.623205      0.087270      
81      66.257075      0.087270      
82      65.403915      0.087270      
83      64.895114      0.087270      
84      64.657902      0.087270      
85      63.913608      0.087270      
86      63.670094      0.087270      
87      63.368709      0.087270      
88      62.826675      0.087270      
89      62.533312      0.087270      
90      62.129938      0.087270      
91      61.531179      0.087270      
92      60.774853      0.087270      
93      59.357886      0.087270      
94      59.154480      0.087270      
95      58.912112      0.087270      
96      58.205061      0.087270      
97      57.516346      0.087270      
98      56.925609      0.087270      
99      56.366385      0.087270      
100      55.679962      0.087270      
101      55.157409      0.087270      
102      55.007290      0.087270      
103      54.326023      0.087270      
104      53.726691      0.087270      
105      53.476301      0.087270      
106      52.982970      0.087270      
107      52.216903      0.087270      
108      51.557409      0.087270      
109      51.061786      0.087270      
110      50.265351      0.087270      
111      50.039599      0.087270      
112      49.365781      0.087270      
113      48.534967      0.087270      
114      47.622792      0.087270      
115      46.825211      0.087270      
116      46.475123      0.087270      
117      45.782970      0.087270      
118      44.942989      0.087270      
119      44.533312      0.087270      
120      43.779277      0.087270      
121      43.507687      0.087270      
122      42.834442      0.087270      
123      42.291262      0.087270      
124      41.682190      0.087270      
125      41.262773      0.087270      
126      40.547700      0.087270      
127      39.372529      0.087270      
128      37.207831      0.087270      
129      36.485883      0.087270      
130      36.268152      0.087270      
131      35.315295      0.087270      
132      34.273627      0.087270      
133      33.480057      0.087270      
134      33.379214      0.087270      
135      33.013656      0.087270      
136      31.707847      0.087270      
137      31.016266      0.087270      
138      30.104663      0.087270      
139      29.762597      0.087270      
140      29.276142      0.087270      
141      28.676237      0.087270      
142      28.104409      0.087270      
143      27.511380      0.087270      
144      26.593474      0.087270      
145      25.833137      0.087270      
146      25.166767      0.087270      
147      24.445965      0.087270      
148      23.863250      0.087270      
149      23.811109      0.087270      
150      23.518319      0.087270      
151      23.211778      0.087270      
152      22.866274      0.087270      
153      21.704281      0.087270      
154      21.049944      0.087270      
155      20.199077      0.087270      
156      19.840968      0.087270      
157      19.178609      0.087270      
158      18.418845      0.087270      
159      17.965622      0.087270      
160      17.539328      0.087270      
161      16.782429      0.087270      
162      16.235238      0.087270      
163      15.802642      0.087270      
164      15.349419      0.087270      
165      15.205602      0.087270      
166      14.631482      0.087270      
167      13.408754      0.087270      
168      12.796244      0.087270      
169      12.629508      0.087270      
170      12.380837      0.087270      
171      11.627375      0.087270      
172      11.386726      0.087270      
173      11.319688      0.087270      
174      10.897406      0.087270      
175      10.685405      0.087270      
176      10.629827      0.087270      
177      10.495177      0.087270      
178      10.508356      0.087270      
179      10.413242      0.087270      
180      10.095241      0.087270      
181      10.020754      0.087270      
182      9.612223      0.087270      
183      8.905173      0.087270      
184      8.626707      0.087270      
185      8.226771      0.087270      
186      7.958046      0.087270      
187      7.542639      0.087270      
188      7.193124      0.087270      
189      7.085405      0.087270      
190      6.879134      0.087270      
191      6.351424      0.087270      
192      6.213911      0.087270      
193      5.908515      0.087270      
194      5.701671      0.087270      
195      5.623747      0.087270      
196      5.329811      0.087270      
197      5.017539      0.087270      
198      5.167086      0.087270      
199      5.159064      0.087270      
200      5.212351      0.087270      
201      5.135572      0.087270      
202      5.092026      0.087270      
203      5.130415      0.087270      
204      4.859398      0.087270      
205      4.657138      0.087270      
206      4.217094      0.087270      
207      3.588541      0.087270      
208      3.341588      0.087270      
209      2.922744      0.087270      
210      1.731530      0.087270      
211      0.783829      0.087270      
212      0.853732      0.087270      
213      1.034792      0.087270      
214      1.025052      0.087270      
215      0.934522      0.087270      
216      0.871495      0.087270      
217      0.867484      0.087270      
218      0.849721      0.087270      
219      0.705332      0.087270      
220      0.633710      0.087270      
221      0.548910      0.087270      
222      0.340347      0.087270      
223      -0.029222      0.087270      
224      -0.189082      0.087270      
225      -0.834824      0.087270      
226      -1.337896      0.087270      
227      -1.713194      0.087270      
228      -1.921757      0.087270      
229      -2.318256      0.087270      
230      -2.431132      0.087270      
231      -2.530829      0.087270      
232      -2.692408      0.087270      
233      -2.862009      0.087270      
234      -2.934776      0.087270      
235      -3.254496      0.087270      
236      -3.362216      0.087270      
237      -3.422951      0.087270      
238      -3.444151      0.087270      
239      -3.530670      0.087270      
240      -3.664746      0.087270      
241      -3.679643      0.087270      
242      -3.896801      0.087270      
243      -4.045201      0.087270      
244      -4.421646      0.087270      
245      -4.848512      0.087270      
246      -4.929301      0.087270      
247      -4.892058      0.087270      
248      -4.998631      0.087270      
249      -5.351011      0.087270      
250      -6.017380      0.087270      
251      -6.187554      0.087270      
252      -6.448830      0.087270      
253      -6.920961      0.087270      
254      -7.123794      0.087270      
255      -7.200573      0.087270      
256      -7.361579      0.087270      
257      -7.705364      0.087270      
258      -8.018208      0.087270      
259      -8.221041      0.087270      
260      -8.441636      0.087270      
261      -8.674837      0.087270      
262      -8.828967      0.087270      
263      -9.084514      0.087270      
264      -9.228903      0.087270      
265      -9.228903      0.087270      
266      -9.580137      0.087270      
267      -9.693586      0.087270      
268      -9.904441      0.087270      
269      -10.216139      0.087270      
270      -10.472831      0.087270      
271      -11.058412      0.087270      
272      -11.508770      0.087270      
273      -11.570078      0.087270      
274      -11.605602      0.087270      
275      -11.760306      0.087270      
276      -11.862868      0.087270      
277      -12.112685      0.087270      
278      -12.266242      0.087270      
279      -12.284004      0.087270      
280      -12.367659      0.087270      
281      -12.647270      0.087270      
282      -12.721184      0.087270      
283      -13.106796      0.087270      
284      -13.362343      0.087270      
285      -13.749101      0.087270      
286      -14.092886      0.087270      
287      -14.349005      0.087270      
288      -14.443546      0.087270      
289      -14.594811      0.087270      
290      -14.817699      0.087270      
291      -14.834888      0.087270      
292      -14.980423      0.087270      
293      -15.442241      0.087270      
294      -15.727009      0.087270      
295      -15.941302      0.087270      
296      -16.258157      0.087270      
297      -16.373325      0.087270      
298      -16.646061      0.087270      
299      -16.670699      0.087270      
300      -17.088397      0.087270      
301      -17.503804      0.087270      
302      -17.539328      0.087270      
303      -17.936400      0.087270      
304      -18.608499      0.087270      
305      -18.868630      0.087270      
306      -19.117301      0.087270      
307      -19.736686      0.087270      
308      -20.323985      0.087270      
309      -20.633392      0.087270      
310      -20.906701      0.087270      
311      -21.817730      0.087270      
312      -22.181569      0.087270      
313      -22.223396      0.087270      
314      -22.485246      0.087270      
315      -22.704695      0.087270      
316      -22.717874      0.087270      
317      -22.810123      0.087270      
318      -23.061658      0.087270      
319      -23.086296      0.087270      
320      -23.002069      0.087270      
321      -23.097756      0.087270      
322      -23.080567      0.087270      
323      -23.045042      0.087270      
324      -22.897215      0.087270      
325      -22.916696      0.087270      
326      -22.972274      0.087270      
327      -23.011810      0.087270      
328      -23.218654      0.087270      
329      -23.354449      0.087270      
330      -23.295432      0.087270      
331      -23.378513      0.087270      
332      -23.479357      0.087270      
333      -23.509725      0.087270      
334      -23.647239      0.087270      
335      -23.579628      0.087270      
336      -23.608849      0.087270      
337      -23.545249      0.087270      
338      -23.626611      0.087270      
339      -23.714850      0.087270      
340      -23.673022      0.087270      
341      -23.846061      0.087270      
342      -23.834601      0.087270      
343      -23.773293      0.087270      
344      -23.900493      0.087270      
345      -23.764698      0.087270      
346      -23.713131      0.087270      
347      -23.756104      0.087270      
348      -23.678179      0.087270      
349      -23.203183      0.087270      
350      -22.501862      0.087270      
351      -21.561038      0.087270      
352      -20.574375      0.087270      
353      -19.459940      0.087270      
354      -18.034951      0.087270      
355      -17.559382      0.087270      
356      -16.766385      0.087270      
357      -15.718415      0.087270      
358      -15.179246      0.087270      
359      -13.845933      0.087270      
360      -12.003247      0.087270      
361      -10.242496      0.087270      
362      -8.974503      0.087270      
363      -7.513990      0.087270      
364      -6.463155      0.087270      
365      -5.565876      0.087270      
366      -5.300016      0.087270      
367      -4.552284      0.087270      
368      -3.987904      0.087270      
369      -3.127869      0.087270      
370      -2.243769      0.087270      
371      -0.981506      0.087270      
372      -0.347223      0.087270      
373      0.440045      0.087270      
374      0.969473      0.087270      
375      2.053541      0.087270      
376      3.199491      0.087270      
377      4.276683      0.087270      
378      5.127551      0.087270      
379      5.952634      0.087270      
380      7.590196      0.087270      
381      8.583734      0.087270      
382      9.771510      0.087270      
383      10.709470      0.087270      
384      11.300780      0.087270      
385      12.549865      0.087270      
386      13.643673      0.087270      
387      15.637052      0.087270      
388      17.970778      0.087270      
389      19.266274      0.087270      
390      19.679962      0.087270      
391      20.300493      0.087270      
392      20.889511      0.087270      
393      21.793092      0.087270      
394      22.434251      0.087270      
395      23.495400      0.087270      
396      25.010918      0.087270      
397      26.659367      0.087270      
398      28.829222      0.087270      
399      31.154353      0.087270      
400      32.558714      0.087270      
401      32.951775      0.087270      
402      33.158046      0.087270      
403      33.439376      0.087270      
404      33.914945      0.087270      
405      34.459271      0.087270      
406      35.262582      0.087270      
407      36.355244      0.087270      
408      37.442750      0.087270      
409      38.477543      0.087270      
410      39.414929      0.087270      
411      39.826898      0.087270      
412      40.539678      0.087270      
413      40.904090      0.087270      
414      41.896483      0.087270      
415      43.483049      0.087270      
416      44.128219      0.087270      
417      44.878243      0.087270      
418      45.211714      0.087270      
419      45.934235      0.087270      
420      47.028617      0.087270      
421      47.816457      0.087270      
422      49.531370      0.087270      
423      50.228681      0.087270      
424      50.901926      0.087270      
425      51.984275      0.087270      
426      52.614547      0.087270      
427      52.793888      0.087270      
428      52.999013      0.087270      
429      53.576572      0.087270      
430      54.234920      0.087270      
431      55.303517      0.087270      
432      56.183034      0.087270      
433      57.245329      0.087270      
434      57.934044      0.087270      
435      58.931593      0.087270      
436      59.460449      0.087270      
437      60.216775      0.087270      
438      60.945599      0.087270      
439      61.838294      0.087270      
440      62.301257      0.087270      
441      63.107433      0.087270      
442      63.926214      0.087270      
443      65.429699      0.087270      
444      66.311507      0.087270      
445      66.689098      0.087270      
446      68.035015      0.087270      
447      69.684036      0.087270      
448      70.824256      0.087270      
449      72.044119      0.087270      
450      72.977495      0.087270      
451      74.235747      0.087270      
