31      -12.452855      59.863947      57.333152      
32      -11.684378      58.126992      58.763725      
33      -11.554848      56.603030      59.613891      
34      -11.310178      55.318314      60.373394      
35      -11.062591      53.755660      61.274285      
36      -10.831276      50.978422      62.605793      
37      -10.506287      48.502503      64.048628      
38      -10.266995      47.116471      64.936543      
39      -10.045072      45.308630      65.706417      
40      -9.619642      42.679048      66.798492      
41      -9.669948      39.754157      67.895558      
42      -8.876891      37.431574      69.398706      
43      -8.528990      35.344861      70.572475      
44      -7.826544      33.224307      72.014859      
45      -7.931039      31.799894      72.619407      
46      -8.781523      30.009264      72.813980      
47      -9.724237      27.977465      72.970269      
48      -10.919434      26.733974      73.099302      
49      -11.629643      25.439315      73.203235      
50      -11.649806      24.044884      73.674717      
51      -11.670701      22.713522      74.287447      
52      -11.257335      21.346686      74.905016      
53      -10.761157      19.794012      75.801555      
54      -10.890968      18.261945      76.394628      
55      -11.061314      16.983516      76.600412      
56      -10.954633      15.559344      77.098995      
57      -10.899398      13.876921      77.542239      
58      -10.918510      11.789691      78.386382      
59      -11.190689      10.454832      78.943813      
60      -11.220280      9.345250      79.396217      
61      -11.320834      8.002683      79.706281      
62      -11.549071      7.148945      79.938606      
63      -11.869239      6.293786      80.175523      
64      -11.896752      5.250823      80.913618      
65      -11.850412      4.173589      81.434422      
66      -12.103590      3.616420      81.620753      
67      -12.233697      2.865887      81.907910      
68      -12.406398      1.970318      82.246751      
69      -12.564804      1.504930      82.355876      
70      -12.770986      0.876783      82.560188      
71      -12.870186      0.373581      82.720949      
72      -13.030111      -0.132608      82.848765      
73      -13.282951      -0.743760      82.907161      
74      -13.463349      -1.577372      83.067096      
75      -13.882239      -2.071030      83.064780      
76      -14.048049      -2.462919      83.118473      
77      -14.564859      -3.305697      83.101074      
78      -14.687428      -3.769122      83.186298      
79      -14.978010      -4.249974      83.029490      
80      -14.827365      -4.548008      83.405489      
81      -14.735598      -5.102082      83.583933      
82      -14.688664      -5.722310      83.719264      
83      -14.914316      -6.366211      83.759425      
84      -14.905557      -6.889374      83.713904      
85      -15.084409      -7.847399      83.868154      
86      -15.135287      -8.491963      84.041752      
87      -15.160224      -9.409697      84.315982      
88      -15.449496      -10.727631      84.706722      
89      -15.679363      -11.795320      85.047087      
90      -15.831155      -12.289429      85.118957      
91      -15.923378      -12.650813      85.150562      
92      -15.999292      -12.840665      85.206988      
93      -16.098148      -12.879814      85.349888      
94      -16.040467      -12.800043      85.332047      
95      -15.870105      -11.725202      85.052896      
96      -15.810769      -11.109254      84.864324      
97      -15.672544      -10.188211      84.862198      
98      -15.445994      -9.437002      84.588517      
99      -15.096121      -9.152770      84.678861      
100      -15.063030      -8.984662      84.547098      
101      -14.902679      -9.416402      84.644038      
102      -14.951292      -11.429866      85.489441      
103      -15.003069      -11.975539      85.503293      
104      -15.018456      -13.667844      86.140460      
105      -15.125861      -14.012203      86.333126      
106      -15.095418      -14.658795      86.275859      
107      -15.279845      -15.806894      86.587810      
108      -15.512589      -16.588131      86.678833      
109      -15.606019      -16.439217      86.578735      
110      -15.617561      -16.348775      86.703416      
111      -15.695899      -16.696002      86.720756      
112      -15.784135      -16.984457      86.969120      
113      -15.768535      -16.977371      86.990580      
114      -15.697637      -16.628844      87.050922      
115      -15.726914      -16.338060      86.858603      
116      -15.690727      -16.015147      86.749939      
117      -15.588541      -16.121609      86.910620      
118      -15.514061      -16.964966      87.215123      
119      -15.449482      -17.706479      87.530945      
120      -15.480295      -17.711776      87.439340      
121      -15.605342      -18.274257      87.652935      
122      -15.555903      -18.400174      87.553657      
123      -15.543314      -19.000171      87.761507      
124      -15.808238      -20.131223      88.181447      
125      -15.857714      -20.433723      88.170674      
126      -15.858720      -20.348103      88.209556      
127      -15.915993      -20.359169      88.125248      
128      -16.089716      -21.039355      88.391616      
129      -16.146797      -21.541369      88.518899      
130      -16.228403      -21.702119      88.547763      
131      -16.420092      -22.139417      88.672070      
132      -16.442149      -22.012854      88.563112      
133      -16.567775      -22.441112      88.825670      
134      -16.594409      -22.765816      88.768122      
135      -16.692758      -22.799074      88.770721      
136      -16.658332      -22.610044      88.774127      
137      -16.654625      -22.570004      88.816894      
138      -16.632158      -22.439510      88.707344      
139      -16.527877      -22.209296      88.572415      
140      -16.626325      -22.285988      88.533458      
141      -16.793701      -21.972994      88.287810      
142      -17.149226      -22.761101      88.253634      
143      -16.974631      -21.529975      88.512207      
144      -17.050675      -22.567089      89.032143      
145      -16.914055      -21.905855      88.888911      
146      -16.782531      -15.357113      86.715551      
147      -16.364798      -10.218216      84.554348      
148      -15.805351      -4.517056      82.279845      
149      -15.981710      -0.521771      80.466042      
150      -15.932369      4.376217      78.697211      
151      -15.246461      6.475508      78.141306      
152      -15.073972      9.005746      77.633031      
153      -14.869162      10.471945      76.719255      
154      -14.525357      7.661041      77.996456      
155      -14.106455      -1.000664      80.636667      
156      -14.272731      -7.320819      83.204616      
157      -14.759783      -11.593475      85.014627      
158      -15.214281      -13.292592      85.475943      
159      -15.628453      -14.718464      86.084403      
160      -15.978880      -15.976835      86.506834      
161      -16.058433      -16.596455      86.785478      
162      -16.002484      -17.331109      87.221669      
163      -16.053411      -17.795088      87.481965      
164      -16.094424      -18.047255      87.532164      
165      -15.976060      -18.000535      87.681824      
166      -15.917879      -20.201308      88.017692      
167      -16.427336      -21.311049      88.845696      
168      -16.067618      -21.301556      89.054336      
169      -15.848729      -21.990636      88.941849      
170      -15.655630      -22.460116      88.491460      
171      -15.857486      -23.454306      88.824509      
172      -15.966725      -24.037042      88.805908      
173      -16.507344      -23.479169      88.860451      
174      -16.074705      -22.783785      88.685194      
175      -15.944244      -22.569681      88.984549      
176      -15.890423      -22.728781      88.877842      
177      -15.869302      -22.329809      88.443166      
178      -16.310085      -21.630794      88.658615      
179      -16.193067      -20.706536      88.391374      
180      -16.120246      -21.408993      88.400753      
181      -16.097960      -21.841134      88.736119      
182      -16.441272      -21.289567      88.742747      
183      -16.837643      -22.243321      88.842984      
184      -16.949785      -22.724212      89.034577      
185      -16.647235      -22.418076      89.804843      
186      -17.142641      -22.425921      89.281825      
187      -17.302694      -23.428944      89.074843      
188      -16.980379      -25.625875      89.324339      
189      -17.383438      -27.362718      89.569191      
190      -17.483012      -27.518496      89.685375      
191      -17.485930      -27.418604      89.727788      
192      -17.443758      -27.398859      90.125172      
193      -18.084785      -28.992950      90.855080      
194      -18.358038      -29.904629      91.185259      
195      -18.398883      -29.926446      91.385732      
196      -18.219309      -29.308539      91.077892      
197      -17.779709      -27.036869      90.490671      
198      -17.358429      -26.213227      90.019426      
199      -17.524698      -26.669673      90.371629      
200      -17.385648      -26.574988      90.509014      
201      -17.488605      -26.535561      90.537034      
202      -17.357911      -26.208474      90.607126      
203      -17.275466      -25.721607      90.627478      
204      -17.287126      -25.937361      90.854521      
205      -17.345054      -26.846011      91.207539      
206      -17.613064      -27.757191      91.888226      
207      -17.773799      -28.370622      92.265796      
208      -17.858845      -28.547209      92.270372      
209      -17.909442      -28.824229      92.410525      
210      -18.247819      -29.975361      92.643457      
211      -18.739923      -31.448954      93.154708      
212      -19.013905      -32.294488      93.362010      
213      -19.368191      -33.322832      93.492797      
214      -19.945959      -34.350148      94.076279      
215      -20.422780      -35.675188      94.774566      
216      -21.047298      -36.809758      95.551617      
217      -21.600734      -37.746096      96.156817      
218      -22.128908      -38.550558      96.772379      
219      -22.151077      -38.598910      96.995651      
220      -21.921440      -38.223913      96.588127      
221      -21.776172      -38.052401      96.623840      
222      -21.698470      -38.409858      96.882843      
223      -21.814580      -38.610035      97.083001      
224      -21.721749      -38.651329      97.232764      
225      -21.416004      -38.337170      97.077320      
226      -20.969650      -37.626404      96.570514      
227      -20.513460      -36.638762      95.708844      
228      -19.580796      -34.321862      94.385683      
229      -18.291091      -30.147513      92.004302      
230      -16.709464      -26.492316      89.966698      
231      -16.064570      -23.623124      88.406871      
232      -14.982040      -20.430560      86.623527      
233      -14.494688      -17.982778      85.302068      
234      -14.302640      -15.372660      83.536010      
235      -13.974361      -12.634734      82.426535      
236      -13.656562      -11.130053      81.742575      
237      -13.412148      -9.502415      81.159602      
238      -13.270655      -7.408313      80.163020      
239      -13.058413      -5.300787      79.195852      
240      -12.975936      -3.217686      78.366350      
241      -13.117088      -0.700003      76.963368      
242      -12.738185      1.815708      75.849133      
243      -12.529695      4.133574      74.896014      
244      -12.701459      7.026040      73.527818      
245      -12.780769      10.442235      71.985109      
246      -12.576605      13.301695      71.023086      
247      -12.475843      16.213600      69.750352      
248      -12.324034      18.868793      68.461405      
249      -12.399140      20.839885      67.438946      
250      -12.161452      23.334874      66.603279      
251      -11.771802      26.045343      65.981519      
252      -11.606141      28.601953      65.246121      
253      -11.589138      30.634484      64.660428      
254      -11.264609      32.965938      64.181002      
255      -11.009947      36.105533      63.345071      
256      -10.832079      39.405921      62.299310      
257      -10.236995      43.046167      61.669133      
258      -10.077690      46.303437      60.469808      
259      -9.780952      48.711978      59.866146      
260      -9.604747      51.188189      59.236437      
261      -9.931522      53.419747      57.965521      
262      -10.329768      55.460367      57.452071      
263      -11.571085      57.675787      55.921960      
264      -12.039793      59.400826      55.280545      
