0      0.419531      0.030622      0.136029      1.324251      -1.006576      1.002733      
0      0.420021      0.031012      0.135959      1.326375      -1.002416      0.998565      
0      0.420881      0.031512      0.135929      1.330914      -0.993459      0.989591      
0      0.422221      0.032212      0.135829      1.333502      -0.988307      0.984429      
0      0.423771      0.032942      0.135659      1.334839      -0.985632      0.981749      
0      0.425301      0.033772      0.135369      1.339804      -0.975628      0.971726      
0      0.427161      0.034672      0.134999      1.341219      -0.972754      0.968847      
0      0.429071      0.035482      0.134709      1.341252      -0.972686      0.968779      
0      0.431871      0.036672      0.134289      1.341185      -0.972822      0.968915      
0      0.432651      0.037062      0.134179      1.341297      -0.972596      0.968688      
0      0.434001      0.037622      0.133849      1.342711      -0.969713      0.965800      
0      0.435461      0.038162      0.133689      1.344529      -0.965992      0.962072      
0      0.436451      0.038672      0.133419      1.346093      -0.962776      0.958850      
0      0.437721      0.039132      0.133229      1.348470      -0.957866      0.953931      
0      0.438901      0.039732      0.133029      1.351941      -0.950641      0.946693      
0      0.439881      0.040312      0.132729      1.354400      -0.945485      0.941527      
0      0.441691      0.041372      0.131919      1.360066      -0.933476      0.929497      
0      0.442611      0.042062      0.131079      1.365205      -0.922425      0.918426      
0      0.443861      0.042612      0.130469      1.365499      -0.921788      0.917788      
0      0.444511      0.042952      0.129989      1.365383      -0.922038      0.918039      
0      0.445591      0.043532      0.128999      1.367470      -0.917506      0.913498      
0      0.446831      0.044052      0.128249      1.369074      -0.914003      0.909989      
0      0.447901      0.044442      0.127659      1.369780      -0.912456      0.908439      
0      0.449111      0.044912      0.126949      1.372770      -0.905871      0.901843      
0      0.450901      0.045372      0.126359      1.375049      -0.900816      0.896779      
0      0.452411      0.045692      0.125779      1.378161      -0.893860      0.889811      
0      0.454811      0.046462      0.124489      1.384704      -0.879024      0.874950      
0      0.456141      0.046832      0.123829      1.386507      -0.874886      0.870805      
0      0.457301      0.047112      0.123029      1.390625      -0.865350      0.861254      
0      0.457951      0.047332      0.122579      1.392862      -0.860119      0.856014      
0      0.459321      0.047692      0.121909      1.396121      -0.852432      0.848314      
0      0.460581      0.047962      0.121379      1.398427      -0.846944      0.842817      
0      0.461711      0.048362      0.120789      1.401803      -0.838838      0.834698      
0      0.462921      0.048752      0.120209      1.404873      -0.831391      0.827239      
0      0.463981      0.049092      0.119969      1.406200      -0.828146      0.823989      
0      0.465091      0.049392      0.119769      1.407962      -0.823817      0.819653      
0      0.466661      0.049902      0.119329      1.413668      -0.809621      0.805434      
0      0.467751      0.050242      0.119099      1.415077      -0.806073      0.801881      
0      0.468801      0.050502      0.118809      1.417976      -0.798716      0.794512      
0      0.469791      0.050872      0.118339      1.421212      -0.790413      0.786196      
0      0.470331      0.051022      0.117989      1.423405      -0.784732      0.780507      
0      0.471501      0.051282      0.117399      1.425399      -0.779524      0.775291      
0      0.472791      0.051582      0.116969      1.428376      -0.771678      0.767433      
0      0.474121      0.051882      0.116409      1.432347      -0.761074      0.756813      
0      0.475651      0.052262      0.115799      1.435035      -0.753801      0.749530      
0      0.477351      0.052672      0.114979      1.437318      -0.747562      0.743281      
0      0.479341      0.053192      0.113549      1.442317      -0.733700      0.729399      
0      0.480631      0.053582      0.112659      1.445096      -0.725869      0.721557      
0      0.481811      0.053842      0.111959      1.448293      -0.716742      0.712417      
0      0.482611      0.054032      0.111489      1.451131      -0.708534      0.704197      
0      0.482981      0.054122      0.111169      1.452001      -0.705994      0.701654      
0      0.483721      0.054282      0.110549      1.455478      -0.695755      0.691401      
0      0.484421      0.054352      0.110079      1.458980      -0.685271      0.680903      
0      0.485221      0.054412      0.109509      1.460458      -0.680794      0.676420      
0      0.485981      0.054512      0.109079      1.463659      -0.670988      0.666600      
0      0.486591      0.054562      0.108589      1.467598      -0.658706      0.654303      
0      0.487911      0.054752      0.107559      1.471018      -0.647838      0.643420      
0      0.488851      0.054872      0.106989      1.475476      -0.633370      0.628934      
0      0.489391      0.054962      0.106609      1.477344      -0.627203      0.622759      
0      0.490511      0.055162      0.105909      1.480334      -0.617190      0.612733      
0      0.491691      0.055292      0.105279      1.484227      -0.603892      0.599418      
0      0.492611      0.055482      0.104209      1.487030      -0.594123      0.589638      
0      0.493151      0.055462      0.103549      1.489768      -0.584412      0.579915      
0      0.494041      0.055512      0.102639      1.492971      -0.572828      0.568317      
0      0.494751      0.055492      0.102179      1.495684      -0.562820      0.558297      
0      0.495071      0.055442      0.101969      1.497376      -0.556484      0.551954      
0      0.495751      0.055622      0.101329      1.499896      -0.546903      0.542362      
0      0.496661      0.055762      0.100909      1.502252      -0.537784      0.533233      
0      0.497651      0.055832      0.100539      1.503874      -0.531410      0.526852      
0      0.498641      0.056032      0.100029      1.506093      -0.522557      0.517989      
0      0.499711      0.055922      0.099639      1.509452      -0.508851      0.504268      
0      0.500281      0.055862      0.099429      1.510903      -0.502811      0.498222      
0      0.500581      0.055662      0.099209      1.513948      -0.489880      0.485277      
0      0.500911      0.055512      0.098709      1.516326      -0.479533      0.474920      
0      0.501131      0.055452      0.098449      1.517346      -0.475020      0.470402      
0      0.501521      0.055112      0.098279      1.519600      -0.464893      0.460265      
0      0.501891      0.054872      0.098009      1.521399      -0.456640      0.452003      
0      0.502281      0.054672      0.097529      1.523084      -0.448773      0.444128      
0      0.502761      0.054202      0.096919      1.525091      -0.439205      0.434552      
0      0.503221      0.053852      0.096339      1.525617      -0.436665      0.432009      
0      0.503731      0.053382      0.095939      1.526878      -0.430508      0.425846      
0      0.504101      0.053092      0.095359      1.528946      -0.420209      0.415537      
0      0.504361      0.052872      0.095109      1.529934      -0.415195      0.410518      
0      0.504701      0.052332      0.094899      1.531298      -0.408175      0.403492      
0      0.504711      0.052022      0.094259      1.533034      -0.399047      0.394356      
0      0.504851      0.051722      0.093529      1.535276      -0.386943      0.382241      
0      0.505051      0.050872      0.093259      1.536253      -0.381541      0.376834      
0      0.505141      0.050612      0.092549      1.538253      -0.370243      0.365526      
0      0.505321      0.050082      0.092399      1.538836      -0.366877      0.362157      
0      0.505181      0.049642      0.092069      1.539135      -0.365143      0.360421      
0      0.505041      0.049502      0.091779      1.539740      -0.361604      0.356880      
0      0.504881      0.049032      0.091499      1.540931      -0.354534      0.349804      
0      0.504761      0.048572      0.091269      1.540803      -0.355300      0.350570      
0      0.504511      0.048172      0.090829      1.543144      -0.340992      0.336250      
0      0.504481      0.047702      0.090719      1.544546      -0.332127      0.327378      
0      0.504201      0.047112      0.090169      1.546730      -0.317818      0.313058      
0      0.503791      0.046682      0.089819      1.548525      -0.305553      0.300784      
0      0.503581      0.046422      0.089549      1.549094      -0.301556      0.296783      
0      0.503551      0.046312      0.089489      1.549742      -0.296940      0.292163      
0      0.503531      0.046122      0.089509      1.551313      -0.285444      0.280659      
0      0.503541      0.046102      0.089379      1.551790      -0.281859      0.277072      
0      0.503541      0.045962      0.089389      1.552486      -0.276544      0.271753      
0      0.503541      0.045832      0.089399      1.553029      -0.272324      0.267530      
0      0.503501      0.045752      0.089229      1.553401      -0.269396      0.264600      
0      0.503541      0.045642      0.089249      1.553824      -0.266022      0.261223      
0      0.503701      0.045752      0.089189      1.554422      -0.261183      0.256380      
0      0.503831      0.045762      0.089259      1.554449      -0.260963      0.256161      
0      0.504141      0.045702      0.089439      1.554396      -0.261394      0.256592      
0      0.504461      0.045892      0.089129      1.554486      -0.260658      0.255855      
0      0.504731      0.046002      0.088779      1.554527      -0.260329      0.255526      
0      0.505101      0.046222      0.088169      1.554378      -0.261543      0.256741      
0      0.505421      0.046312      0.087669      1.554311      -0.262091      0.257289      
0      0.505651      0.046322      0.087149      1.554572      -0.259953      0.255150      
0      0.506051      0.046362      0.086589      1.554691      -0.258974      0.254171      
0      0.506141      0.046292      0.086329      1.554791      -0.258152      0.253348      
0      0.506141      0.046182      0.085429      1.555245      -0.254370      0.249563      
0      0.506291      0.046112      0.084529      1.555246      -0.254362      0.249555      
0      0.506391      0.045822      0.083879      1.555518      -0.252075      0.247266      
0      0.506551      0.045712      0.083339      1.555528      -0.251989      0.247180      
0      0.506811      0.045392      0.083059      1.555535      -0.251926      0.247117      
0      0.506841      0.045302      0.082869      1.555199      -0.254761      0.249954      
0      0.506751      0.045162      0.082749      1.555287      -0.254017      0.249210      
0      0.506621      0.044922      0.082749      1.555376      -0.253273      0.248465      
0      0.506541      0.044912      0.082589      1.555205      -0.254706      0.249900      
0      0.506341      0.044872      0.082319      1.555220      -0.254581      0.249774      
0      0.506181      0.044552      0.082309      1.555470      -0.252482      0.247674      
0      0.506111      0.044412      0.082089      1.555302      -0.253892      0.249085      
0      0.505761      0.044212      0.081709      1.555595      -0.251417      0.246608      
0      0.505321      0.043812      0.081469      1.556203      -0.246208      0.241396      
0      0.505041      0.043632      0.081059      1.556714      -0.241743      0.236928      
0      0.504801      0.043432      0.080719      1.557599      -0.233799      0.228978      
0      0.504831      0.043292      0.080459      1.558215      -0.228103      0.223278      
0      0.504831      0.043072      0.080489      1.558804      -0.222532      0.217703      
0      0.504721      0.043052      0.080359      1.559304      -0.217681      0.212849      
0      0.504541      0.043002      0.080169      1.560260      -0.208095      0.203258      
0      0.504401      0.042822      0.080189      1.560643      -0.204129      0.199289      
0      0.504041      0.042842      0.079749      1.561531      -0.194627      0.189782      
0      0.503791      0.042672      0.079499      1.562011      -0.189296      0.184447      
0      0.503721      0.042592      0.079359      1.562070      -0.188629      0.183780      
0      0.503681      0.042512      0.079349      1.562093      -0.188371      0.183521      
0      0.503751      0.042312      0.079429      1.562147      -0.187759      0.182909      
0      0.503791      0.042182      0.079479      1.562409      -0.184756      0.179905      
0      0.503811      0.042152      0.079459      1.562479      -0.183948      0.179096      
0      0.503891      0.042022      0.079549      1.562610      -0.182419      0.177566      
0      0.503991      0.041752      0.079879      1.563005      -0.177746      0.172890      
0      0.504031      0.041662      0.080089      1.563282      -0.174389      0.169532      
0      0.504031      0.041522      0.080259      1.563434      -0.172523      0.167664      
0      0.504011      0.041512      0.080209      1.563609      -0.170342      0.165483      
0      0.503971      0.041472      0.080179      1.564155      -0.163370      0.158506      
0      0.504041      0.041372      0.080199      1.564005      -0.165315      0.160452      
0      0.504071      0.041412      0.080159      1.564093      -0.164170      0.159307      
0      0.504061      0.041422      0.080169      1.564509      -0.158671      0.153805      
0      0.504091      0.041452      0.080199      1.564429      -0.159754      0.154888      
0      0.504041      0.041532      0.080149      1.564680      -0.156365      0.151498      
0      0.504011      0.041532      0.080189      1.565207      -0.149007      0.144135      
0      0.504021      0.041612      0.080229      1.565209      -0.148983      0.144112      
0      0.504081      0.041622      0.080369      1.565527      -0.144363      0.139489      
0      0.504191      0.041652      0.080459      1.565560      -0.143876      0.139002      
0      0.504211      0.041722      0.080479      1.565548      -0.144057      0.139182      
0      0.504131      0.041692      0.080529      1.566204      -0.134006      0.129127      
0      0.504191      0.041682      0.080529      1.566188      -0.134265      0.129386      
0      0.504131      0.041642      0.080579      1.566324      -0.132084      0.127203      
0      0.504191      0.041652      0.080519      1.566342      -0.131801      0.126921      
0      0.504171      0.041622      0.080449      1.566366      -0.131409      0.126528      
0      0.504001      0.041562      0.080389      1.566827      -0.123719      0.118834      
0      0.504021      0.041562      0.080259      1.566900      -0.122456      0.117570      
0      0.504001      0.041372      0.080329      1.566942      -0.121734      0.116848      
0      0.503871      0.041282      0.080489      1.567143      -0.118179      0.113291      
0      0.503881      0.041302      0.080479      1.567082      -0.119270      0.114383      
0      0.503861      0.041202      0.080529      1.567184      -0.117425      0.112538      
0      0.503721      0.041082      0.080599      1.567238      -0.116444      0.111556      
0      0.503681      0.041062      0.080509      1.567176      -0.117582      0.112695      
0      0.503321      0.040692      0.080849      1.567939      -0.102883      0.097988      
0      0.503141      0.040632      0.080759      1.567744      -0.106823      0.101930      
0      0.503031      0.040482      0.080629      1.567633      -0.109005      0.104113      
0      0.502991      0.040272      0.080509      1.567734      -0.107027      0.102134      
0      0.502901      0.040162      0.080259      1.567614      -0.109389      0.104497      
0      0.502841      0.040012      0.080289      1.567609      -0.109483      0.104592      
0      0.502691      0.039852      0.080269      1.567765      -0.106407      0.101514      
0      0.502541      0.039842      0.080079      1.567715      -0.107396      0.102503      
0      0.502471      0.039642      0.080179      1.567987      -0.101886      0.096991      
0      0.502451      0.039652      0.080079      1.568064      -0.100269      0.095373      
0      0.502411      0.039612      0.079999      1.568158      -0.098268      0.093371      
0      0.502301      0.039632      0.079889      1.568288      -0.095418      0.090520      
0      0.502171      0.039692      0.079829      1.568388      -0.093181      0.088282      
0      0.502101      0.039662      0.079789      1.568455      -0.091635      0.086735      
0      0.501941      0.039762      0.079659      1.568825      -0.082663      0.077759      
0      0.501901      0.039792      0.079609      1.568955      -0.079272      0.074366      
0      0.501811      0.039772      0.079579      1.568904      -0.080630      0.075725      
0      0.501711      0.039822      0.079629      1.569018      -0.077584      0.072678      
0      0.501601      0.039842      0.079769      1.569221      -0.071853      0.066944      
0      0.501591      0.039872      0.079819      1.569158      -0.073674      0.068767      
0      0.501521      0.040032      0.079809      1.569463      -0.064387      0.059475      
0      0.501551      0.039982      0.080139      1.569501      -0.063131      0.058219      
0      0.501451      0.040112      0.080069      1.569609      -0.059449      0.054535      
0      0.501301      0.040152      0.080109      1.569713      -0.055641      0.050726      
0      0.501121      0.040062      0.080349      1.569836      -0.050836      0.045919      
0      0.501061      0.040052      0.080329      1.569904      -0.047947      0.043028      
0      0.500991      0.040012      0.080279      1.569943      -0.046258      0.041340      
0      0.500871      0.039992      0.080309      1.570038      -0.041767      0.036847      
0      0.500781      0.040012      0.080329      1.570114      -0.037802      0.032880      
0      0.500761      0.040002      0.080329      1.570142      -0.036295      0.031372      
0      0.500701      0.039992      0.080309      1.570270      -0.028152      0.023226      
0      0.500761      0.040022      0.080169      1.570263      -0.028647      0.023721      
0      0.500661      0.040052      0.080109      1.570363      -0.020441      0.015513      
0      0.500691      0.040042      0.080199      1.570393      -0.017316      0.012386      
0      0.500841      0.040112      0.080229      1.570367      -0.020088      0.015159      
0      0.500861      0.040212      0.080229      1.570390      -0.017701      0.012771      
0      0.500851      0.040382      0.080229      1.570435      -0.011913      0.006982      
0      0.500861      0.040742      0.080159      1.570437      -0.011489      0.006558      
0      0.500851      0.040992      0.080169      1.570455      -0.008286      0.003353      
0      0.500831      0.041222      0.080109      1.570450      -0.009212      0.004280      
0      0.500851      0.041252      0.080229      1.570472      -0.003213      -0.001721      
0      0.500851      0.041332      0.080209      1.570475      -0.001729      -0.003206      
0      0.500921      0.041452      0.080149      1.570475      -0.002121      -0.002813      
0      0.501171      0.041462      0.080389      1.570478      0.001821      -0.006757      
0      0.501381      0.041542      0.080599      1.570478      0.002504      -0.007440      
0      0.501561      0.041562      0.080839      1.570476      0.005315      -0.010252      
0      0.501651      0.041602      0.080849      1.570471      0.007420      -0.012357      
0      0.501661      0.041652      0.080799      1.570471      0.007545      -0.012483      
0      0.501681      0.041622      0.080819      1.570454      0.012139      -0.017078      
0      0.501761      0.041652      0.080909      1.570428      0.016615      -0.021555      
0      0.501791      0.041662      0.080949      1.570411      0.018908      -0.023849      
0      0.501791      0.041632      0.080899      1.570391      0.021327      -0.026268      
0      0.501851      0.041642      0.080829      1.570379      0.022552      -0.027494      
0      0.501991      0.041662      0.080839      1.570364      0.024067      -0.029010      
0      0.502191      0.041822      0.080869      1.570320      0.028056      -0.033000      
0      0.502471      0.042042      0.080679      1.570330      0.027193      -0.032136      
0      0.502611      0.042142      0.080629      1.570305      0.029266      -0.034210      
0      0.502791      0.042422      0.080299      1.570256      0.032831      -0.037776      
0      0.503041      0.042482      0.080059      1.570274      0.031574      -0.036519      
0      0.503191      0.042522      0.079759      1.570237      0.034127      -0.039072      
0      0.503331      0.042562      0.079599      1.570225      0.034959      -0.039904      
0      0.503581      0.042562      0.079519      1.570236      0.034197      -0.039142      
0      0.503651      0.042522      0.079269      1.570162      0.038822      -0.043769      
0      0.503771      0.042492      0.079149      1.570180      0.037747      -0.042693      
0      0.503851      0.042412      0.079129      1.570203      0.036365      -0.041310      
0      0.503881      0.042412      0.079159      1.570171      0.038328      -0.043274      
0      0.503871      0.042402      0.079249      1.570157      0.039097      -0.044044      
0      0.503871      0.042402      0.079199      1.570173      0.038202      -0.043148      
0      0.503881      0.042432      0.079179      1.570119      0.041249      -0.046196      
0      0.503851      0.042352      0.079259      1.570122      0.041092      -0.046039      
0      0.503861      0.042352      0.079229      1.570119      0.041249      -0.046196      
0      0.503951      0.042312      0.079259      1.570095      0.042576      -0.047523      
0      0.503881      0.042272      0.079219      1.570024      0.046149      -0.051097      
0      0.503911      0.042242      0.079179      1.570016      0.046565      -0.051513      
0      0.503961      0.042172      0.079109      1.570021      0.046329      -0.051278      
0      0.503921      0.042092      0.079079      1.569826      0.054943      -0.059894      
0      0.503981      0.041982      0.079079      1.569856      0.053718      -0.058669      
0      0.503981      0.041892      0.079049      1.569851      0.053915      -0.058865      
0      0.504011      0.041772      0.079059      1.569722      0.059042      -0.063994      
0      0.504051      0.041662      0.079069      1.569783      0.056655      -0.061606      
0      0.504001      0.041612      0.079019      1.569771      0.057126      -0.062077      
0      0.504031      0.041502      0.078989      1.569627      0.062505      -0.067457      
0      0.504001      0.041462      0.078789      1.569618      0.062843      -0.067795      
0      0.503961      0.041352      0.078689      1.569510      0.066549      -0.071502      
0      0.504091      0.041262      0.078709      1.569448      0.068582      -0.073536      
0      0.504091      0.041142      0.078769      1.569407      0.069901      -0.074855      
0      0.504111      0.041002      0.078789      1.569279      0.073859      -0.078814      
0      0.504151      0.040962      0.078769      1.569292      0.073443      -0.078397      
0      0.504101      0.040832      0.078719      1.569199      0.076206      -0.081162      
0      0.504281      0.040702      0.078729      1.569228      0.075374      -0.080329      
0      0.504541      0.040592      0.078679      1.569222      0.075539      -0.080494      
0      0.504541      0.040432      0.078709      1.569054      0.080321      -0.085277      
0      0.504531      0.040422      0.078759      1.568976      0.082433      -0.087389      
0      0.504561      0.040332      0.078939      1.568828      0.086311      -0.091268      
0      0.504601      0.040322      0.079009      1.568804      0.086924      -0.091881      
0      0.504571      0.040312      0.079049      1.568642      0.090935      -0.095894      
0      0.504571      0.040302      0.079049      1.568551      0.093110      -0.098069      
0      0.504571      0.040412      0.079009      1.568434      0.095842      -0.100801      
0      0.504571      0.040392      0.079009      1.568287      0.099155      -0.104115      
0      0.504631      0.040372      0.078979      1.568076      0.103740      -0.108700      
0      0.504661      0.040372      0.078979      1.567871      0.107979      -0.112940      
0      0.504651      0.040292      0.079019      1.567745      0.110515      -0.115476      
0      0.504721      0.040302      0.079049      1.567715      0.111119      -0.116081      
0      0.504701      0.040302      0.079069      1.567548      0.114369      -0.119331      
0      0.504721      0.040292      0.079049      1.567393      0.117305      -0.122267      
0      0.504761      0.040292      0.078929      1.567432      0.116575      -0.121537      
0      0.504731      0.040212      0.078969      1.567072      0.123153      -0.128116      
0      0.504631      0.040262      0.078799      1.566983      0.124730      -0.129694      
0      0.504631      0.040242      0.078759      1.566670      0.130115      -0.135079      
0      0.504851      0.040052      0.079099      1.566048      0.140185      -0.145150      
0      0.504901      0.040202      0.078929      1.565875      0.142853      -0.147819      
0      0.504901      0.040202      0.078909      1.565428      0.149539      -0.154506      
0      0.504951      0.040242      0.078949      1.565130      0.153832      -0.158799      
0      0.504891      0.040352      0.078879      1.564830      0.158030      -0.162997      
0      0.504871      0.040332      0.078919      1.564178      0.166779      -0.171747      
0      0.504891      0.040382      0.078879      1.564064      0.168261      -0.173230      
0      0.504831      0.040372      0.078879      1.563790      0.171784      -0.176753      
0      0.504751      0.040342      0.078759      1.563622      0.173903      -0.178871      
0      0.504751      0.040262      0.078769      1.563534      0.174993      -0.179962      
0      0.504711      0.040142      0.078789      1.563437      0.176201      -0.181170      
0      0.504671      0.040122      0.078679      1.563261      0.178359      -0.183327      
0      0.504661      0.040042      0.078659      1.563308      0.177786      -0.182755      
0      0.504621      0.040002      0.078599      1.563024      0.181238      -0.186207      
0      0.504571      0.039992      0.078539      1.562895      0.182775      -0.187744      
0      0.504401      0.040062      0.078329      1.562845      0.183371      -0.188341      
0      0.504421      0.040022      0.078389      1.562496      0.187474      -0.192443      
0      0.504371      0.040072      0.078319      1.562519      0.187199      -0.192169      
0      0.504291      0.040062      0.078249      1.562200      0.190878      -0.195848      
0      0.504321      0.039952      0.078339      1.562017      0.192949      -0.197919      
0      0.504271      0.039982      0.078129      1.562014      0.192988      -0.197958      
0      0.504201      0.039922      0.078049      1.561756      0.195867      -0.200836      
0      0.504221      0.039882      0.077989      1.561567      0.197953      -0.202923      
0      0.504201      0.039792      0.078029      1.561369      0.200125      -0.205095      
0      0.504191      0.039682      0.078059      1.561171      0.202259      -0.207229      
0      0.504201      0.039672      0.077999      1.561355      0.200274      -0.205244      
0      0.504181      0.039542      0.077999      1.561036      0.203710      -0.208679      
0      0.504221      0.039482      0.077969      1.561037      0.203694      -0.208664      
0      0.504261      0.039442      0.077949      1.560967      0.204439      -0.209409      
0      0.504261      0.039382      0.077979      1.560847      0.205717      -0.210687      
0      0.504251      0.039392      0.077949      1.560823      0.205968      -0.210938      
0      0.504261      0.039312      0.078029      1.560400      0.210383      -0.215353      
0      0.504301      0.039362      0.078009      1.560092      0.213535      -0.218505      
0      0.504281      0.039442      0.078009      1.559950      0.214978      -0.219948      
0      0.504271      0.039522      0.078069      1.559638      0.218107      -0.223077      
0      0.504311      0.039592      0.078189      1.559345      0.221000      -0.225970      
0      0.504331      0.039782      0.078129      1.559073      0.223658      -0.228628      
0      0.504471      0.039822      0.078319      1.558530      0.228863      -0.233833      
0      0.504731      0.039832      0.078529      1.558143      0.232509      -0.237479      
0      0.504891      0.039882      0.078689      1.557779      0.235879      -0.240849      
0      0.504941      0.039952      0.078829      1.557388      0.239446      -0.244416      
0      0.505221      0.039982      0.079069      1.557121      0.241844      -0.246814      
0      0.505291      0.039962      0.079159      1.556664      0.245912      -0.250881      
0      0.505411      0.039962      0.079149      1.556595      0.246515      -0.251485      
0      0.505581      0.039922      0.079229      1.556726      0.245363      -0.250333      
0      0.506001      0.039752      0.079659      1.556243      0.249595      -0.254565      
0      0.506511      0.039712      0.079939      1.556395      0.248271      -0.253240      
0      0.506971      0.039772      0.080009      1.556330      0.248835      -0.253805      
0      0.507571      0.039732      0.080249      1.556263      0.249415      -0.254384      
0      0.508131      0.039832      0.080279      1.556448      0.247809      -0.252778      
0      0.508741      0.039932      0.080349      1.556182      0.250120      -0.255090      
0      0.509001      0.040102      0.080169      1.556363      0.248545      -0.253515      
0      0.509121      0.040142      0.080109      1.556279      0.249274      -0.254243      
0      0.509431      0.040152      0.080179      1.556234      0.249666      -0.254635      
0      0.509731      0.040232      0.080139      1.556158      0.250332      -0.255301      
0      0.510071      0.040282      0.080179      1.556241      0.249611      -0.254580      
0      0.510271      0.040332      0.080169      1.555837      0.253090      -0.258060      
0      0.510501      0.040442      0.080099      1.556067      0.251116      -0.256085      
0      0.510671      0.040602      0.080119      1.556004      0.251656      -0.256626      
0      0.511111      0.041082      0.079779      1.556491      0.247432      -0.252402      
0      0.511711      0.041292      0.079879      1.556422      0.248036      -0.253005      
0      0.511981      0.041482      0.079809      1.556425      0.248004      -0.252974      
0      0.512451      0.041952      0.079379      1.556512      0.247244      -0.252214      
0      0.512961      0.042112      0.079179      1.556579      0.246656      -0.251626      
0      0.513181      0.042402      0.078679      1.556780      0.244885      -0.249855      
0      0.513341      0.042572      0.078309      1.556609      0.246390      -0.251360      
0      0.513391      0.042542      0.078269      1.556494      0.247401      -0.252370      
0      0.513461      0.042522      0.078319      1.556174      0.250191      -0.255160      
0      0.513521      0.042502      0.078269      1.555836      0.253098      -0.258067      
0      0.513651      0.042502      0.078179      1.555641      0.254760      -0.259729      
0      0.513761      0.042472      0.078229      1.555602      0.255097      -0.260066      
0      0.513941      0.042452      0.078289      1.555430      0.256546      -0.261515      
0      0.513981      0.042452      0.078139      1.555466      0.256241      -0.261210      
0      0.514041      0.042382      0.078119      1.555223      0.258294      -0.263262      
0      0.514021      0.042232      0.077999      1.555181      0.258638      -0.263607      
0      0.514041      0.042012      0.077899      1.555074      0.259532      -0.264500      
0      0.514061      0.041822      0.077909      1.554721      0.262462      -0.267431      
0      0.514131      0.041532      0.077929      1.554793      0.261866      -0.266835      
0      0.514111      0.041212      0.077919      1.554479      0.264452      -0.269420      
0      0.514181      0.040832      0.078019      1.554178      0.266904      -0.271872      
0      0.514201      0.040602      0.077979      1.554158      0.267069      -0.272037      
0      0.514211      0.040252      0.077969      1.553622      0.271370      -0.276338      
0      0.514231      0.039842      0.077969      1.553512      0.272247      -0.277215      
0      0.514151      0.039532      0.078159      1.553022      0.276109      -0.281076      
0      0.514121      0.039222      0.078299      1.552532      0.279923      -0.284890      
0      0.514141      0.039082      0.078299      1.552723      0.278443      -0.283410      
0      0.514191      0.038722      0.078299      1.552539      0.279868      -0.284836      
0      0.514191      0.038372      0.078369      1.552024      0.283816      -0.288783      
0      0.514111      0.038192      0.078179      1.552098      0.283252      -0.288219      
0      0.514171      0.037832      0.078229      1.551888      0.284850      -0.289816      
0      0.514131      0.037582      0.078179      1.551624      0.286847      -0.291813      
0      0.514021      0.037372      0.077989      1.551772      0.285727      -0.290693      
0      0.513871      0.036872      0.077919      1.551107      0.290715      -0.295681      
0      0.513771      0.036672      0.077739      1.551322      0.289110      -0.294076      
0      0.513691      0.036332      0.077789      1.550876      0.292422      -0.297388      
0      0.513661      0.036142      0.077809      1.551005      0.291475      -0.296441      
0      0.513571      0.035952      0.077649      1.551233      0.289775      -0.294742      
0      0.513551      0.035602      0.077649      1.550941      0.291944      -0.296911      
0      0.513541      0.035302      0.077729      1.550717      0.293597      -0.298563      
0      0.513541      0.035072      0.077669      1.550714      0.293620      -0.298586      
0      0.513211      0.034622      0.077639      1.550543      0.294873      -0.299839      
0      0.512941      0.034452      0.077549      1.550745      0.293393      -0.298359      
0      0.512711      0.034262      0.077639      1.550326      0.296462      -0.301428      
0      0.512471      0.034232      0.077549      1.550415      0.295813      -0.300778      
0      0.512361      0.034302      0.077419      1.550419      0.295781      -0.300747      
0      0.512201      0.034302      0.077309      1.550252      0.296995      -0.301960      
0      0.512021      0.034282      0.077269      1.550406      0.295875      -0.300841      
0      0.511801      0.034282      0.077149      1.550243      0.297065      -0.302031      
0      0.511431      0.034212      0.077049      1.549930      0.299328      -0.304293      
0      0.510931      0.034252      0.076549      1.550423      0.295750      -0.300716      
0      0.510271      0.034152      0.076189      1.549656      0.301301      -0.306266      
0      0.510051      0.034112      0.076199      1.550123      0.297934      -0.302900      
0      0.509921      0.034092      0.076199      1.549836      0.300009      -0.304974      
0      0.509881      0.034042      0.076249      1.549829      0.300056      -0.305021      
0      0.509851      0.034042      0.076209      1.549942      0.299242      -0.304207      
0      0.509781      0.033932      0.076229      1.549794      0.300307      -0.305272      
0      0.509581      0.033792      0.076299      1.549848      0.299923      -0.304888      
0      0.509161      0.033812      0.076149      1.549686      0.301082      -0.306047      
0      0.508731      0.033742      0.076159      1.549806      0.300221      -0.305186      
0      0.507831      0.033812      0.075889      1.549762      0.300542      -0.305507      
0      0.507541      0.033712      0.075939      1.549754      0.300596      -0.305561      
0      0.507091      0.033722      0.075759      1.549702      0.300972      -0.305937      
0      0.506871      0.033732      0.075629      1.549686      0.301082      -0.306047      
0      0.506821      0.033682      0.075699      1.549696      0.301011      -0.305976      
0      0.506501      0.033622      0.075669      1.549409      0.303062      -0.308027      
0      0.506201      0.033662      0.075549      1.549344      0.303524      -0.308489      
0      0.506111      0.033652      0.075669      1.549050      0.305607      -0.310571      
0      0.505921      0.033852      0.075749      1.548357      0.310460      -0.315424      
0      0.505861      0.033942      0.075949      1.548233      0.311321      -0.316285      
0      0.505661      0.034152      0.076119      1.547899      0.313630      -0.318593      
0      0.505491      0.034322      0.076319      1.548032      0.312714      -0.317678      
0      0.505391      0.034382      0.076439      1.548259      0.311141      -0.316105      
0      0.505201      0.034492      0.076759      1.549179      0.304699      -0.309663      
0      0.505011      0.034742      0.077119      1.550015      0.298717      -0.303683      
0      0.504871      0.035072      0.077519      1.552744      0.278278      -0.283246      
0      0.505141      0.035152      0.078359      1.556249      0.249540      -0.254510      
0      0.505191      0.035462      0.078969      1.558744      0.226825      -0.231795      
0      0.505411      0.035742      0.080129      1.563968      0.169509      -0.174477      
0      0.505321      0.035952      0.080559      1.566042      0.140271      -0.145237      
0      0.505261      0.036182      0.080679      1.567145      0.121850      -0.126813      
0      0.505161      0.036172      0.081089      1.568823      0.086437      -0.091394      
0      0.505111      0.036162      0.081209      1.569484      0.067412      -0.072366      
0      0.505081      0.036352      0.081139      1.570270      0.031841      -0.036786      
0      0.505031      0.036452      0.081159      1.570478      -0.000103      -0.004832      
0      0.505061      0.036582      0.081099      1.570122      -0.037386      0.032464      
0      0.504961      0.036872      0.080929      1.569459      -0.064513      0.059601      
0      0.504801      0.037152      0.080949      1.567120      -0.118587      0.113700      
0      0.504701      0.037412      0.080779      1.565452      -0.145461      0.140588      
0      0.504571      0.037612      0.080699      1.563568      -0.170852      0.165993      
0      0.504471      0.037642      0.080839      1.559795      -0.212814      0.207979      
0      0.504421      0.037922      0.080579      1.556134      -0.246804      0.241991      
0      0.504321      0.038102      0.080489      1.555083      -0.255732      0.250926      
0      0.504151      0.038252      0.080599      1.552096      -0.279534      0.274745      
0      0.504131      0.038472      0.080569      1.547595      -0.311968      0.307203      
0      0.504071      0.038542      0.080599      1.542911      -0.342445      0.337705      
0      0.503921      0.038582      0.080739      1.539088      -0.365416      0.360695      
0      0.503771      0.038762      0.080649      1.532836      -0.400101      0.395410      
0      0.503741      0.038762      0.080939      1.528661      -0.421644      0.416973      
0      0.503701      0.038782      0.081109      1.525109      -0.439120      0.434466      
0      0.503511      0.038802      0.081269      1.522277      -0.452559      0.447918      
0      0.503251      0.038782      0.081519      1.517586      -0.473954      0.469334      
0      0.503191      0.038802      0.081679      1.512038      -0.498030      0.493436      
0      0.503111      0.038812      0.081779      1.508774      -0.511648      0.507069      
0      0.502811      0.038752      0.082159      1.502847      -0.535455      0.530902      
0      0.502411      0.038662      0.082769      1.495892      -0.562044      0.557521      
0      0.501731      0.038452      0.083519      1.488542      -0.588780      0.584288      
0      0.500601      0.038282      0.084479      1.478180      -0.624420      0.619972      
0      0.499651      0.038062      0.085289      1.470222      -0.650386      0.645971      
0      0.498541      0.037812      0.086179      1.464989      -0.666869      0.662476      
0      0.497491      0.037652      0.086839      1.462520      -0.674496      0.670113      
0      0.496531      0.037362      0.087779      1.456761      -0.691935      0.687576      
0      0.496051      0.037202      0.088229      1.452856      -0.703493      0.699149      
0      0.495201      0.036942      0.088959      1.446582      -0.721641      0.717323      
0      0.494341      0.036692      0.089589      1.442720      -0.732570      0.728268      
0      0.493071      0.036482      0.090109      1.438217      -0.745090      0.740806      
0      0.491501      0.036152      0.090779      1.427905      -0.772927      0.768684      
0      0.490511      0.035952      0.091069      1.420071      -0.793352      0.789140      
0      0.489451      0.035772      0.091399      1.410598      -0.817294      0.813119      
0      0.488781      0.035632      0.091889      1.400689      -0.841523      0.837387      
0      0.488291      0.035402      0.092609      1.388436      -0.870435      0.866347      
0      0.487981      0.035262      0.092979      1.382886      -0.883175      0.879109      
0      0.487511      0.034902      0.093589      1.371313      -0.909088      0.905066      
0      0.486401      0.034322      0.094649      1.355058      -0.944101      0.940141      
0      0.485531      0.033842      0.095459      1.344602      -0.965841      0.961921      
0      0.484611      0.033422      0.096449      1.335828      -0.983650      0.979763      
0      0.483301      0.032962      0.097539      1.329283      -0.996689      0.992827      
0      0.482061      0.032582      0.098569      1.320766      -1.013357      1.009527      
