37      0.411870      0.012935      0.127875      1.319662      -1.014943      1.009109      
38      0.412520      0.013485      0.127495      1.323804      -1.006903      1.001049      
39      0.413230      0.014015      0.127265      1.329824      -0.995079      0.989196      
40      0.414070      0.014545      0.127115      1.338512      -0.977710      0.971785      
41      0.414910      0.015145      0.126915      1.345186      -0.964118      0.958161      
42      0.415860      0.015805      0.126765      1.351760      -0.950502      0.944513      
43      0.416900      0.016535      0.126695      1.357274      -0.938904      0.932888      
44      0.417830      0.017205      0.126765      1.365183      -0.921970      0.915916      
45      0.418550      0.017895      0.127125      1.370892      -0.909518      0.903435      
46      0.418800      0.018225      0.127325      1.373117      -0.904610      0.898517      
47      0.419730      0.019085      0.127495      1.383816      -0.880576      0.874430      
48      0.420340      0.019495      0.127455      1.389182      -0.868233      0.862061      
49      0.420910      0.019825      0.127695      1.395863      -0.852580      0.846375      
50      0.421500      0.020255      0.128025      1.404628      -0.831538      0.825290      
51      0.422280      0.020615      0.128095      1.411220      -0.815307      0.809027      
52      0.423080      0.021015      0.128065      1.415794      -0.803829      0.797526      
53      0.423740      0.021475      0.128035      1.419309      -0.794881      0.788561      
54      0.424020      0.021665      0.127975      1.420587      -0.791599      0.785273      
55      0.424720      0.022145      0.127485      1.422780      -0.785935      0.779598      
56      0.425130      0.022355      0.126965      1.424715      -0.780898      0.774551      
57      0.425330      0.022605      0.126375      1.428208      -0.771714      0.765350      
58      0.425570      0.022765      0.125955      1.431959      -0.761711      0.755329      
59      0.425980      0.022825      0.125505      1.436312      -0.749922      0.743518      
60      0.426350      0.022785      0.125135      1.442020      -0.734146      0.727714      
61      0.426440      0.022775      0.125005      1.444162      -0.728131      0.721688      
62      0.426700      0.022765      0.124385      1.451629      -0.706718      0.700238      
63      0.426870      0.022815      0.123995      1.456783      -0.691516      0.685010      
64      0.427090      0.022835      0.123545      1.463290      -0.671791      0.665253      
65      0.427380      0.022775      0.123235      1.469485      -0.652414      0.645845      
66      0.427630      0.022795      0.122955      1.471781      -0.645073      0.638492      
67      0.427980      0.022725      0.122615      1.474491      -0.636293      0.629698      
68      0.428470      0.022465      0.122235      1.480182      -0.617420      0.610797      
69      0.429090      0.022125      0.121685      1.487764      -0.591277      0.584615      
70      0.429630      0.022065      0.121245      1.493580      -0.570363      0.563671      
71      0.429780      0.022125      0.121105      1.494797      -0.565883      0.559185      
72      0.430310      0.022415      0.120445      1.500197      -0.545541      0.538816      
73      0.430840      0.022425      0.119695      1.504352      -0.529328      0.522581      
74      0.431490      0.022435      0.118555      1.508719      -0.511712      0.504943      
75      0.431910      0.022655      0.117495      1.511694      -0.499339      0.492555      
76      0.432210      0.022875      0.116695      1.513392      -0.492132      0.485339      
77      0.432470      0.023195      0.116085      1.515248      -0.484129      0.477326      
78      0.432620      0.023645      0.115435      1.516268      -0.479672      0.472864      
79      0.432750      0.024035      0.114715      1.517901      -0.472443      0.465627      
80      0.432990      0.024405      0.113605      1.521527      -0.455971      0.449136      
81      0.433290      0.024805      0.112135      1.525273      -0.438282      0.431426      
82      0.433320      0.025285      0.110885      1.528182      -0.424027      0.417156      
83      0.433490      0.025705      0.109845      1.530208      -0.413798      0.406916      
84      0.433690      0.026015      0.108945      1.532247      -0.403237      0.396344      
85      0.433840      0.026195      0.108325      1.535214      -0.387342      0.380434      
86      0.433860      0.026225      0.108205      1.537642      -0.373821      0.366900      
87      0.433830      0.026205      0.108185      1.540163      -0.359241      0.352305      
88      0.433750      0.026135      0.108105      1.543155      -0.341106      0.334154      
89      0.433660      0.026015      0.107945      1.546664      -0.318512      0.311541      
90      0.433550      0.025845      0.107685      1.549867      -0.296375      0.289387      
91      0.433380      0.025705      0.107595      1.551551      -0.284043      0.277044      
92      0.433440      0.025385      0.107535      1.552779      -0.274697      0.267691      
93      0.433610      0.024985      0.107415      1.554238      -0.263164      0.256151      
94      0.433660      0.024735      0.107235      1.555669      -0.251339      0.244317      
95      0.433720      0.024485      0.107035      1.557463      -0.235673      0.228640      
96      0.433620      0.024425      0.106815      1.558850      -0.222807      0.215766      
97      0.433470      0.024455      0.106585      1.560540      -0.206050      0.198999      
98      0.433430      0.024395      0.106465      1.562103      -0.189242      0.182181      
99      0.433570      0.024315      0.106265      1.562991      -0.179001      0.171935      
100      0.433720      0.024245      0.106175      1.563178      -0.176766      0.169699      
101      0.434000      0.024125      0.106285      1.563639      -0.171143      0.164073      
102      0.434150      0.024195      0.106285      1.564064      -0.165794      0.158721      
103      0.434380      0.024215      0.106045      1.564657      -0.158021      0.150944      
104      0.434660      0.024005      0.105845      1.565080      -0.152239      0.145160      
105      0.435070      0.023595      0.105675      1.565047      -0.152710      0.145630      
106      0.435510      0.023105      0.105545      1.565217      -0.150325      0.143244      
107      0.435760      0.022675      0.105515      1.565418      -0.147462      0.140380      
108      0.435990      0.022145      0.105485      1.565632      -0.144355      0.137271      
109      0.436250      0.021435      0.105345      1.566097      -0.137364      0.130277      
110      0.436350      0.020805      0.105195      1.566183      -0.136046      0.128959      
111      0.436230      0.020295      0.104785      1.566229      -0.135316      0.128229      
112      0.435980      0.019745      0.104135      1.566193      -0.135881      0.128794      
113      0.435660      0.019245      0.103355      1.566212      -0.135583      0.128496      
114      0.435510      0.018525      0.102645      1.566298      -0.134241      0.127153      
115      0.435360      0.017655      0.102125      1.566329      -0.133747      0.126659      
116      0.435210      0.016815      0.101695      1.566139      -0.136729      0.129642      
117      0.434860      0.016125      0.101365      1.566227      -0.135348      0.128260      
118      0.433970      0.015455      0.101135      1.566020      -0.138549      0.131463      
119      0.433410      0.015195      0.100575      1.565990      -0.139004      0.131918      
120      0.432680      0.015095      0.100175      1.565982      -0.139130      0.132044      
121      0.432200      0.014905      0.099775      1.565701      -0.143351      0.136267      
122      0.431790      0.014705      0.099235      1.565496      -0.146340      0.139257      
123      0.431580      0.014585      0.099045      1.565364      -0.148238      0.141157      
124      0.431140      0.014375      0.098735      1.565226      -0.150200      0.143119      
125      0.430770      0.014145      0.098185      1.565167      -0.151031      0.143951      
126      0.430290      0.013975      0.097755      1.565316      -0.148929      0.141847      
127      0.429520      0.013975      0.097435      1.565245      -0.149933      0.142852      
128      0.428880      0.013855      0.096875      1.565332      -0.148693      0.141612      
129      0.428220      0.013755      0.096445      1.565782      -0.142142      0.135058      
130      0.427380      0.013515      0.095955      1.566421      -0.132287      0.125198      
131      0.427230      0.013435      0.095795      1.566567      -0.129926      0.122836      
132      0.426970      0.013295      0.095505      1.566826      -0.125649      0.118557      
133      0.426870      0.013085      0.095265      1.566909      -0.124244      0.117152      
134      0.426740      0.012975      0.095145      1.567058      -0.121686      0.114592      
135      0.426630      0.012885      0.095075      1.567228      -0.118696      0.111601      
136      0.426580      0.012835      0.095065      1.567295      -0.117495      0.110400      
137      0.426610      0.012715      0.095115      1.567310      -0.117236      0.110141      
138      0.426670      0.012565      0.095165      1.567837      -0.107339      0.100240      
139      0.426720      0.012485      0.095165      1.567893      -0.106233      0.099133      
140      0.426930      0.012225      0.095195      1.568029      -0.103501      0.096401      
141      0.427170      0.011955      0.095235      1.568417      -0.095307      0.088203      
142      0.427360      0.011715      0.095265      1.568669      -0.089568      0.082463      
143      0.427600      0.011505      0.095215      1.568856      -0.085086      0.077979      
144      0.427740      0.011365      0.095295      1.568950      -0.082746      0.075638      
145      0.427800      0.011315      0.095295      1.569078      -0.079457      0.072348      
146      0.427880      0.011225      0.095315      1.569366      -0.071481      0.064369      
147      0.427930      0.011135      0.095315      1.569513      -0.067060      0.059947      
148      0.428160      0.010895      0.095305      1.569764      -0.058793      0.051677      
149      0.428370      0.010695      0.095425      1.569873      -0.054836      0.047719      
150      0.428540      0.010435      0.095475      1.570224      -0.039665      0.032545      
151      0.428650      0.010335      0.095485      1.570310      -0.035001      0.027879      
152      0.428660      0.010345      0.095525      1.570323      -0.034286      0.027164      
153      0.428690      0.010385      0.095595      1.570287      -0.036343      0.029222      
154      0.428770      0.010445      0.095705      1.570320      -0.034427      0.027306      
155      0.428840      0.010485      0.095795      1.570335      -0.033564      0.026442      
156      0.428850      0.010495      0.095815      1.570334      -0.033619      0.026497      
157      0.428910      0.010535      0.095875      1.570384      -0.030485      0.023363      
158      0.429000      0.010585      0.095945      1.570422      -0.027902      0.020779      
159      0.429030      0.010655      0.095995      1.570469      -0.024431      0.017307      
160      0.429050      0.010725      0.096065      1.570569      -0.014669      0.007544      
161      0.429010      0.010875      0.096085      1.570600      -0.010342      0.003216      
162      0.429040      0.010865      0.096065      1.570617      -0.007020      -0.000107      
163      0.429040      0.010875      0.096035      1.570619      -0.006683      -0.000445      
164      0.429040      0.010905      0.096025      1.570637      0.000244      -0.007372      
165      0.429020      0.010915      0.096035      1.570638      0.001343      -0.008472      
166      0.429040      0.010865      0.096005      1.570637      0.005820      -0.012949      
167      0.429040      0.010875      0.095995      1.570604      0.014961      -0.022092      
168      0.429030      0.010955      0.095985      1.570583      0.018252      -0.025383      
169      0.428990      0.011055      0.095965      1.570536      0.023781      -0.030913      
170      0.428960      0.011155      0.095935      1.570461      0.030409      -0.037542      
171      0.428960      0.011165      0.095915      1.570378      0.036268      -0.043401      
172      0.428970      0.011165      0.095925      1.570310      0.040360      -0.047493      
173      0.428990      0.011205      0.095955      1.570180      0.047200      -0.054334      
174      0.428990      0.011245      0.095935      1.569980      0.056035      -0.063169      
175      0.429110      0.011275      0.095815      1.569669      0.067422      -0.074556      
176      0.429250      0.011395      0.095625      1.569494      0.073013      -0.080148      
177      0.429250      0.011505      0.095575      1.569421      0.075236      -0.082370      
178      0.429250      0.011555      0.095545      1.569383      0.076351      -0.083485      
179      0.429280      0.011625      0.095395      1.569273      0.079515      -0.086650      
180      0.429210      0.011615      0.095355      1.569307      0.078557      -0.085692      
181      0.429180      0.011605      0.095305      1.569263      0.079782      -0.086917      
182      0.429150      0.011565      0.095245      1.569159      0.082648      -0.089783      
183      0.429090      0.011495      0.095205      1.569027      0.086135      -0.093269      
184      0.429050      0.011465      0.095185      1.568893      0.089527      -0.096661      
185      0.429040      0.011465      0.095155      1.568662      0.095110      -0.102244      
186      0.429020      0.011465      0.095175      1.568368      0.101729      -0.108863      
187      0.429030      0.011485      0.095155      1.568161      0.106157      -0.113291      
188      0.429040      0.011495      0.095135      1.567889      0.111685      -0.118818      
189      0.429060      0.011495      0.095145      1.567778      0.113859      -0.120992      
190      0.429070      0.011515      0.095165      1.567386      0.121224      -0.128356      
191      0.429110      0.011535      0.095165      1.567079      0.126695      -0.133827      
192      0.429120      0.011545      0.095195      1.566439      0.137372      -0.144502      
193      0.429160      0.011555      0.095175      1.565851      0.146485      -0.153614      
194      0.429300      0.011615      0.095195      1.565414      0.152897      -0.160025      
195      0.429460      0.011705      0.095265      1.565104      0.157277      -0.164404      
196      0.429930      0.011775      0.095255      1.563935      0.172807      -0.179932      
197      0.430070      0.011815      0.095235      1.563947      0.172658      -0.179782      
198      0.430420      0.011905      0.095135      1.563770      0.174886      -0.182011      
199      0.430690      0.012065      0.094925      1.563775      0.174824      -0.181948      
200      0.430940      0.012195      0.094785      1.563786      0.174690      -0.181814      
201      0.431140      0.012315      0.094755      1.563717      0.175546      -0.182669      
202      0.431300      0.012415      0.094795      1.563806      0.174439      -0.181563      
203      0.431520      0.012515      0.095045      1.563636      0.176558      -0.183682      
204      0.431640      0.012545      0.095275      1.563563      0.177460      -0.184584      
205      0.431710      0.012535      0.095345      1.563398      0.179485      -0.186608      
206      0.431910      0.012555      0.095575      1.563030      0.183910      -0.191032      
207      0.432110      0.012535      0.095885      1.562498      0.190139      -0.197260      
208      0.432350      0.012445      0.096085      1.562370      0.191606      -0.198727      
209      0.432540      0.012245      0.096255      1.562154      0.194046      -0.201166      
210      0.432720      0.012075      0.096275      1.562211      0.193411      -0.200531      
211      0.433100      0.011765      0.096295      1.562130      0.194321      -0.201440      
212      0.433410      0.011495      0.096425      1.562084      0.194831      -0.201950      
213      0.433910      0.011155      0.096605      1.561713      0.198957      -0.206075      
214      0.434280      0.010895      0.096715      1.561570      0.200510      -0.207628      
215      0.434500      0.010725      0.096765      1.561510      0.201169      -0.208287      
216      0.434950      0.010355      0.096845      1.561209      0.204409      -0.211526      
217      0.435310      0.010115      0.096915      1.560664      0.210142      -0.217258      
218      0.435730      0.009845      0.096965      1.559972      0.217209      -0.224322      
219      0.436190      0.009585      0.097085      1.559660      0.220314      -0.227427      
220      0.436430      0.009425      0.097195      1.559190      0.224918      -0.232029      
221      0.436550      0.009405      0.097255      1.558285      0.233511      -0.240620      
222      0.436770      0.009355      0.097445      1.557139      0.243962      -0.251067      
223      0.437000      0.009285      0.097615      1.556852      0.246502      -0.253606      
224      0.437060      0.009305      0.097665      1.556620      0.248540      -0.255643      
225      0.437160      0.009395      0.097695      1.555754      0.256002      -0.263102      
226      0.437240      0.009465      0.097755      1.555094      0.261543      -0.268641      
227      0.437330      0.009495      0.097835      1.554858      0.263494      -0.270592      
228      0.437410      0.009535      0.097855      1.554608      0.265547      -0.272644      
229      0.437430      0.009525      0.097885      1.554311      0.267969      -0.275064      
230      0.437490      0.009565      0.097875      1.553774      0.272278      -0.279372      
231      0.437600      0.009625      0.097805      1.552659      0.281022      -0.288112      
232      0.437660      0.009655      0.097865      1.551379      0.290728      -0.297813      
233      0.437710      0.009695      0.097925      1.550810      0.294933      -0.302017      
234      0.437810      0.009715      0.098055      1.549915      0.301434      -0.308514      
235      0.437870      0.009765      0.098155      1.549141      0.306946      -0.314024      
236      0.437840      0.009865      0.098165      1.547485      0.318400      -0.325472      
237      0.437850      0.009945      0.098115      1.545547      0.331291      -0.338356      
238      0.437990      0.009935      0.098175      1.544221      0.339820      -0.346881      
239      0.438110      0.009935      0.098185      1.543682      0.343223      -0.350282      
240      0.438360      0.010025      0.097915      1.541399      0.357280      -0.364330      
241      0.438460      0.010055      0.097825      1.540535      0.362457      -0.369504      
242      0.438760      0.010105      0.097655      1.539201      0.370299      -0.377342      
243      0.439070      0.010105      0.097485      1.538414      0.374841      -0.381881      
244      0.439330      0.010105      0.097465      1.537595      0.379516      -0.386552      
245      0.439570      0.010115      0.097395      1.536857      0.383674      -0.390708      
246      0.440030      0.010005      0.097485      1.535240      0.392629      -0.399657      
247      0.440410      0.009765      0.097755      1.534313      0.397668      -0.404693      
248      0.440610      0.009625      0.097865      1.533712      0.400902      -0.407925      
249      0.440930      0.009375      0.098055      1.532844      0.405527      -0.412546      
250      0.441220      0.009175      0.098265      1.531757      0.411236      -0.418251      
251      0.441450      0.008985      0.098435      1.531262      0.413813      -0.420826      
252      0.441590      0.008845      0.098525      1.530836      0.416014      -0.423026      
253      0.441600      0.008795      0.098525      1.529985      0.420379      -0.427387      
254      0.441550      0.008775      0.098465      1.528710      0.426827      -0.433830      
255      0.441570      0.008735      0.098445      1.527887      0.430940      -0.437941      
256      0.441560      0.008705      0.098465      1.528052      0.430121      -0.437122      
257      0.441560      0.008705      0.098455      1.528050      0.430129      -0.437130      
258      0.441530      0.008695      0.098485      1.528499      0.427888      -0.434891      
259      0.441510      0.008655      0.098525      1.528939      0.425679      -0.432684      
260      0.441540      0.008605      0.098525      1.529812      0.421261      -0.428269      
261      0.441530      0.008585      0.098545      1.531254      0.413852      -0.420865      
262      0.441520      0.008555      0.098565      1.532259      0.408612      -0.415628      
263      0.441510      0.008515      0.098595      1.535340      0.392082      -0.399110      
264      0.441450      0.008465      0.098705      1.540686      0.361557      -0.368605      
265      0.441410      0.008425      0.098785      1.543484      0.344467      -0.351525      
266      0.441330      0.008385      0.098975      1.548709      0.309976      -0.317053      
267      0.441240      0.008385      0.099145      1.553376      0.275436      -0.282528      
268      0.441140      0.008375      0.099375      1.558216      0.234162      -0.241270      
269      0.441010      0.008385      0.099615      1.561487      0.201420      -0.208538      
270      0.440880      0.008355      0.099885      1.563978      0.172258      -0.179382      
271      0.440790      0.008305      0.100115      1.566002      0.144201      -0.151330      
272      0.440660      0.008235      0.100335      1.567374      0.121436      -0.128568      
273      0.440510      0.008185      0.100625      1.568449      0.099962      -0.107096      
274      0.440200      0.008175      0.101155      1.569592      0.069935      -0.077069      
275      0.440080      0.008075      0.101545      1.570247      0.043823      -0.050956      
276      0.439990      0.008075      0.101855      1.570501      0.027127      -0.034259      
277      0.439620      0.008225      0.102335      1.570568      -0.014772      0.007646      
278      0.439340      0.008365      0.102505      1.569966      -0.051231      0.044114      
279      0.439130      0.008445      0.102635      1.568884      -0.084387      0.077280      
280      0.438950      0.008365      0.102835      1.567988      -0.104325      0.097225      
281      0.438770      0.008255      0.103005      1.567428      -0.115086      0.107990      
282      0.438560      0.008165      0.103115      1.566855      -0.125155      0.118062      
283      0.438270      0.008075      0.103385      1.564779      -0.156381      0.149304      
284      0.438090      0.007975      0.103615      1.563463      -0.173316      0.166246      
285      0.437720      0.007895      0.104125      1.561538      -0.195483      0.188426      
286      0.437500      0.007845      0.104395      1.560585      -0.205588      0.198537      
287      0.436990      0.007785      0.104885      1.557931      -0.231411      0.224375      
288      0.436470      0.007725      0.105345      1.554838      -0.258270      0.251253      
289      0.435970      0.007565      0.106045      1.551646      -0.283330      0.276331      
290      0.435380      0.007395      0.106985      1.549020      -0.302392      0.295408      
291      0.434820      0.007185      0.107925      1.545966      -0.323134      0.316167      
292      0.434300      0.007045      0.108765      1.542500      -0.345161      0.338214      
293      0.433280      0.006905      0.109705      1.538485      -0.369011      0.362085      
294      0.432660      0.006585      0.110285      1.535719      -0.384571      0.377660      
295      0.432370      0.006455      0.110555      1.534342      -0.392079      0.385176      
296      0.431700      0.006265      0.111085      1.530299      -0.413330      0.406448      
297      0.430630      0.006035      0.111615      1.523331      -0.447545      0.440700      
298      0.430070      0.005865      0.111755      1.518058      -0.471743      0.464925      
299      0.429520      0.005655      0.111835      1.510777      -0.503187      0.496407      
300      0.428890      0.005415      0.111975      1.504944      -0.526975      0.520226      
301      0.428110      0.005285      0.112185      1.499040      -0.549963      0.543244      
302      0.427760      0.005175      0.112345      1.496977      -0.557765      0.551057      
303      0.427090      0.004855      0.112855      1.492050      -0.575942      0.569258      
304      0.426360      0.004735      0.113115      1.487164      -0.593390      0.586732      
305      0.425700      0.004535      0.113205      1.483837      -0.604968      0.598326      
306      0.425150      0.004215      0.113515      1.481019      -0.614590      0.607963      
307      0.424410      0.003895      0.114025      1.474465      -0.636378      0.629783      
308      0.424090      0.003545      0.114445      1.468953      -0.654104      0.647538      
309      0.423790      0.003285      0.114765      1.465868      -0.663802      0.657251      
310      0.423640      0.003185      0.114905      1.464374      -0.668445      0.661901      
311      0.423470      0.003035      0.115065      1.458661      -0.685886      0.679371      
312      0.423330      0.002905      0.115175      1.453100      -0.702416      0.695929      
313      0.423200      0.002635      0.115435      1.448162      -0.716747      0.710285      
314      0.423060      0.002395      0.115745      1.439453      -0.741288      0.734868      
315      0.422910      0.002275      0.115845      1.431225      -0.763682      0.757303      
316      0.422890      0.002165      0.115925      1.426713      -0.775659      0.769303      
317      0.422790      0.001935      0.116065      1.418873      -0.795998      0.789680      
318      0.422560      0.001865      0.116135      1.411462      -0.814703      0.808422      
319      0.422330      0.001755      0.116205      1.405335      -0.829813      0.823562      
320      0.422160      0.001615      0.116395      1.398852      -0.845470      0.839251      
321      0.422040      0.001545      0.116645      1.394819      -0.855048      0.848848      
322      0.421900      0.001465      0.117385      1.382143      -0.884383      0.878246      
323      0.421830      0.001445      0.118135      1.374128      -0.902372      0.896274      
324      0.421730      0.001455      0.118765      1.368966      -0.913741      0.907668      
325      0.421750      0.001445      0.119005      1.364033      -0.924455      0.918406      
326      0.421760      0.001405      0.119345      1.355822      -0.941975      0.935966      
327      0.421810      0.001375      0.119375      1.348754      -0.956757      0.950782      
328      0.421920      0.001405      0.119395      1.342716      -0.969174      0.963229      
329      0.421900      0.001515      0.119495      1.333646      -0.987483      0.981581      
330      0.421800      0.001655      0.119805      1.323291      -1.007902      1.002051      
