107      74.741111      0.087270      
108      74.402483      0.087270      
109      74.125736      0.087270      
110      73.984784      0.087270      
111      73.424988      0.087270      
112      72.402228      0.087270      
113      72.105427      0.087270      
114      72.073341      0.087270      
115      71.604647      0.087270      
116      70.746904      0.087270      
117      70.391660      0.087270      
118      69.951615      0.087270      
119      69.257170      0.087270      
120      68.630909      0.087270      
121      68.487665      0.087270      
122      67.134299      0.087270      
123      65.838803      0.087270      
124      65.853700      0.087270      
125      65.238899      0.087270      
126      65.246920      0.087270      
127      65.182747      0.087270      
128      64.841254      0.087270      
129      65.311093      0.087270      
130      65.686965      0.087270      
131      65.558618      0.087270      
132      65.343180      0.087270      
133      64.331880      0.087270      
134      62.014770      0.087270      
135      61.598217      0.087270      
136      60.721566      0.087270      
137      59.885596      0.087270      
138      59.255324      0.087270      
139      58.776890      0.087270      
140      58.072704      0.087270      
141      57.292313      0.087270      
142      56.103390      0.087270      
143      55.160274      0.087270      
144      54.317428      0.087270      
145      54.061308      0.087270      
146      53.676842      0.087270      
147      53.578291      0.087270      
148      53.420723      0.087270      
149      53.044278      0.087270      
150      52.612828      0.087270      
151      51.990578      0.087270      
152      51.715550      0.087270      
153      51.453127      0.087270      
154      51.150024      0.087270      
155      50.874996      0.087270      
156      50.255037      0.087270      
157      49.341143      0.087270      
158      47.831927      0.087270      
159      45.952570      0.087270      
160      44.666815      0.087270      
161      43.534617      0.087270      
162      42.750788      0.087270      
163      42.192710      0.087270      
164      41.475346      0.087270      
165      40.532230      0.087270      
166      39.276842      0.087270      
167      38.058125      0.087270      
168      36.735127      0.087270      
169      36.228044      0.087270      
170      35.951870      0.087270      
171      34.581315      0.087270      
172      34.245551      0.087270      
173      33.577463      0.087270      
174      33.002769      0.087270      
175      32.288270      0.087270      
176      31.365208      0.087270      
177      30.632373      0.087270      
178      29.992933      0.087270      
179      29.319688      0.087270      
180      28.907719      0.087270      
181      28.728378      0.087270      
182      28.534713      0.087270      
183      28.412096      0.087270      
184      28.218431      0.087270      
185      27.829954      0.087270      
186      27.219163      0.087270      
187      26.239376      0.087270      
188      24.935859      0.087270      
189      23.516027      0.087270      
190      21.370237      0.087270      
191      20.368677      0.087270      
192      20.130893      0.087270      
193      19.700589      0.087270      
194      19.048544      0.087270      
195      18.570683      0.087270      
196      18.245233      0.087270      
197      17.944421      0.087270      
198      17.661372      0.087270      
199      17.118192      0.087270      
200      16.986408      0.087270      
201      16.867229      0.087270      
202      16.746904      0.087270      
203      16.241541      0.087270      
204      15.863377      0.087270      
205      14.968391      0.087270      
206      14.542671      0.087270      
207      13.696960      0.087270      
208      13.367500      0.087270      
209      13.056374      0.087270      
210      12.932039      0.087270      
211      12.553303      0.087270      
212      12.125863      0.087270      
213      11.781506      0.087270      
214      11.303645      0.087270      
215      11.068152      0.087270      
216      10.833806      0.087270      
217      10.699156      0.087270      
218      10.732389      0.087270      
219      10.625816      0.087270      
220      10.275155      0.087270      
221      10.128474      0.087270      
222      9.654624      0.087270      
223      9.237498      0.087270      
224      8.557377      0.087270      
225      7.627439      0.087270      
226      6.212765      0.087270      
227      5.365908      0.087270      
228      4.955658      0.087270      
229      4.422792      0.087270      
230      4.180423      0.087270      
231      3.812574      0.087270      
232      3.420086      0.087270      
233      3.231004      0.087270      
234      2.924463      0.087270      
235      2.668343      0.087270      
236      2.266688      0.087270      
237      1.840395      0.087270      
238      1.812319      0.087270      
239      1.687410      0.087270      
240      1.657616      0.087270      
241      1.667929      0.087270      
242      1.409518      0.087270      
243      1.339042      0.087270      
244      0.797581      0.087270      
245      0.383320      0.087270      
246      0.399936      0.087270      
247      0.125481      0.087270      
248      -0.297947      0.087270      
249      -0.602769      0.087270      
250      -0.688143      0.087270      
251      -1.316696      0.087270      
252      -2.059844      0.087270      
253      -2.334299      0.087270      
254      -2.613338      0.087270      
255      -3.197199      0.087270      
256      -3.413783      0.087270      
257      -3.634378      0.087270      
258      -3.887060      0.087270      
259      -3.947796      0.087270      
260      -4.128856      0.087270      
261      -4.347732      0.087270      
262      -4.356900      0.087270      
263      -4.382683      0.087270      
264      -4.607290      0.087270      
265      -4.831323      0.087270      
266      -5.122394      0.087270      
267      -5.561292      0.087270      
268      -5.910234      0.087270      
269      -6.753080      0.087270      
270      -7.361579      0.087270      
271      -7.665828      0.087270      
272      -7.840013      0.087270      
273      -7.908197      0.087270      
274      -8.084673      0.087270      
275      -8.560815      0.087270      
276      -8.729269      0.087270      
277      -9.214006      0.087270      
278      -9.639726      0.087270      
279      -9.881522      0.087270      
280      -10.074614      0.087270      
281      -10.198377      0.087270      
282      -10.259112      0.087270      
283      -10.271144      0.087270      
284      -10.238485      0.087270      
285      -10.212128      0.087270      
286      -10.181187      0.087270      
287      -10.401783      0.087270      
288      -10.523253      0.087270      
289      -10.802865      0.087270      
290      -10.969028      0.087270      
291      -11.421678      0.087270      
292      -12.098934      0.087270      
293      -12.753844      0.087270      
294      -13.354894      0.087270      
295      -13.662009      0.087270      
296      -13.769728      0.087270      
297      -13.941620      0.087270      
298      -13.977718      0.087270      
299      -14.057934      0.087270      
300      -14.233264      0.087270      
301      -14.421773      0.087270      
302      -14.659558      0.087270      
303      -14.860672      0.087270      
304      -15.355722      0.087270      
305      -15.852491      0.087270      
306      -15.960210      0.087270      
307      -15.923540      0.087270      
308      -16.101162      0.087270      
309      -16.338373      0.087270      
310      -16.400255      0.087270      
311      -16.831132      0.087270      
312      -16.988700      0.087270      
313      -17.233360      0.087270      
314      -17.247684      0.087270      
315      -17.707783      0.087270      
316      -18.022346      0.087270      
317      -18.475569      0.087270      
318      -18.690435      0.087270      
319      -19.198090      0.087270      
320      -19.738405      0.087270      
321      -19.848416      0.087270      
322      -20.374407      0.087270      
323      -20.590419      0.087270      
324      -20.811587      0.111010      
325      -21.152507      0.155700      
326      -21.566767      0.203260      
327      -22.346586      0.272970      
328      -22.787204      0.319020      
329      -23.246156      0.365090      
330      -23.430654      0.412610      
331      -23.716569      0.436330      
332      -23.890180      0.436330      
333      -24.480344      0.436330      
334      -24.747350      0.436330      
335      -25.339233      0.436330      
336      -25.656661      0.436330      
337      -25.677861      0.436330      
338      -25.547796      0.436330      
339      -25.576444      0.436330      
340      -25.053318      0.436330      
341      -24.077543      0.436330      
342      -21.292886      0.436330      
343      -19.211269      0.418170      
344      -16.501671      0.370610      
345      -14.497979      0.323220      
346      -12.387713      0.277180      
347      -11.302499      0.231070      
348      -11.050963      0.208610      
349      -9.616807      0.160580      
350      -8.499507      0.114870      
351      -8.030813      0.087270      
352      -6.758809      0.087270      
353      -5.991023      0.087270      
354      -5.117810      0.087270      
355      -4.261213      0.087270      
356      -3.425816      0.087270      
357      -2.106828      0.087270      
358      -1.700016      0.087270      
359      -1.202674      0.087270      
360      -0.505937      0.087270      
361      0.242368      0.087270      
362      1.322426      0.087270      
363      3.438421      0.087270      
364      5.291994      0.087270      
365      6.860799      0.087270      
366      7.407417      0.087270      
367      8.720102      0.087270      
368      9.879230      0.087270      
369      11.043514      0.087270      
370      12.217539      0.087270      
371      13.111953      0.087270      
372      14.412605      0.087270      
373      15.776858      0.087270      
374      16.781283      0.087270      
375      17.541047      0.087270      
376      18.146682      0.087270      
377      19.661627      0.087270      
378      20.711889      0.087270      
379      22.675473      0.087270      
380      24.324495      0.087270      
381      26.501799      0.087270      
382      28.072895      0.087270      
383      29.276715      0.087270      
384      29.973452      0.087270      
385      31.377240      0.087270      
386      32.519179      0.087270      
387      33.730447      0.087270      
388      34.821964      0.087270      
389      35.520420      0.087270      
390      35.903167      0.087270      
391      36.300239      0.087270      
392      37.427853      0.087270      
393      37.964157      0.087270      
394      39.204074      0.087270      
395      41.107496      0.087270      
396      41.682763      0.087270      
397      39.657297      0.105580      
398      39.048225      0.153120      
399      38.368104      0.199080      
400      38.299920      0.190420      
401      38.372115      0.166650      
402      38.358364      0.120550      
403      38.694700      0.087270      
404      39.357632      0.087270      
405      40.532803      0.087270      
406      41.513163      0.087270      
407      42.436225      0.087270      
408      43.719115      0.087270      
409      44.743021      0.087270      
410      45.068470      0.087270      
411      45.826516      0.087270      
412      46.987936      0.087270      
413      48.377399      0.087270      
414      49.397867      0.087270      
415      50.818845      0.087270      
416      51.926405      0.087270      
417      52.870094      0.087270      
418      53.486042      0.087270      
419      53.731275      0.087270      
420      54.471558      0.087270      
421      56.245488      0.087270      
422      56.581251      0.087270      
423      57.775330      0.087270      
424      59.037021      0.087270      
425      60.390960      0.087270      
426      61.350692      0.087270      
427      61.795894      0.087270      
428      62.855897      0.087270      
429      65.135190      0.087270      
430      65.462932      0.087270      
431      65.927614      0.087270      
432      66.687379      0.087270      
433      66.964698      0.087270      
434      68.508865      0.087270      
435      69.460576      0.087270      
436      69.742480      0.087270      
437      69.577463      0.087270      
438      69.213051      0.087270      
439      69.141429      0.087270      
440      68.718574      0.087270      
441      68.611428      0.087270      
442      68.614866      0.087270      
443      68.213783      0.087270      
444      67.981728      0.087270      
445      67.857966      0.087270      
446      71.879675      0.087270      
