63      0.459371      0.037052      0.114789      1.323064      -1.008892      1.005053      
64      0.460691      0.037722      0.114619      1.323777      -1.007501      1.003659      
65      0.461961      0.038302      0.114289      1.325980      -1.003191      0.999341      
66      0.463141      0.039022      0.113969      1.327180      -1.000836      0.996982      
67      0.463751      0.039332      0.113809      1.328124      -0.998977      0.995119      
68      0.465061      0.039802      0.113289      1.331494      -0.992307      0.988436      
69      0.466051      0.040492      0.113049      1.333709      -0.987893      0.984014      
70      0.467251      0.041122      0.112789      1.333230      -0.988850      0.984972      
71      0.468571      0.041432      0.112339      1.336465      -0.982369      0.978480      
72      0.470111      0.042152      0.111789      1.341352      -0.972482      0.968574      
73      0.471031      0.042562      0.111229      1.344911      -0.965207      0.961285      
74      0.471901      0.042962      0.110709      1.347919      -0.959007      0.955074      
75      0.472771      0.043322      0.110189      1.349377      -0.955985      0.952046      
76      0.473581      0.043702      0.109869      1.349857      -0.954987      0.951047      
77      0.474081      0.043872      0.109739      1.350238      -0.954194      0.950252      
78      0.475131      0.044042      0.109449      1.351228      -0.952131      0.948185      
79      0.476721      0.044292      0.109069      1.354141      -0.946029      0.942073      
80      0.477861      0.044412      0.108699      1.357102      -0.939781      0.935813      
81      0.479081      0.044532      0.108389      1.360937      -0.931613      0.927631      
82      0.480221      0.044832      0.108099      1.363947      -0.925145      0.921151      
83      0.481431      0.045102      0.107759      1.367710      -0.916983      0.912974      
84      0.482071      0.045222      0.107659      1.370606      -0.910643      0.906623      
85      0.483241      0.045642      0.107649      1.374236      -0.902622      0.898589      
86      0.485061      0.045972      0.107489      1.380491      -0.888610      0.884552      
87      0.486161      0.046172      0.107449      1.383260      -0.882324      0.878256      
88      0.487471      0.046112      0.107239      1.387929      -0.871607      0.867521      
89      0.488861      0.046042      0.107049      1.390085      -0.866607      0.862512      
90      0.490331      0.045812      0.106489      1.392943      -0.859929      0.855823      
91      0.491871      0.045452      0.105579      1.395390      -0.854162      0.850047      
92      0.492531      0.045352      0.105159      1.396159      -0.852341      0.848223      
93      0.494431      0.044902      0.104149      1.402542      -0.837053      0.832910      
94      0.495631      0.044482      0.103529      1.409237      -0.820670      0.816501      
95      0.496551      0.044302      0.103209      1.415386      -0.805293      0.801100      
96      0.497541      0.043862      0.102579      1.421440      -0.789823      0.785606      
97      0.498291      0.043482      0.102129      1.429283      -0.769271      0.765022      
98      0.499631      0.042622      0.102059      1.439369      -0.741911      0.737622      
99      0.500571      0.041922      0.102109      1.444713      -0.726953      0.722642      
100      0.501391      0.041332      0.102249      1.449212      -0.714096      0.709768      
101      0.501861      0.040972      0.102299      1.452415      -0.704786      0.700444      
102      0.502291      0.040592      0.102369      1.455809      -0.694769      0.690414      
103      0.503041      0.039972      0.102569      1.461901      -0.676393      0.672012      
104      0.503841      0.039302      0.102859      1.467218      -0.659903      0.655500      
105      0.504591      0.038472      0.103229      1.471936      -0.644888      0.640466      
106      0.505161      0.037762      0.103539      1.476602      -0.629661      0.625220      
107      0.505611      0.037082      0.103619      1.482598      -0.609494      0.605027      
108      0.506021      0.036302      0.103789      1.486065      -0.597506      0.593025      
109      0.506411      0.035542      0.103849      1.487483      -0.592528      0.588041      
110      0.506631      0.035122      0.103739      1.488743      -0.588067      0.583575      
111      0.507041      0.034282      0.103589      1.492137      -0.575866      0.571359      
112      0.507501      0.033462      0.103519      1.494518      -0.567146      0.562629      
113      0.508001      0.032622      0.103089      1.496881      -0.558345      0.553818      
114      0.508801      0.031232      0.102209      1.497978      -0.554211      0.549679      
115      0.509211      0.030432      0.101439      1.500724      -0.543714      0.539170      
116      0.509411      0.029892      0.100679      1.503807      -0.531674      0.527116      
117      0.509601      0.029302      0.099659      1.505260      -0.525896      0.521332      
118      0.509671      0.028892      0.098589      1.506586      -0.520568      0.515998      
119      0.509701      0.028652      0.097829      1.509115      -0.510242      0.505661      
120      0.509691      0.028552      0.097119      1.511027      -0.502290      0.497701      
121      0.509681      0.028522      0.096699      1.511733      -0.499320      0.494728      
122      0.509631      0.028442      0.095939      1.512502      -0.496062      0.491466      
123      0.509551      0.028432      0.095179      1.514757      -0.486387      0.481781      
124      0.509421      0.028382      0.094429      1.518072      -0.471782      0.467161      
125      0.509351      0.028322      0.094149      1.519281      -0.466341      0.461714      
126      0.509171      0.028272      0.093779      1.521177      -0.457667      0.453032      
127      0.508971      0.028242      0.093639      1.523155      -0.448438      0.443793      
128      0.508811      0.028192      0.093389      1.525738      -0.436081      0.431424      
129      0.508611      0.028142      0.093139      1.528341      -0.423250      0.418581      
130      0.508501      0.028132      0.092939      1.529470      -0.417558      0.412884      
131      0.508411      0.028142      0.092519      1.530757      -0.410976      0.406295      
132      0.508391      0.028132      0.092309      1.531560      -0.406810      0.402126      
133      0.508461      0.028072      0.091969      1.533096      -0.398720      0.394028      
134      0.508471      0.028092      0.091399      1.535510      -0.385655      0.380952      
135      0.508501      0.028082      0.090979      1.537679      -0.373522      0.368808      
136      0.508521      0.028102      0.090629      1.539535      -0.362807      0.358084      
137      0.508391      0.028232      0.090049      1.541592      -0.350541      0.345808      
138      0.508291      0.028382      0.089769      1.543356      -0.339671      0.334928      
139      0.508211      0.028512      0.089639      1.543990      -0.335676      0.330930      
140      0.508111      0.028642      0.089489      1.545502      -0.325943      0.321189      
141      0.508071      0.028672      0.089439      1.546321      -0.320547      0.315789      
142      0.507961      0.028702      0.089279      1.549017      -0.302103      0.297331      
143      0.507931      0.028762      0.089129      1.549647      -0.297620      0.292845      
144      0.507911      0.028802      0.089009      1.550962      -0.288050      0.283267      
145      0.507771      0.028932      0.088789      1.552093      -0.279558      0.274769      
146      0.507611      0.029062      0.088579      1.552630      -0.275432      0.270640      
147      0.507511      0.029202      0.088579      1.554090      -0.263884      0.259084      
148      0.507461      0.029242      0.088459      1.554735      -0.258614      0.253810      
149      0.506961      0.029752      0.087879      1.555912      -0.248715      0.243904      
150      0.506671      0.030142      0.087559      1.557310      -0.236424      0.231605      
151      0.506621      0.030322      0.087479      1.558679      -0.223723      0.218895      
152      0.506541      0.030492      0.086999      1.558879      -0.221803      0.216974      
153      0.506381      0.030732      0.086419      1.559165      -0.219036      0.214206      
154      0.506271      0.030922      0.086209      1.560040      -0.210345      0.205509      
155      0.506071      0.031122      0.085639      1.560380      -0.206865      0.202026      
156      0.505571      0.031572      0.084999      1.560567      -0.204921      0.200081      
157      0.505211      0.031922      0.084419      1.560936      -0.201048      0.196206      
158      0.505111      0.031992      0.084339      1.561102      -0.199276      0.194434      
159      0.504971      0.032142      0.084269      1.561760      -0.192103      0.187256      
160      0.504741      0.032222      0.083949      1.562267      -0.186387      0.181536      
161      0.504521      0.032292      0.083889      1.562488      -0.183839      0.178987      
162      0.504111      0.032382      0.083499      1.562816      -0.179996      0.175142      
163      0.503721      0.032512      0.083279      1.562965      -0.178224      0.173369      
164      0.503561      0.032512      0.083479      1.563630      -0.170076      0.165216      
165      0.503231      0.032562      0.082999      1.564246      -0.162170      0.157305      
166      0.503111      0.032712      0.083009      1.564412      -0.159981      0.155116      
167      0.503061      0.032732      0.082899      1.564434      -0.159683      0.154818      
168      0.502901      0.032852      0.082519      1.564510      -0.158664      0.153797      
169      0.502811      0.032932      0.082429      1.564665      -0.156569      0.151702      
170      0.502691      0.032992      0.082379      1.565254      -0.148340      0.143468      
171      0.502431      0.033112      0.082219      1.565571      -0.143719      0.138845      
172      0.502231      0.033262      0.082369      1.565789      -0.140440      0.135564      
173      0.501891      0.033462      0.082049      1.566546      -0.128459      0.123576      
174      0.501611      0.033732      0.081929      1.566834      -0.123609      0.118724      
175      0.501261      0.033942      0.081639      1.567057      -0.119701      0.114815      
176      0.500931      0.034152      0.081369      1.567309      -0.115157      0.110269      
177      0.500841      0.034232      0.081419      1.567450      -0.112521      0.107630      
178      0.500711      0.034262      0.081389      1.567865      -0.104405      0.099511      
179      0.500591      0.034282      0.081259      1.567979      -0.102051      0.097156      
180      0.500501      0.034332      0.081319      1.568290      -0.095371      0.090473      
181      0.500471      0.034262      0.081139      1.568631      -0.087475      0.082573      
182      0.500491      0.034142      0.081149      1.568742      -0.084767      0.079864      
183      0.500481      0.034092      0.081099      1.569161      -0.073588      0.068680      
184      0.500471      0.034022      0.081119      1.569303      -0.069404      0.064494      
185      0.500471      0.033972      0.080949      1.569503      -0.063060      0.058148      
186      0.500411      0.033942      0.080699      1.569629      -0.058726      0.053812      
187      0.500321      0.033842      0.080389      1.569735      -0.054809      0.049893      
188      0.500271      0.033822      0.080209      1.569805      -0.052100      0.047183      
189      0.500331      0.033652      0.080009      1.569898      -0.048237      0.043319      
190      0.500441      0.033522      0.079999      1.570025      -0.042419      0.037499      
191      0.500641      0.033392      0.079729      1.570246      -0.029817      0.024892      
192      0.500811      0.033332      0.079699      1.570328      -0.023645      0.018718      
193      0.500871      0.033432      0.079679      1.570409      -0.015439      0.010509      
194      0.500961      0.033442      0.079409      1.570417      -0.014387      0.009456      
195      0.501131      0.033412      0.079339      1.570431      -0.012487      0.007556      
196      0.501201      0.033422      0.079199      1.570445      -0.010170      0.005238      
197      0.501381      0.033292      0.078829      1.570467      -0.005090      0.000156      
198      0.501641      0.033082      0.078649      1.570476      -0.001477      -0.003457      
199      0.501861      0.033022      0.078169      1.570475      0.005511      -0.010448      
200      0.502031      0.032882      0.078169      1.570463      0.009940      -0.014879      
201      0.502171      0.032732      0.078109      1.570378      0.022693      -0.027635      
202      0.502341      0.032572      0.078069      1.570212      0.035815      -0.040761      
203      0.502551      0.032452      0.078249      1.570130      0.040644      -0.045591      
204      0.502631      0.032402      0.078179      1.570079      0.043400      -0.048348      
205      0.502851      0.032172      0.077959      1.569909      0.051457      -0.056407      
206      0.503191      0.031942      0.077879      1.569664      0.061162      -0.066114      
207      0.503671      0.031662      0.077379      1.569357      0.071456      -0.076410      
208      0.503991      0.031592      0.077419      1.569149      0.077643      -0.082599      
209      0.504181      0.031612      0.077239      1.568794      0.087167      -0.092124      
210      0.504431      0.031602      0.077209      1.568459      0.095269      -0.100228      
211      0.504541      0.031702      0.077129      1.568272      0.099493      -0.104453      
212      0.504661      0.031792      0.076829      1.568022      0.104878      -0.109839      
213      0.504861      0.031712      0.076689      1.567784      0.109753      -0.114715      
214      0.505071      0.031692      0.076689      1.567652      0.112360      -0.117321      
215      0.505181      0.031702      0.076629      1.567367      0.117792      -0.122754      
216      0.505461      0.031602      0.076879      1.566830      0.127391      -0.132355      
217      0.505801      0.031472      0.076979      1.566638      0.130641      -0.135605      
218      0.506071      0.031452      0.077079      1.566048      0.140177      -0.145142      
219      0.506781      0.031012      0.077209      1.564338      0.164684      -0.169652      
220      0.507521      0.030522      0.076879      1.563085      0.180500      -0.185469      
221      0.507781      0.030542      0.076489      1.562786      0.184070      -0.189039      
222      0.507981      0.030662      0.076179      1.562541      0.186948      -0.191918      
223      0.508291      0.030632      0.075909      1.562180      0.191106      -0.196075      
224      0.508471      0.030702      0.075679      1.562041      0.192674      -0.197644      
225      0.508641      0.030752      0.075429      1.561172      0.202251      -0.207221      
226      0.509271      0.030342      0.075399      1.559608      0.218405      -0.223375      
227      0.509871      0.030062      0.075269      1.558417      0.229937      -0.234907      
228      0.509941      0.030162      0.074929      1.558105      0.232861      -0.237831      
229      0.510321      0.030082      0.075089      1.557678      0.236804      -0.241774      
230      0.510401      0.030152      0.075049      1.557768      0.235973      -0.240943      
231      0.510411      0.030242      0.075109      1.557734      0.236287      -0.241257      
232      0.510501      0.030282      0.075169      1.557491      0.238513      -0.243483      
233      0.510621      0.030302      0.075079      1.556888      0.243929      -0.248899      
234      0.510721      0.030322      0.075109      1.556692      0.245661      -0.250631      
235      0.510801      0.030332      0.075069      1.556010      0.251602      -0.256571      
236      0.510941      0.030252      0.075049      1.554924      0.260785      -0.265754      
237      0.510991      0.030362      0.075089      1.554305      0.265870      -0.270838      
238      0.511241      0.030312      0.075179      1.552754      0.278200      -0.283167      
239      0.511771      0.030112      0.075279      1.550863      0.292524      -0.297490      
240      0.511841      0.030122      0.075209      1.550566      0.294709      -0.299674      
241      0.511751      0.030382      0.075269      1.549826      0.300080      -0.305045      
242      0.512061      0.030282      0.075369      1.548101      0.312237      -0.317200      
243      0.512511      0.030092      0.075229      1.546934      0.320196      -0.325159      
244      0.512601      0.030142      0.075149      1.546629      0.322239      -0.327201      
245      0.513011      0.030042      0.074849      1.545870      0.327278      -0.332239      
246      0.513251      0.030072      0.074779      1.545552      0.329359      -0.334320      
247      0.513341      0.030112      0.074749      1.545428      0.330173      -0.335134      
248      0.513701      0.030102      0.074489      1.545240      0.331393      -0.336354      
249      0.514181      0.030112      0.074459      1.544545      0.335884      -0.340844      
250      0.514651      0.030202      0.074529      1.543603      0.341868      -0.346827      
251      0.515641      0.030192      0.074839      1.541389      0.355522      -0.360478      
252      0.516191      0.030352      0.075149      1.541029      0.357696      -0.362651      
253      0.516591      0.030522      0.075259      1.540392      0.361503      -0.366458      
254      0.517281      0.030452      0.075699      1.539301      0.367929      -0.372882      
255      0.517501      0.030462      0.075759      1.539062      0.369320      -0.374273      
256      0.517631      0.030612      0.075869      1.538720      0.371305      -0.376258      
257      0.517911      0.030632      0.076199      1.537478      0.378417      -0.383368      
258      0.518361      0.030492      0.076359      1.536231      0.385426      -0.390375      
259      0.518501      0.030662      0.076539      1.535527      0.389324      -0.394272      
260      0.519011      0.030522      0.076619      1.533718      0.399158      -0.404103      
261      0.519521      0.030452      0.076769      1.532545      0.405405      -0.410349      
262      0.519691      0.030632      0.076979      1.532696      0.404608      -0.409553      
263      0.519951      0.030682      0.076879      1.532805      0.404031      -0.408975      
264      0.520181      0.030622      0.076889      1.532327      0.406553      -0.411496      
265      0.520411      0.030662      0.076959      1.531590      0.410417      -0.415360      
266      0.520281      0.031022      0.076999      1.531449      0.411151      -0.416094      
267      0.520351      0.031062      0.077009      1.531069      0.413126      -0.418068      
268      0.520361      0.031112      0.077019      1.531840      0.409113      -0.414057      
269      0.520331      0.031142      0.077059      1.532478      0.405756      -0.410700      
270      0.520251      0.031262      0.077179      1.533131      0.402297      -0.407242      
271      0.520271      0.031252      0.077179      1.534570      0.394557      -0.399505      
272      0.520231      0.031272      0.077239      1.536882      0.381785      -0.386735      
273      0.520201      0.031302      0.077259      1.538229      0.374134      -0.379087      
274      0.520231      0.031272      0.077179      1.541467      0.355053      -0.360009      
275      0.520161      0.031362      0.077289      1.544652      0.335195      -0.340155      
276      0.520161      0.031362      0.077289      1.548509      0.309403      -0.314367      
277      0.520111      0.031412      0.077329      1.551909      0.284693      -0.289660      
278      0.520031      0.031492      0.077309      1.553899      0.269153      -0.274121      
279      0.519921      0.031502      0.077429      1.557509      0.238348      -0.243318      
280      0.519691      0.031612      0.077819      1.559742      0.217072      -0.222042      
281      0.519541      0.031612      0.078029      1.561997      0.193176      -0.198146      
282      0.519251      0.031672      0.078039      1.563861      0.170882      -0.175850      
283      0.519101      0.031732      0.078219      1.564580      0.161435      -0.166403      
284      0.518871      0.031762      0.078419      1.565952      0.141668      -0.146634      
285      0.518641      0.031732      0.078369      1.567098      0.122690      -0.127653      
286      0.518391      0.031782      0.078709      1.568082      0.103614      -0.108575      
287      0.518251      0.031732      0.079009      1.568767      0.087842      -0.092800      
288      0.518061      0.031592      0.079429      1.569733      0.058626      -0.063577      
289      0.517881      0.031652      0.079989      1.570122      0.041076      -0.046023      
290      0.517811      0.031542      0.080329      1.570349      0.025473      -0.030416      
291      0.517701      0.031512      0.080909      1.570452      0.012571      -0.017510      
292      0.517551      0.031512      0.081439      1.570478      0.001012      -0.005947      
293      0.517501      0.031452      0.081589      1.570469      -0.004626      -0.000307      
294      0.517341      0.031372      0.081989      1.570384      -0.018376      0.013447      
295      0.517091      0.031342      0.082549      1.570169      -0.034732      0.029809      
296      0.516821      0.031132      0.083239      1.569489      -0.063523      0.058611      
297      0.516611      0.030992      0.083639      1.569031      -0.077215      0.072309      
298      0.516511      0.030722      0.083999      1.568623      -0.087687      0.082785      
299      0.516401      0.030522      0.084259      1.568223      -0.096847      0.091949      
300      0.516391      0.030252      0.084389      1.567815      -0.105418      0.100524      
301      0.516351      0.030142      0.084419      1.567516      -0.111257      0.106366      
302      0.516121      0.030102      0.084649      1.566604      -0.127493      0.122611      
303      0.515861      0.030132      0.085079      1.565917      -0.138494      0.133617      
304      0.515701      0.030042      0.085319      1.564867      -0.153792      0.148923      
305      0.515491      0.029952      0.085659      1.563569      -0.170837      0.165977      
306      0.515101      0.029782      0.086029      1.561293      -0.197222      0.192378      
307      0.514901      0.029582      0.086419      1.559022      -0.220431      0.215602      
308      0.514591      0.029482      0.086759      1.556564      -0.243059      0.238245      
309      0.514221      0.029322      0.087289      1.553811      -0.266124      0.261325      
310      0.513811      0.029162      0.088019      1.551131      -0.286798      0.282014      
311      0.513621      0.029082      0.088379      1.550013      -0.294991      0.290213      
312      0.513221      0.028822      0.089019      1.547744      -0.310951      0.306185      
313      0.512861      0.028472      0.089699      1.545329      -0.327069      0.322316      
314      0.512231      0.028092      0.090759      1.541627      -0.350330      0.345597      
315      0.511901      0.027742      0.091349      1.540091      -0.359534      0.354808      
316      0.511621      0.027472      0.091909      1.537564      -0.374171      0.369457      
317      0.511301      0.027262      0.092249      1.534730      -0.389925      0.385225      
318      0.511021      0.027072      0.092599      1.531524      -0.406998      0.402313      
319      0.510761      0.026962      0.092959      1.526715      -0.431311      0.426649      
320      0.510501      0.026882      0.093149      1.521243      -0.457364      0.452728      
321      0.510411      0.026742      0.093329      1.519243      -0.466512      0.461886      
322      0.510281      0.026502      0.093569      1.516136      -0.480366      0.475753      
323      0.510071      0.026262      0.093479      1.512414      -0.496436      0.491840      
324      0.509811      0.025992      0.093559      1.508570      -0.512488      0.507909      
325      0.509521      0.025532      0.093509      1.503474      -0.532986      0.528430      
326      0.509321      0.025252      0.093729      1.499458      -0.548579      0.544040      
327      0.509141      0.025042      0.093929      1.493321      -0.571549      0.567037      
328      0.509001      0.024672      0.094009      1.488525      -0.588842      0.584350      
329      0.508921      0.024312      0.094389      1.483779      -0.605439      0.600968      
330      0.508941      0.024062      0.094449      1.481903      -0.611869      0.607405      
331      0.508981      0.023552      0.094499      1.479423      -0.620260      0.615807      
332      0.508901      0.023212      0.094779      1.476662      -0.629460      0.625018      
333      0.508751      0.022692      0.094839      1.473411      -0.640115      0.635687      
334      0.508551      0.022542      0.095069      1.471657      -0.645784      0.641363      
335      0.508391      0.022392      0.095119      1.469817      -0.651675      0.647262      
336      0.508201      0.022252      0.095189      1.467811      -0.658035      0.653630      
337      0.507951      0.022212      0.095439      1.465185      -0.666260      0.661866      
338      0.507641      0.022102      0.095409      1.463237      -0.672291      0.667905      
339      0.507201      0.022082      0.095709      1.460004      -0.682174      0.677801      
340      0.506941      0.022102      0.095849      1.457391      -0.690048      0.685686      
341      0.506321      0.022042      0.095919      1.454341      -0.699120      0.694771      
342      0.505251      0.021962      0.096429      1.446135      -0.722917      0.718601      
343      0.504511      0.021822      0.096679      1.442597      -0.732916      0.728614      
344      0.503771      0.021652      0.096909      1.440114      -0.739845      0.735553      
345      0.502741      0.021402      0.097139      1.435697      -0.751998      0.747724      
346      0.501931      0.021382      0.097359      1.432426      -0.760859      0.756598      
347      0.501181      0.021392      0.097589      1.426467      -0.776720      0.772483      
348      0.500851      0.021362      0.097679      1.423325      -0.784939      0.780714      
349      0.500181      0.021342      0.097929      1.418710      -0.796841      0.792635      
350      0.499591      0.021232      0.098159      1.415128      -0.805943      0.801751      
351      0.498941      0.021092      0.098239      1.410171      -0.818356      0.814183      
352      0.497971      0.021122      0.098279      1.404045      -0.833405      0.829257      
353      0.496921      0.021102      0.098229      1.399676      -0.843956      0.839824      
354      0.495861      0.020942      0.098109      1.394044      -0.857339      0.853229      
355      0.494641      0.020862      0.098189      1.383316      -0.882195      0.878126      
356      0.493421      0.020622      0.097869      1.376408      -0.897786      0.893745      
357      0.492251      0.020392      0.097769      1.369974      -0.912031      0.908014      
358      0.491261      0.020052      0.097919      1.357466      -0.939009      0.935040      
359      0.490281      0.019612      0.097859      1.348925      -0.956922      0.952985      
360      0.489131      0.019292      0.098099      1.344904      -0.965222      0.961301      
361      0.487911      0.018992      0.098509      1.342711      -0.969713      0.965800      
362      0.486111      0.018542      0.099149      1.336773      -0.981751      0.977860      
363      0.485041      0.018202      0.099749      1.333792      -0.987727      0.983848      
364      0.484491      0.018062      0.100059      1.332149      -0.991004      0.987131      
365      0.483501      0.017572      0.100899      1.326613      -1.001950      0.998097      
366      0.482791      0.017032      0.101669      1.321734      -1.011478      1.007644      
