52      0.014120      1637667910166      
53      0.010220      1637667910197      
54      0.007330      1637667910246      
55      0.018950      1637667910275      
56      0.013890      1637667910308      
57      0.006670      1637667910347      
58      0.012900      1637667910373      
59      0.011430      1637667910402      
60      0.012040      1637667910431      
61      0.016490      1637667910479      
62      0.011540      1637667910516      
63      0.004990      1637667910551      
64      0.001590      1637667910574      
65      0.004700      1637667910605      
66      0.005040      1637667910634      
67      0.007060      1637667910666      
68      0.010360      1637667910698      
69      0.007350      1637667910748      
70      0.017620      1637667910775      
71      0.007050      1637667910808      
72      0.001960      1637667910842      
73      0.009750      1637667910872      
74      0.011220      1637667910902      
75      0.010740      1637667910935      
76      0.007680      1637667910968      
77      0.008990      1637667911015      
78      0.017790      1637667911043      
79      0.012560      1637667911074      
80      0.012580      1637667911113      
81      0.004230      1637667911146      
82      0.011130      1637667911176      
83      0.008680      1637667911201      
84      0.003010      1637667911235      
85      0.011060      1637667911263      
86      0.012550      1637667911310      
87      0.015200      1637667911352      
88      0.005650      1637667911382      
89      0.012230      1637667911414      
90      0.009000      1637667911435      
91      0.009880      1637667911466      
92      0.021480      1637667911497      
93      0.019750      1637667911551      
94      0.022430      1637667911586      
95      0.015430      1637667911606      
96      0.006880      1637667911641      
97      0.011290      1637667911670      
98      0.018480      1637667911701      
99      0.018600      1637667911735      
100      0.007610      1637667911770      
101      0.003940      1637667911796      
102      0.008800      1637667911844      
103      0.009970      1637667911876      
104      0.010590      1637667911908      
105      0.014810      1637667911948      
106      0.005490      1637667911986      
107      0.028480      1637667912005      
108      0.009790      1637667912036      
109      0.014360      1637667912067      
110      0.020740      1637667912097      
111      0.018940      1637667912131      
112      0.013840      1637667912182      
113      0.031880      1637667912206      
114      0.018560      1637667912240      
115      0.003440      1637667912272      
116      0.005520      1637667912302      
117      0.011800      1637667912334      
118      -0.000460      1637667912371      
119      -0.003050      1637667912409      
120      0.002780      1637667912446      
121      0.003730      1637667912472      
122      0.003110      1637667912506      
123      0.011340      1637667912538      
124      0.008550      1637667912568      
125      0.008530      1637667912602      
126      0.013820      1637667912631      
127      0.005540      1637667912684      
128      0.005270      1637667912711      
129      0.011680      1637667912741      
130      0.004860      1637667912774      
131      0.001300      1637667912818      
132      0.012480      1637667912852      
133      0.016700      1637667912872      
134      0.001730      1637667912901      
135      0.006360      1637667912932      
136      0.007400      1637667912967      
137      0.004460      1637667913017      
138      0.015650      1637667913047      
139      0.015340      1637667913074      
140      0.007000      1637667913107      
141      0.003230      1637667913139      
142      0.001280      1637667913174      
143      -0.001250      1637667913213      
144      -0.001410      1637667913235      
145      -0.002580      1637667913267      
146      -0.000840      1637667913297      
147      0.001120      1637667913346      
148      0.003290      1637667913387      
149      0.002780      1637667913407      
150      0.006680      1637667913438      
151      0.001850      1637667913471      
152      0.004820      1637667913501      
153      0.004240      1637667913532      
154      0.001440      1637667913590      
155      0.019490      1637667913609      
156      0.002970      1637667913640      
157      0.001240      1637667913673      
158      0.003680      1637667913725      
159      0.003520      1637667913759      
160      0.002020      1637667913797      
161      -0.000230      1637667913819      
162      0.002750      1637667913851      
163      0.004480      1637667913884      
164      -0.002310      1637667913910      
165      0.004680      1637667913941      
166      0.004330      1637667913973      
167      -0.004870      1637667914005      
168      -0.001140      1637667914041      
169      0.002720      1637667914069      
170      0.000110      1637667914099      
171      -0.000030      1637667914131      
172      -0.001530      1637667914180      
173      -0.000570      1637667914213      
174      0.001040      1637667914251      
175      0.001290      1637667914281      
176      0.001030      1637667914307      
177      0.000360      1637667914339      
178      0.000950      1637667914369      
179      0.005070      1637667914406      
180      0.008960      1637667914447      
181      0.002260      1637667914484      
182      0.013090      1637667914514      
183      0.006510      1637667914542      
184      0.004790      1637667914574      
185      0.003150      1637667914609      
186      0.001410      1637667914640      
187      0.000000      1637667914672      
188      0.000230      1637667914703      
189      0.000320      1637667914735      
190      0.000380      1637667914767      
191      0.001700      1637667914799      
192      0.002840      1637667914851      
193      0.002810      1637667914874      
194      0.001400      1637667914906      
195      0.002890      1637667914939      
196      0.005690      1637667914973      
197      0.000360      1637667915005      
198      0.003330      1637667915035      
199      -0.001170      1637667915069      
200      0.000260      1637667915113      
201      0.007290      1637667915143      
202      0.000230      1637667915174      
203      0.006930      1637667915206      
204      0.005630      1637667915239      
205      0.004090      1637667915272      
206      0.004140      1637667915303      
207      0.004390      1637667915333      
208      0.007030      1637667915365      
209      0.001510      1637667915414      
210      0.001390      1637667915448      
211      0.001480      1637667915479      
212      0.001330      1637667915508      
213      0.004150      1637667915540      
214      0.000070      1637667915572      
215      0.004340      1637667915603      
216      0.003050      1637667915638      
217      0.001820      1637667915688      
218      0.001840      1637667915721      
219      0.005810      1637667915747      
220      0.004690      1637667915777      
221      0.004270      1637667915808      
222      0.006960      1637667915847      
223      0.007070      1637667915886      
224      0.009600      1637667915906      
225      0.004360      1637667915937      
226      0.004410      1637667915969      
227      0.002000      1637667916001      
228      0.001720      1637667916057      
229      0.005750      1637667916080      
230      0.000300      1637667916107      
231      0.002710      1637667916140      
232      0.002740      1637667916173      
233      0.000010      1637667916205      
234      0.001680      1637667916235      
235      0.002920      1637667916290      
236      0.005720      1637667916310      
237      0.001290      1637667916341      
238      0.001410      1637667916373      
239      0.000350      1637667916411      
240      0.000110      1637667916438      
241      -0.001050      1637667916468      
242      0.001680      1637667916514      
243      0.003310      1637667916546      
244      0.001730      1637667916580      
245      0.003380      1637667916606      
246      0.004660      1637667916640      
247      0.002050      1637667916673      
248      -0.001140      1637667916713      
249      -0.000960      1637667916735      
250      0.000330      1637667916781      
251      -0.003720      1637667916812      
252      0.000420      1637667916855      
253      0.000730      1637667916879      
254      0.003850      1637667916914      
255      0.005740      1637667916942      
256      0.002340      1637667916970      
257      0.002330      1637667917018      
258      0.006430      1637667917047      
259      0.002210      1637667917074      
260      0.004220      1637667917116      
261      -0.000290      1637667917146      
262      -0.001290      1637667917180      
263      0.001760      1637667917204      
264      0.003130      1637667917235      
265      0.001710      1637667917285      
266      0.008350      1637667917329      
267      0.003950      1637667917354      
268      0.004190      1637667917377      
269      0.003860      1637667917407      
270      0.007020      1637667917439      
271      0.006670      1637667917475      
272      0.002490      1637667917505      
273      0.001790      1637667917552      
274      0.005230      1637667917582      
275      0.002050      1637667917614      
276      0.001930      1637667917645      
277      0.004910      1637667917675      
278      0.002180      1637667917710      
279      0.003490      1637667917740      
280      0.001760      1637667917771      
281      0.004960      1637667917802      
282      0.003350      1637667917851      
283      0.003490      1637667917882      
284      0.001620      1637667917917      
285      0.005710      1637667917949      
286      0.005660      1637667917977      
287      0.001240      1637667918008      
288      0.001120      1637667918038      
289      0.000970      1637667918085      
290      -0.000030      1637667918114      
291      0.000440      1637667918148      
292      0.001680      1637667918179      
293      0.000080      1637667918206      
294      -0.000140      1637667918239      
295      0.004150      1637667918273      
296      0.001360      1637667918304      
297      0.000660      1637667918339      
298      0.002950      1637667918390      
299      0.001990      1637667918419      
300      0.004250      1637667918449      
301      0.005540      1637667918482      
302      0.002600      1637667918512      
303      -0.000480      1637667918546      
304      0.002240      1637667918584      
305      0.002520      1637667918611      
306      -0.001420      1637667918640      
307      0.004110      1637667918671      
308      0.002110      1637667918720      
309      0.000590      1637667918757      
310      0.004030      1637667918790      
311      0.005530      1637667918824      
312      0.000290      1637667918846      
313      0.005860      1637667918878      
314      0.003700      1637667918909      
315      0.003690      1637667918945      
316      0.006420      1637667918982      
317      0.007170      1637667919007      
318      0.001060      1637667919064      
319      0.003880      1637667919085      
320      0.007250      1637667919115      
321      0.003170      1637667919152      
322      0.004920      1637667919186      
323      0.002170      1637667919213      
324      0.001290      1637667919238      
325      0.001460      1637667919272      
326      -0.001320      1637667919323      
327      -0.001180      1637667919362      
328      0.004260      1637667919387      
329      0.003080      1637667919416      
330      0.001550      1637667919448      
331      0.007210      1637667919480      
332      0.011200      1637667919512      
333      0.009720      1637667919542      
334      0.008240      1637667919582      
335      0.004080      1637667919606      
336      0.004270      1637667919658      
337      0.012720      1637667919688      
338      0.009510      1637667919720      
339      0.008080      1637667919750      
340      0.012300      1637667919796      
341      0.004040      1637667919815      
342      0.004150      1637667919845      
343      0.002760      1637667919878      
344      0.002760      1637667919908      
345      0.004010      1637667919940      
346      0.009370      1637667919998      
347      0.005310      1637667920032      
348      0.001960      1637667920057      
349      0.006090      1637667920082      
350      0.000470      1637667920115      
351      -0.000650      1637667920145      
352      0.001050      1637667920183      
353      0.000950      1637667920235      
354      0.002150      1637667920255      
355      0.001400      1637667920290      
356      0.004940      1637667920321      
357      0.007430      1637667920349      
358      0.004590      1637667920383      
359      0.005970      1637667920430      
360      0.001830      1637667920456      
361      -0.001750      1637667920490      
362      -0.000120      1637667920522      
363      0.001410      1637667920553      
364      0.005470      1637667920588      
365      0.001370      1637667920624      
366      -0.000020      1637667920649      
367      0.001270      1637667920679      
368      0.001230      1637667920712      
369      0.004290      1637667920764      
370      0.004540      1637667920799      
371      0.003050      1637667920824      
372      0.007670      1637667920855      
373      0.000500      1637667920886      
374      0.004680      1637667920920      
375      0.007120      1637667920950      
376      0.001390      1637667920981      
377      0.005610      1637667921020      
378      0.007080      1637667921046      
379      0.003310      1637667921090      
380      0.008930      1637667921123      
381      0.002710      1637667921154      
382      0.002490      1637667921195      
383      0.007700      1637667921230      
384      0.001980      1637667921250      
385      0.002060      1637667921280      
386      0.002340      1637667921329      
387      -0.000120      1637667921361      
388      0.000090      1637667921389      
389      0.002820      1637667921429      
390      0.002780      1637667921455      
391      0.002420      1637667921487      
392      -0.000560      1637667921515      
393      0.000400      1637667921547      
394      0.000370      1637667921578      
395      0.001980      1637667921634      
396      0.000670      1637667921663      
397      -0.000330      1637667921689      
398      0.000880      1637667921724      
399      0.005000      1637667921752      
400      0.000610      1637667921783      
401      0.006360      1637667921817      
402      0.005170      1637667921852      
403      -0.000760      1637667921880      
404      0.002720      1637667921927      
405      -0.000170      1637667921958      
406      0.001180      1637667921989      
407      0.000280      1637667922028      
408      -0.001880      1637667922064      
409      -0.000360      1637667922081      
410      -0.000230      1637667922114      
411      -0.002120      1637667922145      
412      -0.003740      1637667922191      
413      -0.010040      1637667922230      
414      -0.018540      1637667922268      
415      -0.015620      1637667922289      
416      -0.034460      1637667922318      
417      -0.028810      1637667922351      
418      -0.029760      1637667922382      
419      -0.033980      1637667922436      
420      -0.045830      1637667922468      
421      -0.026410      1637667922496      
422      -0.026150      1637667922525      
423      -0.025630      1637667922559      
424      -0.025800      1637667922591      
425      -0.023810      1637667922628      
426      -0.011290      1637667922663      
427      -0.022450      1637667922684      
428      -0.022850      1637667922715      
429      -0.031000      1637667922747      
430      -0.029480      1637667922782      
431      -0.029470      1637667922828      
432      -0.045830      1637667922864      
433      -0.026350      1637667922897      
434      -0.014620      1637667922929      
435      -0.026520      1637667922954      
436      -0.037360      1637667922988      
437      -0.039570      1637667923015      
438      -0.032790      1637667923055      
439      -0.037810      1637667923097      
440      -0.054760      1637667923127      
441      -0.029420      1637667923157      
442      -0.033600      1637667923189      
443      -0.028050      1637667923222      
444      -0.014120      1637667923255      
445      -0.032630      1637667923293      
446      -0.032720      1637667923318      
447      -0.021730      1637667923347      
448      -0.029950      1637667923397      
449      -0.041810      1637667923427      
450      -0.030170      1637667923460      
451      -0.048550      1637667923487      
452      -0.036190      1637667923520      
453      -0.013250      1637667923553      
454      -0.027410      1637667923584      
455      -0.016160      1637667923616      
456      -0.014600      1637667923650      
457      -0.020300      1637667923698      
458      -0.034260      1637667923727      
459      -0.026710      1637667923756      
460      -0.026960      1637667923789      
461      -0.030880      1637667923820      
462      -0.014110      1637667923854      
463      -0.026540      1637667923885      
464      -0.018180      1637667923915      
465      -0.012710      1637667923962      
466      -0.026060      1637667923995      
467      -0.011770      1637667924029      
468      -0.009100      1637667924062      
469      -0.010830      1637667924089      
470      -0.011060      1637667924121      
471      -0.008230      1637667924153      
472      -0.009020      1637667924185      
473      -0.017930      1637667924217      
474      -0.016650      1637667924267      
475      -0.032740      1637667924303      
476      -0.029070      1637667924329      
477      -0.031850      1637667924364      
