134      -1.460000      
135      -1.930000      
136      -1.450000      
137      -0.740000      
138      -0.930000      
139      -1.340000      
140      -1.130000      
141      -0.920000      
142      -1.040000      
143      -2.130000      
144      -1.970000      
145      -1.850000      
146      -1.970000      
147      -2.030000      
148      -1.750000      
149      -2.020000      
150      -2.420000      
151      -1.730000      
152      -2.050000      
153      -3.110000      
154      -2.390000      
155      -2.450000      
156      -1.640000      
157      -1.690000      
158      -1.140000      
159      -2.080000      
160      -1.320000      
161      -0.940000      
162      -0.890000      
163      -0.650000      
164      -0.500000      
165      -0.620000      
166      -1.410000      
167      -2.350000      
168      -1.790000      
169      -1.560000      
170      -0.910000      
171      -1.050000      
172      -2.890000      
173      -1.950000      
174      -1.550000      
175      -0.410000      
176      0.640000      
177      -0.480000      
178      -1.000000      
179      -0.750000      
180      -0.190000      
181      0.080000      
182      0.130000      
183      -0.340000      
184      -0.520000      
185      -0.550000      
186      -0.620000      
187      -0.750000      
188      -0.370000      
189      -0.930000      
190      -0.720000      
191      -1.450000      
192      -0.720000      
193      -2.080000      
194      0.150000      
195      0.110000      
196      -0.370000      
197      -0.810000      
198      -0.360000      
199      -0.470000      
200      -0.120000      
201      0.270000      
202      -0.320000      
203      -0.380000      
204      -0.240000      
205      -0.980000      
206      -0.530000      
207      -0.230000      
208      -0.840000      
209      1.250000      
210      5.350000      
211      5.150000      
212      4.190000      
213      3.620000      
214      3.610000      
215      3.930000      
216      4.550000      
217      2.600000      
218      4.580000      
219      2.170000      
220      2.680000      
221      1.990000      
222      2.590000      
223      2.430000      
224      2.290000      
225      2.850000      
226      1.750000      
227      1.290000      
228      1.960000      
229      2.130000      
230      1.620000      
231      1.750000      
232      2.460000      
233      3.170000      
234      1.540000      
235      1.720000      
236      1.870000      
237      1.390000      
238      1.300000      
