0      0.019260      1638383077316      
0      0.009510      1638383077345      
0      0.016500      1638383077376      
0      0.003610      1638383077409      
0      0.018310      1638383077440      
0      0.001560      1638383077472      
0      -0.003110      1638383077503      
0      0.014990      1638383077540      
0      -0.001420      1638383077584      
0      0.010800      1638383077614      
0      0.004480      1638383077648      
0      0.008800      1638383077676      
0      0.011070      1638383077716      
0      0.009380      1638383077747      
0      0.007120      1638383077772      
0      0.012970      1638383077803      
0      0.019940      1638383077836      
0      0.015690      1638383077896      
0      0.034780      1638383077923      
0      0.011600      1638383077948      
0      0.016830      1638383077975      
0      0.031900      1638383078007      
0      0.004560      1638383078041      
0      0.019020      1638383078088      
0      0.010270      1638383078119      
0      0.015790      1638383078155      
0      -0.003260      1638383078185      
0      0.012370      1638383078215      
0      0.015420      1638383078241      
0      0.001410      1638383078274      
0      0.005850      1638383078308      
0      0.013670      1638383078367      
0      0.005950      1638383078392      
0      0.004100      1638383078420      
0      0.001560      1638383078449      
0      0.013130      1638383078483      
0      0.002940      1638383078508      
0      0.015900      1638383078565      
0      0.007050      1638383078591      
0      -0.000250      1638383078623      
0      0.014340      1638383078658      
0      0.005060      1638383078685      
0      0.016410      1638383078718      
0      0.014270      1638383078764      
0      0.035080      1638383078791      
0      -0.000890      1638383078824      
0      0.018240      1638383078858      
0      0.020750      1638383078889      
0      0.021220      1638383078920      
0      0.019390      1638383078957      
0      0.006410      1638383078987      
0      0.018270      1638383079035      
0      0.009970      1638383079072      
0      0.009360      1638383079101      
0      0.004480      1638383079135      
0      0.013300      1638383079178      
0      0.015250      1638383079207      
0      -0.008960      1638383079242      
0      0.010020      1638383079271      
0      -0.003980      1638383079303      
0      0.001220      1638383079351      
0      0.005940      1638383079397      
0      0.005560      1638383079432      
0      0.013080      1638383079468      
0      0.002930      1638383079501      
0      0.021790      1638383079538      
0      0.016040      1638383079582      
0      0.018940      1638383079629      
0      0.016740      1638383079669      
0      0.017630      1638383079702      
0      0.017240      1638383079731      
0      0.030540      1638383079763      
0      0.014870      1638383079793      
0      0.017180      1638383079854      
0      0.010290      1638383079889      
0      0.015740      1638383079921      
0      0.007000      1638383079952      
0      0.015700      1638383079989      
0      0.010020      1638383080036      
0      0.003170      1638383080077      
0      0.000970      1638383080102      
0      0.001680      1638383080136      
0      0.006410      1638383080167      
0      0.001790      1638383080204      
0      0.009520      1638383080235      
0      0.008140      1638383080263      
0      0.000640      1638383080298      
0      0.005590      1638383080321      
0      -0.004700      1638383080352      
0      0.011680      1638383080384      
0      0.009030      1638383080420      
0      0.003980      1638383080453      
0      0.020900      1638383080483      
0      0.007040      1638383080515      
0      0.006510      1638383080548      
0      0.010060      1638383080571      
0      0.014100      1638383080605      
0      0.009250      1638383080653      
0      0.018040      1638383080687      
0      0.020680      1638383080716      
0      0.002690      1638383080746      
0      0.000350      1638383080775      
0      0.010580      1638383080806      
0      -0.001770      1638383080849      
0      0.000690      1638383080888      
0      0.006410      1638383080935      
0      0.007650      1638383080967      
0      0.001200      1638383081000      
0      0.003520      1638383081049      
0      0.008160      1638383081085      
0      0.007170      1638383081112      
0      0.010650      1638383081140      
0      0.007360      1638383081173      
0      0.005320      1638383081204      
0      0.015400      1638383081238      
0      0.015650      1638383081284      
0      0.003940      1638383081317      
0      0.009030      1638383081344      
0      0.008000      1638383081375      
0      0.011910      1638383081408      
0      0.004650      1638383081437      
0      0.009070      1638383081482      
0      -0.000360      1638383081516      
0      0.004730      1638383081551      
0      0.000320      1638383081577      
0      -0.002930      1638383081615      
0      0.003980      1638383081653      
0      0.005210      1638383081699      
0      0.005860      1638383081730      
0      0.007570      1638383081762      
0      0.005340      1638383081790      
0      0.004870      1638383081819      
0      0.000790      1638383081853      
0      0.007720      1638383081898      
0      0.000190      1638383081934      
0      0.003060      1638383081970      
0      0.003670      1638383082000      
0      0.004140      1638383082033      
0      0.005520      1638383082062      
0      0.003560      1638383082106      
0      -0.000170      1638383082139      
0      0.000820      1638383082168      
0      0.000610      1638383082199      
0      0.003780      1638383082231      
0      -0.003850      1638383082271      
0      -0.000360      1638383082318      
0      0.008160      1638383082339      
0      0.004210      1638383082369      
0      0.002010      1638383082405      
0      0.008150      1638383082438      
0      0.009810      1638383082469      
0      0.007730      1638383082518      
0      0.009760      1638383082563      
0      0.009910      1638383082600      
0      0.004340      1638383082633      
0      0.004960      1638383082663      
0      -0.001170      1638383082702      
0      0.007720      1638383082739      
0      0.003800      1638383082768      
0      -0.001770      1638383082807      
0      0.010820      1638383082847      
0      0.004610      1638383082876      
0      0.000580      1638383082915      
0      0.002530      1638383082940      
0      0.002640      1638383082973      
0      0.005440      1638383083003      
0      -0.005070      1638383083037      
0      0.004900      1638383083065      
0      -0.002160      1638383083097      
0      -0.000890      1638383083147      
0      0.007390      1638383083175      
0      0.000410      1638383083208      
0      0.006620      1638383083238      
0      0.000790      1638383083271      
0      0.005150      1638383083303      
0      0.003120      1638383083338      
0      0.000890      1638383083366      
0      0.005070      1638383083399      
0      0.002100      1638383083430      
0      0.002840      1638383083456      
0      0.004970      1638383083485      
0      0.003010      1638383083522      
0      0.007830      1638383083556      
0      0.007970      1638383083579      
0      0.013130      1638383083614      
0      0.007180      1638383083640      
0      0.002420      1638383083674      
0      0.001640      1638383083706      
0      0.003180      1638383083765      
0      0.002270      1638383083789      
0      0.000270      1638383083817      
0      0.005960      1638383083854      
0      0.000060      1638383083882      
0      0.007600      1638383083912      
0      0.000770      1638383083947      
0      0.005070      1638383083985      
0      0.009870      1638383084014      
0      0.000940      1638383084042      
0      0.001220      1638383084072      
0      0.006900      1638383084126      
0      0.004750      1638383084182      
0      0.005590      1638383084239      
0      0.009860      1638383084270      
0      0.008740      1638383084300      
0      0.008030      1638383084335      
0      0.005890      1638383084385      
0      0.006680      1638383084425      
0      0.009520      1638383084453      
0      0.001560      1638383084484      
0      0.006430      1638383084516      
0      0.003580      1638383084546      
0      0.001420      1638383084583      
0      0.001250      1638383084624      
0      0.000960      1638383084666      
0      0.000280      1638383084705      
0      0.001180      1638383084740      
0      0.003020      1638383084781      
0      0.001010      1638383084816      
0      0.000420      1638383084847      
0      0.004230      1638383084882      
0      -0.001470      1638383084912      
0      0.001580      1638383084948      
0      0.002090      1638383084990      
0      -0.001270      1638383085030      
0      0.004270      1638383085069      
0      0.000860      1638383085101      
0      0.002030      1638383085135      
0      -0.000120      1638383085165      
0      0.002400      1638383085205      
0      0.001560      1638383085240      
0      -0.000100      1638383085271      
0      0.002900      1638383085305      
0      -0.001760      1638383085339      
0      0.001610      1638383085366      
0      -0.002440      1638383085414      
0      -0.001360      1638383085453      
0      0.002160      1638383085505      
0      -0.002790      1638383085549      
0      0.004170      1638383085581      
0      -0.001310      1638383085624      
0      0.002220      1638383085665      
0      0.000820      1638383085693      
0      0.001590      1638383085729      
0      0.003170      1638383085754      
0      0.004510      1638383085785      
0      0.001970      1638383085832      
0      0.002860      1638383085868      
0      0.004010      1638383085900      
0      0.001540      1638383085931      
0      0.000930      1638383085964      
0      0.005410      1638383085992      
0      0.004070      1638383086029      
0      -0.000290      1638383086053      
0      0.006550      1638383086085      
0      0.003830      1638383086114      
0      -0.001410      1638383086146      
0      0.007070      1638383086178      
0      0.001370      1638383086232      
0      0.001920      1638383086269      
0      0.000770      1638383086296      
0      0.000690      1638383086321      
0      0.000990      1638383086354      
0      0.000150      1638383086384      
0      0.001940      1638383086414      
0      -0.001610      1638383086447      
0      0.001160      1638383086495      
0      -0.000210      1638383086523      
0      0.000000      1638383086555      
0      0.000800      1638383086587      
0      -0.002790      1638383086618      
0      -0.007270      1638383086666      
0      -0.023690      1638383086703      
0      -0.043610      1638383086736      
0      -0.016720      1638383086765      
0      -0.003520      1638383086790      
0      0.005240      1638383086823      
0      0.010170      1638383086868      
0      0.005640      1638383086915      
0      0.009120      1638383086946      
0      0.015920      1638383086970      
0      0.001250      1638383087000      
0      0.003610      1638383087046      
0      -0.001530      1638383087083      
0      -0.009680      1638383087118      
0      -0.015420      1638383087147      
0      -0.016700      1638383087178      
0      -0.028660      1638383087211      
0      -0.035050      1638383087241      
0      -0.064400      1638383087274      
0      -0.027090      1638383087308      
0      -0.042270      1638383087336      
0      -0.031340      1638383087364      
0      -0.025790      1638383087395      
0      -0.033030      1638383087423      
0      -0.020250      1638383087456      
0      -0.007720      1638383087489      
0      -0.031220      1638383087524      
0      -0.011130      1638383087551      
0      -0.025070      1638383087584      
0      -0.012880      1638383087615      
0      0.002320      1638383087647      
0      -0.009190      1638383087696      
0      0.002460      1638383087732      
0      -0.003790      1638383087756      
0      0.003330      1638383087788      
0      -0.007920      1638383087821      
0      -0.005280      1638383087852      
0      0.001250      1638383087887      
0      -0.018590      1638383087919      
0      -0.005740      1638383087962      
0      -0.014480      1638383087990      
0      -0.009250      1638383088023      
0      -0.008880      1638383088057      
0      -0.006880      1638383088097      
0      -0.007060      1638383088134      
0      -0.012570      1638383088169      
0      -0.015580      1638383088200      
0      -0.010670      1638383088232      
0      -0.019360      1638383088264      
0      -0.002360      1638383088298      
0      -0.018130      1638383088334      
0      -0.006620      1638383088362      
0      -0.006200      1638383088390      
0      -0.010700      1638383088421      
0      -0.000430      1638383088448      
0      -0.002570      1638383088495      
0      -0.005860      1638383088534      
0      -0.004690      1638383088565      
0      -0.011640      1638383088598      
0      0.002140      1638383088622      
0      -0.000680      1638383088653      
0      -0.011350      1638383088685      
0      0.001720      1638383088716      
0      -0.011510      1638383088755      
0      -0.009650      1638383088797      
0      -0.007260      1638383088828      
0      -0.004290      1638383088863      
0      -0.002060      1638383088891      
0      -0.012260      1638383088933      
0      0.000130      1638383088965      
0      -0.002650      1638383088986      
0      -0.011300      1638383089016      
0      0.001550      1638383089048      
0      -0.005080      1638383089080      
0      -0.008540      1638383089133      
0      -0.012710      1638383089167      
0      -0.008030      1638383089191      
0      -0.002690      1638383089224      
0      -0.005800      1638383089254      
0      -0.001240      1638383089286      
0      0.001920      1638383089317      
0      -0.003590      1638383089351      
0      -0.002210      1638383089386      
0      0.000740      1638383089428      
0      -0.016790      1638383089464      
0      -0.005350      1638383089489      
0      -0.019100      1638383089521      
0      -0.006870      1638383089561      
0      0.000730      1638383089595      
0      -0.013980      1638383089618      
0      -0.009010      1638383089649      
0      -0.006690      1638383089698      
0      -0.013140      1638383089729      
0      -0.007850      1638383089765      
0      -0.010410      1638383089800      
0      -0.005170      1638383089821      
0      -0.027450      1638383089857      
0      -0.003950      1638383089887      
0      0.001840      1638383089919      
0      -0.008910      1638383089952      
0      -0.003980      1638383090000      
0      -0.004270      1638383090036      
0      -0.011500      1638383090067      
0      0.001780      1638383090099      
0      -0.018110      1638383090123      
0      -0.009400      1638383090164      
0      -0.020180      1638383090195      
0      -0.018310      1638383090229      
0      -0.015730      1638383090250      
0      -0.013410      1638383090299      
0      -0.030720      1638383090330      
0      -0.021440      1638383090369      
0      -0.017360      1638383090403      
0      -0.012500      1638383090423      
0      -0.026150      1638383090455      
0      -0.009760      1638383090487      
0      0.001120      1638383090525      
0      -0.008610      1638383090552      
0      -0.012320      1638383090591      
0      -0.004040      1638383090630      
0      -0.004770      1638383090662      
0      -0.004270      1638383090697      
0      -0.013450      1638383090722      
0      -0.004120      1638383090755      
0      -0.012270      1638383090788      
0      -0.013500      1638383090833      
0      -0.020700      1638383090851      
0      -0.009710      1638383090899      
0      -0.032850      1638383090934      
0      -0.014210      1638383090963      
0      -0.011380      1638383091000      
0      -0.005350      1638383091037      
0      -0.018680      1638383091055      
0      -0.019490      1638383091088      
0      -0.002960      1638383091122      
0      -0.011880      1638383091152      
0      -0.015780      1638383091183      
0      -0.009160      1638383091230      
0      -0.023080      1638383091264      
0      -0.025960      1638383091296      
0      -0.026770      1638383091322      
0      -0.016640      1638383091355      
0      -0.012670      1638383091388      
0      -0.021670      1638383091430      
0      -0.004360      1638383091456      
0      -0.014320      1638383091489      
0      -0.025030      1638383091515      
0      -0.018110      1638383091548      
0      -0.000680      1638383091583      
0      -0.006660      1638383091617      
0      -0.007550      1638383091667      
