140      0.018450      1637689912434      
141      0.030700      1637689912488      
142      0.021880      1637689912513      
143      0.013890      1637689912545      
144      0.008550      1637689912573      
145      0.013860      1637689912604      
146      0.014600      1637689912637      
147      0.008600      1637689912695      
148      0.009720      1637689912715      
149      0.010380      1637689912746      
150      0.007800      1637689912778      
151      0.011450      1637689912812      
152      0.010250      1637689912839      
153      0.008420      1637689912872      
154      0.009550      1637689912908      
155      0.005230      1637689912953      
156      0.025400      1637689912985      
157      0.014750      1637689913017      
158      0.015370      1637689913049      
159      0.018800      1637689913088      
160      0.011780      1637689913122      
161      0.005800      1637689913155      
162      0.003910      1637689913188      
163      0.005890      1637689913222      
164      0.009270      1637689913251      
165      0.011970      1637689913283      
166      0.009190      1637689913314      
167      0.013210      1637689913347      
168      0.013210      1637689913389      
169      0.018680      1637689913422      
170      0.013930      1637689913456      
171      0.007110      1637689913490      
172      0.008000      1637689913533      
173      0.010640      1637689913552      
174      0.016180      1637689913583      
175      0.006070      1637689913613      
176      0.006870      1637689913647      
177      0.012730      1637689913689      
178      0.012870      1637689913729      
179      0.005070      1637689913755      
180      0.010170      1637689913786      
181      0.009730      1637689913818      
182      0.013270      1637689913850      
183      0.012160      1637689913881      
184      0.012450      1637689913932      
185      0.020910      1637689913957      
186      0.014850      1637689913989      
187      0.018000      1637689914023      
188      0.006920      1637689914055      
189      0.010450      1637689914087      
190      0.005130      1637689914123      
191      0.007040      1637689914149      
192      0.007550      1637689914196      
193      0.006180      1637689914223      
194      0.007570      1637689914256      
195      0.012240      1637689914289      
196      0.004860      1637689914323      
197      0.011990      1637689914362      
198      0.019340      1637689914388      
199      0.013930      1637689914419      
200      0.008680      1637689914450      
201      0.010240      1637689914483      
202      0.006470      1637689914513      
203      0.004050      1637689914547      
204      0.008990      1637689914573      
205      0.009760      1637689914604      
206      0.010570      1637689914638      
207      0.005420      1637689914666      
208      0.013370      1637689914696      
209      0.017500      1637689914730      
210      0.017420      1637689914779      
211      0.020890      1637689914806      
212      0.008370      1637689914839      
213      0.007970      1637689914869      
214      0.005160      1637689914901      
215      0.009470      1637689914936      
216      0.004440      1637689914969      
217      0.011420      1637689914996      
218      0.007090      1637689915028      
219      0.006660      1637689915071      
220      0.014860      1637689915104      
221      0.008020      1637689915139      
222      0.005880      1637689915171      
223      0.010810      1637689915201      
224      0.006680      1637689915234      
225      0.008580      1637689915266      
226      0.005160      1637689915298      
227      0.005810      1637689915330      
228      0.003470      1637689915373      
229      0.014940      1637689915405      
230      0.008340      1637689915437      
231      0.003990      1637689915469      
232      0.006600      1637689915501      
233      0.005970      1637689915532      
234      0.006390      1637689915567      
235      0.004150      1637689915598      
236      0.004180      1637689915640      
237      0.011050      1637689915670      
238      0.006770      1637689915704      
239      0.002620      1637689915737      
240      0.010780      1637689915780      
241      0.010350      1637689915801      
242      0.008940      1637689915832      
243      0.008220      1637689915864      
244      0.006690      1637689915914      
245      0.010780      1637689915946      
246      0.006770      1637689915985      
247      0.008170      1637689916007      
248      0.005950      1637689916038      
249      0.010470      1637689916071      
250      0.005950      1637689916103      
251      0.008120      1637689916136      
252      0.008080      1637689916170      
253      0.005410      1637689916199      
254      0.007470      1637689916230      
255      0.005810      1637689916278      
256      0.010740      1637689916308      
257      0.002690      1637689916340      
258      0.007780      1637689916376      
259      0.001400      1637689916405      
260      0.005710      1637689916437      
261      0.004430      1637689916468      
262      0.008690      1637689916500      
263      0.007530      1637689916548      
264      0.010780      1637689916585      
265      0.004580      1637689916607      
266      0.007520      1637689916639      
267      0.004390      1637689916671      
268      0.003460      1637689916704      
269      0.007490      1637689916735      
270      0.000310      1637689916770      
271      0.004180      1637689916816      
272      0.009320      1637689916846      
273      0.004210      1637689916879      
274      0.007710      1637689916911      
275      0.004410      1637689916941      
276      0.005340      1637689916973      
277      0.007320      1637689917011      
278      0.003990      1637689917037      
279      0.005970      1637689917086      
280      0.006880      1637689917118      
281      0.003580      1637689917149      
282      0.005410      1637689917190      
283      0.003250      1637689917214      
284      0.008020      1637689917247      
285      0.007180      1637689917273      
286      0.008430      1637689917321      
287      0.004390      1637689917355      
288      0.009510      1637689917398      
289      0.006690      1637689917422      
290      0.007820      1637689917451      
291      0.010640      1637689917480      
292      0.008190      1637689917508      
293      0.008900      1637689917556      
294      0.006480      1637689917598      
295      0.001290      1637689917631      
296      0.006970      1637689917653      
297      0.000160      1637689917681      
298      0.005100      1637689917713      
299      -0.000200      1637689917746      
300      0.007400      1637689917781      
301      0.007370      1637689917822      
302      0.015000      1637689917854      
303      0.003350      1637689917885      
304      0.000720      1637689917915      
305      0.006150      1637689917948      
306      0.005530      1637689917979      
307      0.005520      1637689918017      
308      0.004800      1637689918057      
309      0.010470      1637689918089      
310      0.004400      1637689918122      
311      0.010470      1637689918154      
312      0.007250      1637689918185      
313      0.009400      1637689918223      
314      0.010050      1637689918248      
315      -0.000470      1637689918279      
316      0.004220      1637689918329      
317      0.001620      1637689918358      
318      -0.002290      1637689918390      
319      0.004920      1637689918431      
320      -0.003030      1637689918456      
321      0.000650      1637689918488      
322      0.002580      1637689918518      
323      -0.000820      1637689918552      
324      0.004550      1637689918596      
325      0.004840      1637689918633      
326      0.007160      1637689918663      
327      0.004100      1637689918688      
328      0.003140      1637689918722      
329      0.007220      1637689918754      
330      0.001600      1637689918786      
331      0.012230      1637689918848      
332      0.008880      1637689918867      
333      0.007770      1637689918895      
334      -0.000140      1637689918928      
335      0.004650      1637689918956      
336      0.000580      1637689918988      
337      0.005220      1637689919034      
338      -0.001280      1637689919070      
339      0.003390      1637689919100      
340      0.000420      1637689919131      
341      0.000050      1637689919162      
342      0.001830      1637689919194      
343      -0.001800      1637689919228      
344      0.004960      1637689919270      
345      -0.002690      1637689919304      
346      0.002590      1637689919335      
347      0.000240      1637689919366      
348      0.002030      1637689919399      
349      -0.002600      1637689919434      
350      0.001120      1637689919465      
351      0.003250      1637689919495      
352      0.000610      1637689919538      
353      -0.000610      1637689919570      
354      0.005610      1637689919603      
355      -0.001340      1637689919637      
356      0.003900      1637689919671      
357      0.003120      1637689919700      
358      0.005250      1637689919729      
359      0.008170      1637689919758      
360      0.002940      1637689919805      
361      0.004340      1637689919838      
362      0.001440      1637689919872      
363      0.002710      1637689919905      
364      -0.000510      1637689919934      
365      0.006890      1637689919966      
366      0.001000      1637689919998      
367      0.005720      1637689920034      
368      0.003590      1637689920069      
369      0.002240      1637689920096      
370      0.001980      1637689920122      
371      0.000270      1637689920137      
372      0.000940      1637689920186      
373      0.001240      1637689920216      
374      0.003620      1637689920252      
375      0.001420      1637689920288      
376      0.002840      1637689920311      
377      0.003570      1637689920340      
378      0.002640      1637689920372      
379      0.002530      1637689920423      
380      0.006680      1637689920470      
381      0.005550      1637689920499      
382      0.005770      1637689920520      
383      0.005040      1637689920552      
384      0.003370      1637689920582      
385      0.006110      1637689920616      
386      0.000070      1637689920647      
387      0.004060      1637689920697      
388      0.001100      1637689920732      
389      0.006190      1637689920764      
390      -0.001900      1637689920890      
391      0.001190      1637689920932      
392      -0.047710      1637689920961      
393      -0.015250      1637689920994      
394      -0.005430      1637689921030      
395      -0.009840      1637689921052      
396      -0.013750      1637689921085      
397      -0.012770      1637689921120      
398      -0.010990      1637689921147      
399      -0.011850      1637689921198      
400      -0.018860      1637689921231      
401      -0.015610      1637689921262      
402      -0.009970      1637689921299      
403      -0.026690      1637689921335      
404      -0.025520      1637689921378      
405      -0.019570      1637689921404      
406      -0.008930      1637689921439      
407      -0.013250      1637689921468      
408      -0.011850      1637689921505      
409      -0.015160      1637689921534      
410      -0.010720      1637689921580      
411      -0.025500      1637689921611      
412      -0.013440      1637689921638      
413      -0.015070      1637689921671      
414      -0.009130      1637689921704      
415      -0.014430      1637689921738      
416      -0.013230      1637689921772      
417      -0.008390      1637689921797      
418      -0.010920      1637689921831      
419      -0.005190      1637689921860      
420      -0.010390      1637689921888      
421      -0.009820      1637689921932      
422      -0.012200      1637689921970      
423      -0.010640      1637689922002      
424      -0.011060      1637689922035      
425      -0.008730      1637689922068      
426      -0.013760      1637689922098      
427      -0.013890      1637689922131      
428      -0.006150      1637689922160      
429      -0.014340      1637689922188      
430      -0.012150      1637689922218      
431      -0.020710      1637689922269      
432      -0.030110      1637689922301      
433      -0.019480      1637689922336      
434      -0.015100      1637689922366      
435      -0.006970      1637689922391      
436      -0.014120      1637689922435      
437      -0.011520      1637689922473      
438      -0.018000      1637689922509      
439      -0.012310      1637689922553      
440      -0.011820      1637689922582      
441      -0.016420      1637689922615      
442      -0.008770      1637689922646      
443      -0.004680      1637689922681      
444      -0.015740      1637689922715      
445      -0.010140      1637689922748      
446      -0.020340      1637689922784      
447      -0.027280      1637689922818      
448      -0.009530      1637689922847      
449      -0.012850      1637689922882      
450      -0.009350      1637689922914      
451      -0.005540      1637689922950      
452      -0.013780      1637689922983      
453      -0.011880      1637689923021      
454      -0.018900      1637689923055      
455      -0.015360      1637689923096      
456      -0.019920      1637689923133      
457      -0.051760      1637689923183      
458      -0.030910      1637689923234      
459      -0.021350      1637689923280      
460      -0.022820      1637689923312      
461      -0.021170      1637689923338      
462      -0.008480      1637689923386      
463      -0.013480      1637689923434      
464      -0.018060      1637689923469      
465      -0.015150      1637689923500      
466      -0.004020      1637689923534      
467      -0.010910      1637689923562      
468      -0.010560      1637689923618      
469      -0.012570      1637689923652      
470      -0.025340      1637689923686      
471      -0.015660      1637689923718      
472      -0.011490      1637689923753      
473      -0.006490      1637689923784      
474      -0.013600      1637689923819      
475      -0.013780      1637689923855      
476      -0.013330      1637689923887      
477      -0.013050      1637689923921      
478      -0.009500      1637689923950      
479      -0.009840      1637689923983      
480      -0.012310      1637689924029      
481      -0.013860      1637689924063      
482      -0.011310      1637689924100      
483      -0.013870      1637689924135      
484      -0.017000      1637689924170      
485      -0.010340      1637689924211      
486      -0.014440      1637689924244      
487      -0.007490      1637689924266      
488      -0.009880      1637689924300      
489      -0.014140      1637689924335      
490      -0.012820      1637689924365      
491      -0.016970      1637689924396      
492      -0.011750      1637689924440      
493      -0.012120      1637689924475      
494      -0.015460      1637689924501      
495      -0.016500      1637689924533      
496      -0.015050      1637689924564      
497      -0.019090      1637689924595      
498      -0.010050      1637689924640      
499      -0.018430      1637689924679      
500      -0.016810      1637689924704      
501      -0.006970      1637689924725      
502      -0.009270      1637689924753      
503      -0.011500      1637689924784      
504      -0.012230      1637689924821      
505      -0.016700      1637689924857      
506      -0.011100      1637689924880      
507      -0.014320      1637689924907      
508      -0.015160      1637689924941      
509      -0.008360      1637689924971      
510      -0.004470      1637689925004      
511      -0.008440      1637689925063      
512      -0.013180      1637689925085      
513      -0.010450      1637689925121      
514      -0.006270      1637689925152      
