99      0.468851      0.013512      0.148059      1.322921      -1.009170      1.005332      
100      0.469721      0.013532      0.147719      1.330120      -0.995033      0.991167      
101      0.470561      0.013592      0.147329      1.339446      -0.976352      0.972451      
102      0.471331      0.013622      0.147059      1.349035      -0.956695      0.952758      
103      0.472281      0.013602      0.146599      1.354418      -0.945447      0.941489      
104      0.472811      0.013632      0.146149      1.357979      -0.937919      0.933948      
105      0.473361      0.013722      0.145579      1.361665      -0.930053      0.926068      
106      0.474011      0.013882      0.144819      1.364357      -0.924259      0.920263      
107      0.474361      0.014002      0.144369      1.365705      -0.921341      0.917341      
108      0.474981      0.014172      0.143549      1.368925      -0.914329      0.910316      
109      0.475731      0.014362      0.142769      1.373727      -0.903753      0.899722      
110      0.476521      0.014502      0.142029      1.377842      -0.894574      0.890527      
111      0.477691      0.014692      0.141119      1.386947      -0.873874      0.869792      
112      0.478641      0.014742      0.140769      1.395123      -0.854794      0.850680      
113      0.479391      0.014652      0.140539      1.409558      -0.819876      0.815706      
114      0.480171      0.014552      0.140439      1.419833      -0.793964      0.789753      
115      0.480631      0.014472      0.140359      1.424134      -0.782833      0.778605      
116      0.481451      0.014222      0.140229      1.429873      -0.767699      0.763448      
117      0.482261      0.013952      0.140109      1.433515      -0.757921      0.753656      
118      0.483301      0.013592      0.139859      1.436489      -0.749834      0.745557      
119      0.483971      0.013332      0.139779      1.438259      -0.744975      0.740690      
120      0.484631      0.013082      0.139629      1.439302      -0.742095      0.737807      
121      0.485321      0.012852      0.139509      1.441000      -0.737380      0.733084      
122      0.485661      0.012712      0.139449      1.442084      -0.734353      0.730053      
123      0.486251      0.012482      0.139369      1.443502      -0.730373      0.726067      
124      0.486721      0.012342      0.139119      1.444892      -0.726445      0.722134      
125      0.487101      0.012232      0.138799      1.446857      -0.720856      0.716537      
126      0.487591      0.012192      0.138219      1.451067      -0.708718      0.704382      
127      0.487841      0.012252      0.137689      1.454787      -0.697803      0.693452      
128      0.488181      0.012302      0.137149      1.456902      -0.691512      0.687152      
129      0.488581      0.012352      0.136629      1.459184      -0.684655      0.680286      
130      0.488721      0.012342      0.136419      1.460909      -0.679422      0.675046      
131      0.489021      0.012282      0.136049      1.463981      -0.669993      0.665604      
132      0.489421      0.012202      0.135759      1.466770      -0.661307      0.656906      
133      0.489911      0.012082      0.135619      1.469643      -0.652231      0.647819      
134      0.490471      0.011952      0.135189      1.475887      -0.632018      0.627580      
135      0.490991      0.011922      0.134789      1.479365      -0.620454      0.616001      
136      0.491481      0.011872      0.134409      1.482497      -0.609842      0.605376      
137      0.491881      0.011902      0.134049      1.486279      -0.596755      0.592273      
138      0.492251      0.011962      0.133569      1.490111      -0.583180      0.578681      
139      0.492451      0.012012      0.133429      1.492302      -0.575269      0.570761      
140      0.492971      0.012082      0.133209      1.495932      -0.561897      0.557374      
141      0.493391      0.012162      0.132939      1.497312      -0.556724      0.552195      
142      0.493591      0.012282      0.132639      1.500376      -0.545056      0.540514      
143      0.493951      0.012412      0.132579      1.501917      -0.539088      0.534539      
144      0.494511      0.012552      0.132529      1.504254      -0.529904      0.525344      
145      0.494771      0.012642      0.132489      1.507137      -0.518338      0.513766      
146      0.494951      0.012682      0.132499      1.507696      -0.516062      0.511487      
147      0.495271      0.012762      0.132459      1.508857      -0.511306      0.506726      
148      0.495351      0.012782      0.132509      1.511596      -0.499896      0.495303      
149      0.495361      0.012822      0.132479      1.513385      -0.492299      0.487698      
150      0.495361      0.012852      0.132409      1.516205      -0.480062      0.475449      
151      0.495351      0.012852      0.132399      1.518665      -0.469120      0.464496      
152      0.495391      0.012772      0.132439      1.521047      -0.458267      0.453632      
153      0.495491      0.012702      0.132479      1.523742      -0.445657      0.441009      
154      0.495561      0.012632      0.132529      1.527215      -0.428848      0.424184      
155      0.495691      0.012512      0.132599      1.529482      -0.417496      0.412821      
156      0.495771      0.012452      0.132579      1.530261      -0.413526      0.408848      
157      0.495921      0.012332      0.132569      1.532452      -0.402129      0.397441      
158      0.496001      0.012242      0.132569      1.534391      -0.391767      0.387069      
159      0.495911      0.012122      0.132389      1.536602      -0.379597      0.374888      
160      0.495771      0.012072      0.132169      1.538601      -0.368235      0.363517      
161      0.495841      0.012102      0.131739      1.539993      -0.360112      0.355386      
162      0.496031      0.012162      0.131129      1.541467      -0.351299      0.346566      
163      0.496301      0.012242      0.130679      1.542636      -0.344149      0.339410      
164      0.496371      0.012262      0.130529      1.543172      -0.340820      0.336078      
165      0.496441      0.012312      0.130189      1.543637      -0.337904      0.333160      
166      0.496721      0.012572      0.129449      1.545156      -0.328195      0.323443      
167      0.496801      0.012812      0.128949      1.545575      -0.325466      0.320712      
168      0.496921      0.013092      0.128459      1.546422      -0.319875      0.315116      
169      0.497081      0.013442      0.128099      1.547182      -0.314776      0.310013      
170      0.497241      0.013832      0.127619      1.547647      -0.311616      0.306851      
171      0.497381      0.014172      0.127259      1.548372      -0.306617      0.301849      
172      0.497481      0.014452      0.127119      1.549248      -0.300468      0.295695      
173      0.497541      0.014532      0.127079      1.549500      -0.298677      0.293902      
174      0.497641      0.014692      0.126979      1.550784      -0.289365      0.284583      
175      0.497711      0.014722      0.126819      1.551768      -0.282023      0.277236      
176      0.497931      0.014732      0.126919      1.552734      -0.274626      0.269833      
177      0.498111      0.014652      0.127049      1.553691      -0.267087      0.262289      
178      0.498341      0.014592      0.127209      1.554950      -0.256837      0.252031      
179      0.498491      0.014492      0.127289      1.556245      -0.245840      0.241027      
180      0.498701      0.014392      0.127359      1.557435      -0.235288      0.230468      
181      0.498931      0.014262      0.127509      1.558549      -0.224961      0.220134      
182      0.499631      0.014062      0.127769      1.560181      -0.208910      0.204073      
183      0.500121      0.013902      0.127949      1.560920      -0.201213      0.196371      
184      0.500671      0.013802      0.128129      1.561695      -0.192824      0.187977      
185      0.501091      0.013762      0.128389      1.562324      -0.185736      0.180885      
186      0.501231      0.013822      0.128269      1.562913      -0.178844      0.173989      
187      0.501261      0.013992      0.127989      1.563360      -0.173432      0.168574      
188      0.501321      0.014242      0.127849      1.564174      -0.163111      0.158247      
189      0.501421      0.014472      0.127829      1.564992      -0.152051      0.147181      
190      0.501541      0.014622      0.127819      1.565314      -0.147469      0.142597      
191      0.501681      0.014672      0.127949      1.565310      -0.147524      0.142652      
192      0.502061      0.014732      0.128369      1.565488      -0.144943      0.140069      
193      0.502381      0.014752      0.128669      1.565781      -0.140565      0.135689      
194      0.502691      0.014772      0.128759      1.565924      -0.138392      0.133515      
195      0.502791      0.014712      0.128899      1.566162      -0.134681      0.129802      
196      0.502771      0.014672      0.128829      1.566392      -0.130993      0.126112      
197      0.502791      0.014542      0.128719      1.566857      -0.123201      0.118316      
198      0.502791      0.014422      0.128669      1.567171      -0.117661      0.112773      
199      0.503061      0.014312      0.128919      1.567758      -0.106556      0.101663      
200      0.503271      0.014222      0.129129      1.567918      -0.103307      0.098412      
201      0.503441      0.014062      0.129099      1.568246      -0.096360      0.091463      
202      0.503581      0.013882      0.128939      1.568519      -0.090151      0.085251      
203      0.503531      0.013702      0.128759      1.568565      -0.089076      0.084175      
204      0.503531      0.013492      0.128649      1.568538      -0.089712      0.084811      
205      0.503541      0.013412      0.128829      1.568574      -0.088841      0.083939      
206      0.503381      0.013302      0.128469      1.568557      -0.089264      0.084364      
207      0.503381      0.013182      0.128259      1.568797      -0.083369      0.078466      
208      0.503441      0.013132      0.128299      1.568832      -0.082482      0.077578      
209      0.503621      0.012962      0.128289      1.568968      -0.078942      0.074036      
210      0.503951      0.012852      0.128259      1.569344      -0.068163      0.063253      
211      0.504391      0.012642      0.128569      1.569562      -0.061058      0.056145      
212      0.504411      0.012232      0.128139      1.569775      -0.053293      0.048377      
213      0.504331      0.011932      0.127929      1.569880      -0.048983      0.044065      
214      0.504041      0.011642      0.127549      1.569977      -0.044680      0.039761      
215      0.503761      0.011412      0.126869      1.570059      -0.040731      0.035810      
216      0.503691      0.011312      0.126729      1.570078      -0.039749      0.034828      
217      0.503421      0.011062      0.126489      1.570105      -0.038320      0.033398      
218      0.503231      0.010882      0.126049      1.570197      -0.033005      0.028081      
219      0.503321      0.010662      0.125909      1.570291      -0.026589      0.021663      
220      0.503351      0.010552      0.125849      1.570348      -0.021910      0.016982      
221      0.503421      0.010442      0.125949      1.570378      -0.018941      0.014012      
222      0.503411      0.010412      0.125909      1.570383      -0.018454      0.013525      
223      0.503421      0.010552      0.125599      1.570444      -0.010414      0.005482      
224      0.503391      0.010742      0.125589      1.570476      -0.001572      -0.003363      
225      0.503311      0.010862      0.125589      1.570478      0.000753      -0.005688      
226      0.503081      0.011102      0.125399      1.570476      0.005378      -0.010315      
227      0.503041      0.011422      0.125429      1.570444      0.013969      -0.018908      
228      0.503051      0.011732      0.125489      1.570392      0.021185      -0.026127      
229      0.503001      0.012032      0.125369      1.570356      0.024821      -0.029764      
230      0.502941      0.012322      0.125179      1.570209      0.035988      -0.040933      
231      0.503041      0.012472      0.125389      1.570151      0.039490      -0.044437      
232      0.503041      0.012482      0.125229      1.570107      0.041901      -0.046848      
233      0.503111      0.012412      0.125259      1.570009      0.046918      -0.051867      
234      0.503161      0.012252      0.125419      1.569947      0.049784      -0.054734      
235      0.503311      0.012102      0.125429      1.569762      0.057480      -0.062431      
236      0.503441      0.011972      0.125529      1.569730      0.058712      -0.063664      
237      0.503631      0.011812      0.125859      1.569558      0.064931      -0.069884      
238      0.503861      0.011712      0.126009      1.569472      0.067813      -0.072766      
239      0.503931      0.011642      0.126069      1.569443      0.068755      -0.073709      
240      0.504051      0.011662      0.126089      1.569367      0.071158      -0.076112      
241      0.504131      0.011652      0.126019      1.569371      0.071016      -0.075971      
242      0.504251      0.011622      0.126039      1.569216      0.075704      -0.080659      
243      0.504391      0.011532      0.126299      1.569066      0.079975      -0.084931      
244      0.504721      0.011422      0.126489      1.568878      0.085024      -0.089981      
245      0.504951      0.011242      0.126989      1.568562      0.092851      -0.097810      
246      0.505051      0.011202      0.127129      1.568457      0.095308      -0.100267      
247      0.505141      0.011082      0.127169      1.568238      0.100231      -0.105191      
248      0.505151      0.010972      0.127179      1.568089      0.103450      -0.108410      
249      0.505161      0.010922      0.127129      1.567978      0.105781      -0.110742      
250      0.505031      0.010902      0.126939      1.567804      0.109345      -0.114306      
251      0.504931      0.010892      0.126739      1.567760      0.110224      -0.115186      
252      0.504801      0.010832      0.126659      1.567598      0.113396      -0.118358      
253      0.504811      0.010682      0.126679      1.567414      0.116912      -0.121875      
254      0.504821      0.010562      0.126699      1.567351      0.118090      -0.123053      
255      0.504911      0.010352      0.126719      1.567194      0.120971      -0.125934      
256      0.504811      0.010162      0.126619      1.567070      0.123200      -0.128163      
257      0.504731      0.009992      0.126519      1.566939      0.125500      -0.130463      
258      0.504681      0.009872      0.126439      1.566700      0.129605      -0.134569      
259      0.504591      0.009842      0.126349      1.566591      0.131434      -0.136398      
260      0.504581      0.009872      0.126339      1.566509      0.132784      -0.137748      
261      0.504471      0.009862      0.126299      1.566516      0.132674      -0.137638      
262      0.504431      0.009872      0.126239      1.566512      0.132744      -0.137709      
263      0.504361      0.009862      0.126189      1.566461      0.133576      -0.138541      
264      0.504351      0.009842      0.126199      1.566321      0.135860      -0.140825      
265      0.504321      0.009782      0.126179      1.566226      0.137375      -0.142340      
266      0.504351      0.009732      0.126299      1.565775      0.144375      -0.149341      
267      0.504311      0.009732      0.126299      1.565685      0.145725      -0.150691      
268      0.504161      0.009682      0.126139      1.565461      0.149045      -0.154011      
269      0.504121      0.009702      0.126119      1.565281      0.151666      -0.156633      
270      0.504071      0.009712      0.126119      1.565176      0.153173      -0.158139      
271      0.504011      0.009702      0.125979      1.564847      0.157794      -0.162762      
272      0.504071      0.009612      0.126099      1.564769      0.158869      -0.163837      
273      0.504121      0.009362      0.126109      1.564538      0.162008      -0.166976      
274      0.504161      0.009132      0.126089      1.564198      0.166520      -0.171488      
275      0.504221      0.008852      0.126079      1.563954      0.169682      -0.174650      
276      0.504341      0.008562      0.126139      1.563491      0.175526      -0.180495      
277      0.504471      0.008272      0.126419      1.563293      0.177974      -0.182943      
278      0.504451      0.008042      0.126479      1.563095      0.180383      -0.185352      
279      0.504341      0.007832      0.126479      1.563091      0.180422      -0.185391      
280      0.504221      0.007742      0.126359      1.563095      0.180383      -0.185352      
281      0.503911      0.007552      0.126149      1.563062      0.180783      -0.185752      
282      0.503611      0.007442      0.125849      1.563089      0.180453      -0.185422      
283      0.503411      0.007382      0.125729      1.562952      0.182093      -0.187062      
284      0.503331      0.007402      0.125819      1.562899      0.182728      -0.187697      
285      0.503311      0.007522      0.125809      1.562898      0.182744      -0.187713      
286      0.503271      0.007702      0.125869      1.562883      0.182916      -0.187886      
287      0.503231      0.007842      0.125849      1.562863      0.183160      -0.188129      
288      0.503191      0.008172      0.125869      1.562865      0.183136      -0.188105      
289      0.503081      0.008712      0.125839      1.562783      0.184101      -0.189070      
290      0.503061      0.009072      0.126019      1.562750      0.184501      -0.189470      
291      0.503041      0.009332      0.126099      1.562526      0.187121      -0.192090      
292      0.503041      0.009522      0.126359      1.562408      0.188494      -0.193463      
293      0.502971      0.009642      0.126649      1.562131      0.191655      -0.196624      
294      0.503091      0.009792      0.126749      1.561775      0.195655      -0.200625      
295      0.503291      0.009902      0.127129      1.561572      0.197906      -0.202876      
296      0.503381      0.009972      0.127209      1.561442      0.199326      -0.204295      
297      0.503491      0.010112      0.127339      1.561353      0.200298      -0.205268      
298      0.503661      0.010362      0.127569      1.561008      0.204008      -0.208977      
299      0.503701      0.010452      0.127759      1.561039      0.203678      -0.208648      
300      0.503821      0.010532      0.127729      1.560920      0.204941      -0.209911      
301      0.503951      0.010542      0.127849      1.560873      0.205435      -0.210405      
302      0.504061      0.010532      0.127899      1.560758      0.206650      -0.211620      
303      0.504331      0.010542      0.128139      1.560532      0.209011      -0.213981      
304      0.504441      0.010562      0.128239      1.560496      0.209387      -0.214357      
305      0.504641      0.010782      0.128289      1.560230      0.212132      -0.217102      
306      0.504791      0.010952      0.128379      1.560032      0.214147      -0.219117      
307      0.504901      0.011112      0.128299      1.559997      0.214500      -0.219470      
308      0.504971      0.011302      0.128199      1.559891      0.215574      -0.220544      
309      0.504991      0.011442      0.128099      1.559712      0.217370      -0.222340      
310      0.504951      0.011522      0.128119      1.559799      0.216499      -0.221469      
311      0.504951      0.011572      0.128079      1.559511      0.219369      -0.224339      
312      0.505001      0.011582      0.128219      1.559570      0.218781      -0.223751      
313      0.505151      0.011632      0.128399      1.559146      0.222944      -0.227914      
314      0.505181      0.011642      0.128369      1.559072      0.223666      -0.228636      
315      0.505231      0.011702      0.128429      1.558899      0.225343      -0.230313      
316      0.505171      0.011772      0.128299      1.558624      0.227970      -0.232940      
317      0.505181      0.011832      0.128109      1.558510      0.229059      -0.234029      
318      0.505251      0.011842      0.128029      1.558347      0.230596      -0.235566      
319      0.505281      0.011832      0.128079      1.558140      0.232532      -0.237502      
320      0.505321      0.011842      0.128119      1.558060      0.233277      -0.238247      
321      0.505371      0.011852      0.128159      1.557997      0.233865      -0.238835      
322      0.505451      0.011892      0.128239      1.557853      0.235197      -0.240167      
323      0.505481      0.011912      0.128289      1.557626      0.237275      -0.242244      
324      0.505491      0.011932      0.128289      1.557550      0.237972      -0.242942      
325      0.505491      0.011952      0.128329      1.557301      0.240230      -0.245199      
326      0.505541      0.012012      0.128399      1.557116      0.241891      -0.246861      
327      0.505551      0.012032      0.128429      1.556872      0.244070      -0.249040      
328      0.505561      0.012072      0.128379      1.556347      0.248686      -0.253656      
329      0.505561      0.012052      0.128359      1.556210      0.249877      -0.254847      
330      0.505591      0.011942      0.128329      1.555933      0.252268      -0.257237      
331      0.505591      0.011922      0.128329      1.555804      0.253373      -0.258342      
332      0.505591      0.011852      0.128359      1.555777      0.253600      -0.258569      
333      0.505621      0.011862      0.128339      1.555685      0.254383      -0.259353      
334      0.505621      0.011862      0.128339      1.555685      0.254383      -0.259353      
335      0.505641      0.011862      0.128319      1.555434      0.256515      -0.261484      
336      0.505621      0.011882      0.128359      1.555437      0.256491      -0.261460      
337      0.505651      0.011882      0.128299      1.555047      0.259759      -0.264728      
338      0.505701      0.011842      0.128379      1.554980      0.260315      -0.265284      
339      0.505861      0.011812      0.128509      1.554740      0.262305      -0.267274      
340      0.505991      0.011762      0.128649      1.554459      0.264616      -0.269585      
341      0.506121      0.011762      0.128779      1.554089      0.267625      -0.272593      
342      0.506231      0.011772      0.128929      1.554086      0.267648      -0.272617      
343      0.506221      0.011762      0.128939      1.553558      0.271879      -0.276847      
344      0.506101      0.011742      0.129119      1.553524      0.272153      -0.277121      
345      0.506171      0.011722      0.129109      1.553384      0.273265      -0.278233      
346      0.506331      0.011742      0.129039      1.553104      0.275466      -0.280434      
347      0.506481      0.011702      0.129099      1.552942      0.276735      -0.281703      
348      0.506621      0.011632      0.129139      1.552778      0.278012      -0.282980      
349      0.506771      0.011422      0.129279      1.552633      0.279140      -0.284107      
350      0.506921      0.011332      0.129429      1.552554      0.279751      -0.284718      
351      0.507101      0.011232      0.129629      1.552423      0.280761      -0.285728      
352      0.507181      0.011212      0.129669      1.552369      0.281176      -0.286144      
353      0.507211      0.011202      0.129669      1.551981      0.284145      -0.289112      
354      0.507071      0.011172      0.129559      1.551842      0.285202      -0.290169      
355      0.507071      0.011172      0.129559      1.551873      0.284967      -0.289934      
356      0.507071      0.011172      0.129559      1.551759      0.285828      -0.290795      
357      0.507071      0.011172      0.129559      1.551533      0.287528      -0.292494      
358      0.507071      0.011172      0.129559      1.551148      0.290410      -0.295376      
359      0.507071      0.011172      0.129559      1.551362      0.288812      -0.293779      
360      0.507071      0.011172      0.129559      1.551396      0.288562      -0.293528      
361      0.507071      0.011172      0.129559      1.551259      0.289580      -0.294546      
362      0.507071      0.011172      0.129559      1.551160      0.290324      -0.295290      
363      0.507071      0.011172      0.129559      1.550713      0.293628      -0.298594      
364      0.507071      0.011172      0.129559      1.550558      0.294763      -0.299729      
365      0.507071      0.011172      0.129559      1.550479      0.295343      -0.300308      
366      0.507071      0.011172      0.129559      1.550521      0.295037      -0.300003      
367      0.507071      0.011172      0.129559      1.550736      0.293456      -0.298422      
368      0.507071      0.011172      0.129559      1.550569      0.294685      -0.299651      
369      0.507071      0.011172      0.129559      1.550413      0.295828      -0.300794      
370      0.507071      0.011172      0.129559      1.550369      0.296149      -0.301115      
371      0.507071      0.011172      0.129559      1.550370      0.296141      -0.301107      
372      0.507071      0.011172      0.129559      1.550349      0.296290      -0.301256      
373      0.507071      0.011172      0.129559      1.550274      0.296838      -0.301804      
374      0.507071      0.011172      0.129559      1.550141      0.297801      -0.302767      
375      0.507071      0.011172      0.129559      1.550273      0.296846      -0.301812      
376      0.507071      0.011172      0.129559      1.550086      0.298201      -0.303166      
377      0.507071      0.011172      0.129559      1.550186      0.297480      -0.302446      
378      0.507071      0.011172      0.129559      1.550387      0.296016      -0.300982      
379      0.507071      0.011172      0.129559      1.550372      0.296126      -0.301091      
380      0.507071      0.011172      0.129559      1.550395      0.295953      -0.300919      
381      0.507071      0.011172      0.129559      1.550013      0.298733      -0.303698      
382      0.507071      0.011172      0.129559      1.549912      0.299461      -0.304426      
383      0.507071      0.011172      0.129559      1.549901      0.299539      -0.304505      
384      0.507071      0.011172      0.129559      1.550003      0.298803      -0.303769      
385      0.507071      0.011172      0.129559      1.549751      0.300620      -0.305585      
386      0.507071      0.011172      0.129559      1.549728      0.300784      -0.305749      
387      0.507071      0.011172      0.129559      1.549298      0.303853      -0.308818      
388      0.507071      0.011172      0.129559      1.549317      0.303720      -0.308685      
389      0.507071      0.011172      0.129559      1.549035      0.305716      -0.310681      
390      0.507071      0.011172      0.129559      1.548793      0.307415      -0.312379      
391      0.507071      0.011172      0.129559      1.548673      0.308260      -0.313224      
392      0.507071      0.011172      0.129559      1.548632      0.308542      -0.313506      
393      0.507071      0.011172      0.129559      1.548402      0.310147      -0.315111      
394      0.507071      0.011172      0.129559      1.548523      0.309309      -0.314273      
395      0.507071      0.011172      0.129559      1.548576      0.308934      -0.313898      
396      0.507071      0.011172      0.129559      1.548683      0.308190      -0.313154      
397      0.507071      0.011172      0.129559      1.548313      0.310765      -0.315729      
398      0.507071      0.011172      0.129559      1.548248      0.311219      -0.316183      
399      0.507071      0.011172      0.129559      1.547935      0.313379      -0.318343      
400      0.507071      0.011172      0.129559      1.547995      0.312965      -0.317928      
401      0.507071      0.011172      0.129559      1.547630      0.315469      -0.320432      
402      0.507071      0.011172      0.129559      1.547570      0.315884      -0.320847      
403      0.507071      0.011172      0.129559      1.547533      0.316134      -0.321097      
404      0.507071      0.011172      0.129559      1.547578      0.315829      -0.320792      
405      0.507071      0.011172      0.129559      1.547290      0.317786      -0.322749      
406      0.507071      0.011172      0.129559      1.547337      0.317465      -0.322428      
407      0.507071      0.011172      0.129559      1.546994      0.319789      -0.324752      
408      0.507071      0.011172      0.129559      1.547125      0.318905      -0.323867      
409      0.507071      0.011172      0.129559      1.546982      0.319867      -0.324830      
410      0.507071      0.011172      0.129559      1.546840      0.320822      -0.325784      
411      0.507071      0.011172      0.129559      1.546730      0.321566      -0.326528      
412      0.507071      0.011172      0.129559      1.546711      0.321691      -0.326653      
413      0.507071      0.011172      0.129559      1.546486      0.323193      -0.328155      
414      0.507071      0.011172      0.129559      1.546699      0.321769      -0.326731      
415      0.507071      0.011172      0.129559      1.546417      0.323655      -0.328617      
416      0.507071      0.011172      0.129559      1.546586      0.322528      -0.327490      
417      0.507071      0.011172      0.129559      1.546505      0.323068      -0.328030      
418      0.507071      0.011172      0.129559      1.546506      0.323060      -0.328022      
419      0.507071      0.011172      0.129559      1.546422      0.323624      -0.328586      
420      0.507071      0.011172      0.129559      1.546317      0.324320      -0.329282      
421      0.507071      0.011172      0.129559      1.546267      0.324649      -0.329610      
422      0.507071      0.011172      0.129559      1.546133      0.325541      -0.330502      
423      0.507071      0.011172      0.129559      1.546278      0.324578      -0.329540      
424      0.507071      0.011172      0.129559      1.546001      0.326409      -0.331371      
425      0.507071      0.011172      0.129559      1.546199      0.325103      -0.330064      
426      0.507071      0.011172      0.129559      1.546285      0.324531      -0.329493      
427      0.507071      0.011172      0.129559      1.546348      0.324117      -0.329078      
428      0.507071      0.011172      0.129559      1.546127      0.325580      -0.330541      
429      0.507071      0.011172      0.129559      1.546252      0.324750      -0.329712      
430      0.507071      0.011172      0.129559      1.546110      0.325689      -0.330651      
431      0.507071      0.011172      0.129559      1.546094      0.325799      -0.330760      
432      0.507071      0.011172      0.129559      1.545745      0.328099      -0.333060      
433      0.507071      0.011172      0.129559      1.545747      0.328084      -0.333045      
434      0.507071      0.011172      0.129559      1.545384      0.330462      -0.335423      
435      0.507071      0.011172      0.129559      1.545274      0.331174      -0.336135      
436      0.507071      0.011172      0.129559      1.545179      0.331792      -0.336753      
437      0.507071      0.011172      0.129559      1.545083      0.332418      -0.337379      
438      0.507071      0.011172      0.129559      1.545121      0.332168      -0.337128      
439      0.507071      0.011172      0.129559      1.544808      0.334194      -0.339154      
440      0.507071      0.011172      0.129559      1.544597      0.335547      -0.340507      
441      0.507071      0.011172      0.129559      1.544567      0.335743      -0.340703      
442      0.507071      0.011172      0.129559      1.544379      0.336948      -0.341907      
443      0.507071      0.011172      0.129559      1.544285      0.337542      -0.342502      
444      0.507071      0.011172      0.129559      1.544070      0.338911      -0.343870      
445      0.507071      0.011172      0.129559      1.543885      0.340084      -0.345043      
446      0.507071      0.011172      0.129559      1.543873      0.340163      -0.345122      
447      0.507071      0.011172      0.129559      1.543580      0.342009      -0.346967      
448      0.507071      0.011172      0.129559      1.543307      0.343721      -0.348680      
449      0.507071      0.011172      0.129559      1.543196      0.344418      -0.349376      
450      0.507071      0.011172      0.129559      1.543146      0.344730      -0.349689      
451      0.507071      0.011172      0.129559      1.542648      0.347827      -0.352785      
452      0.507071      0.011172      0.129559      1.542630      0.347937      -0.352895      
453      0.507071      0.011172      0.129559      1.542520      0.348617      -0.353575      
454      0.507071      0.011172      0.129559      1.542834      0.346670      -0.351628      
455      0.507071      0.011172      0.129559      1.542555      0.348398      -0.353356      
456      0.507071      0.011172      0.129559      1.542711      0.347436      -0.352394      
457      0.507071      0.011172      0.129559      1.542949      0.345958      -0.350916      
458      0.507071      0.011172      0.129559      1.543106      0.344981      -0.349939      
459      0.507071      0.011172      0.129559      1.543526      0.342353      -0.347311      
460      0.507071      0.011172      0.129559      1.544591      0.335586      -0.340546      
461      0.507071      0.011172      0.129559      1.546025      0.326253      -0.331214      
462      0.507071      0.011172      0.129559      1.548364      0.310413      -0.315377      
463      0.507071      0.011172      0.129559      1.550082      0.298232      -0.303197      
464      0.507071      0.011172      0.129559      1.551031      0.291279      -0.296245      
465      0.507071      0.011172      0.129559      1.553162      0.275012      -0.279980      
466      0.507071      0.011172      0.129559      1.555250      0.258066      -0.263035      
467      0.507071      0.011172      0.129559      1.556891      0.243898      -0.248867      
468      0.507071      0.011172      0.129559      1.558821      0.226088      -0.231058      
469      0.507071      0.011172      0.129559      1.560460      0.209764      -0.214734      
470      0.507071      0.011172      0.129559      1.561673      0.196792      -0.201762      
471      0.507071      0.011172      0.129559      1.562508      0.187325      -0.192294      
472      0.507071      0.011172      0.129559      1.562995      0.181583      -0.186552      
473      0.507071      0.011172      0.129559      1.563340      0.177401      -0.182370      
474      0.507071      0.011172      0.129559      1.563553      0.174765      -0.179734      
475      0.507071      0.011172      0.129559      1.564164      0.166967      -0.171935      
476      0.507071      0.011172      0.129559      1.564610      0.161027      -0.165995      
477      0.506981      0.011272      0.129759      1.565530      0.148032      -0.152999      
478      0.506911      0.011362      0.129959      1.566308      0.136056      -0.141021      
479      0.506821      0.011532      0.130139      1.567199      0.120869      -0.125832      
480      0.506591      0.011642      0.130509      1.568585      0.092302      -0.097260      
481      0.506171      0.011712      0.130379      1.569159      0.077361      -0.082316      
482      0.505981      0.011772      0.130219      1.569297      0.073309      -0.078264      
483      0.505741      0.011932      0.130099      1.569587      0.063918      -0.068871      
484      0.505671      0.012052      0.130079      1.569811      0.055579      -0.060530      
485      0.505561      0.012092      0.129979      1.569990      0.047790      -0.052739      
486      0.505511      0.012152      0.129989      1.570155      0.039231      -0.044177      
487      0.505311      0.012132      0.129969      1.570268      0.032022      -0.036967      
488      0.505101      0.012152      0.129909      1.570390      0.021382      -0.026323      
489      0.504631      0.012122      0.130009      1.570463      0.009995      -0.014934      
490      0.504011      0.012042      0.129939      1.570478      0.000415      -0.005350      
491      0.503481      0.011942      0.130079      1.570441      -0.010908      0.005977      
492      0.503091      0.011852      0.130449      1.570365      -0.020237      0.015308      
493      0.502711      0.011752      0.130679      1.570268      -0.028317      0.023391      
494      0.502291      0.011632      0.130969      1.569994      -0.043903      0.038983      
495      0.501951      0.011552      0.131259      1.569715      -0.055586      0.050671      
496      0.501611      0.011522      0.131369      1.569457      -0.064583      0.059672      
497      0.501061      0.011502      0.131259      1.569127      -0.074554      0.069646      
498      0.500571      0.011542      0.131159      1.568872      -0.081446      0.076542      
499      0.500061      0.011602      0.131069      1.568506      -0.090465      0.085565      
500      0.499611      0.011692      0.131079      1.568177      -0.097852      0.092955      
501      0.499221      0.011712      0.131059      1.567704      -0.107615      0.102723      
502      0.498821      0.011752      0.130929      1.567074      -0.119411      0.114524      
503      0.498371      0.011762      0.130779      1.566671      -0.126371      0.121488      
504      0.498011      0.011752      0.130709      1.566196      -0.134132      0.129252      
505      0.497481      0.011732      0.130789      1.565442      -0.145618      0.140745      
506      0.497031      0.011772      0.130759      1.564914      -0.153141      0.148272      
507      0.496611      0.011742      0.131059      1.564307      -0.161370      0.156505      
508      0.496081      0.011662      0.131299      1.563371      -0.173299      0.168441      
509      0.495821      0.011632      0.131359      1.563026      -0.177495      0.172639      
510      0.494891      0.011442      0.132019      1.561816      -0.191476      0.186628      
511      0.494271      0.011282      0.132649      1.560567      -0.204928      0.200089      
512      0.493441      0.011092      0.133189      1.559695      -0.213817      0.208983      
513      0.492631      0.010902      0.133389      1.558622      -0.224263      0.219436      
514      0.491841      0.010702      0.133599      1.557492      -0.234771      0.229951      
515      0.491051      0.010512      0.133809      1.556574      -0.242973      0.238158      
516      0.490351      0.010372      0.133689      1.555642      -0.251025      0.246216      
517      0.490071      0.010302      0.133579      1.555328      -0.253673      0.248865      
518      0.489431      0.010172      0.133399      1.554343      -0.261825      0.257023      
519      0.488241      0.010042      0.133149      1.552295      -0.278008      0.273218      
520      0.487491      0.010032      0.132739      1.551193      -0.286336      0.281552      
521      0.486791      0.010072      0.132799      1.550302      -0.292894      0.288115      
522      0.485721      0.010032      0.132799      1.548762      -0.303895      0.299124      
523      0.484521      0.010022      0.133019      1.546824      -0.317192      0.312432      
524      0.483101      0.010072      0.133369      1.545054      -0.328859      0.324108      
525      0.481841      0.010112      0.133339      1.543793      -0.336919      0.332174      
526      0.481051      0.010212      0.133399      1.542243      -0.346572      0.341835      
527      0.480391      0.010212      0.133379      1.540252      -0.358581      0.353854      
528      0.479761      0.010192      0.133299      1.537796      -0.372851      0.368136      
529      0.479101      0.010202      0.133329      1.535820      -0.383946      0.379241      
530      0.477641      0.010222      0.133319      1.532248      -0.403206      0.398518      
531      0.476401      0.010252      0.133339      1.529349      -0.418174      0.413500      
532      0.474941      0.010292      0.133169      1.526678      -0.431490      0.426829      
533      0.473911      0.010332      0.132989      1.524181      -0.443569      0.438919      
534      0.473501      0.010342      0.132969      1.522518      -0.451429      0.446787      
535      0.472781      0.010322      0.132919      1.519500      -0.465345      0.460717      
536      0.472141      0.010252      0.132719      1.516934      -0.476849      0.472232      
537      0.471581      0.010152      0.132569      1.514426      -0.487819      0.483214      
538      0.470901      0.010032      0.132459      1.512229      -0.497221      0.492626      
539      0.469901      0.009872      0.132189      1.509722      -0.507731      0.503148      
540      0.468951      0.009742      0.132129      1.506913      -0.519247      0.514676      
541      0.468141      0.009652      0.132409      1.504414      -0.529267      0.524706      
542      0.467261      0.009592      0.132619      1.501428      -0.540990      0.536442      
543      0.466561      0.009552      0.132929      1.498930      -0.550596      0.546060      
544      0.465921      0.009572      0.133189      1.496887      -0.558322      0.553795      
545      0.465131      0.009492      0.133269      1.494350      -0.567766      0.563250      
546      0.464301      0.009412      0.133379      1.491484      -0.578237      0.573733      
547      0.463571      0.009282      0.133659      1.488276      -0.589725      0.585234      
548      0.462961      0.009162      0.133879      1.484279      -0.603714      0.599240      
549      0.462201      0.008992      0.133789      1.481036      -0.614816      0.610356      
550      0.461431      0.008822      0.133509      1.477646      -0.626198      0.621752      
551      0.460921      0.008782      0.133399      1.474544      -0.636422      0.631990      
552      0.460281      0.008732      0.133169      1.471064      -0.647691      0.643273      
553      0.459741      0.008762      0.132999      1.466573      -0.661924      0.657525      
554      0.459331      0.008862      0.132879      1.462756      -0.673771      0.669387      
555      0.458891      0.008932      0.132679      1.460461      -0.680786      0.676412      
556      0.458451      0.008972      0.132479      1.457785      -0.688869      0.684506      
557      0.458131      0.009002      0.132399      1.455480      -0.695748      0.691393      
558      0.457721      0.008952      0.132299      1.453356      -0.702022      0.697677      
559      0.457211      0.008872      0.132119      1.450760      -0.709611      0.705276      
560      0.456641      0.008782      0.132039      1.446970      -0.720533      0.716214      
561      0.456501      0.008772      0.132009      1.445361      -0.725116      0.720803      
562      0.456031      0.008752      0.131819      1.442608      -0.732885      0.728584      
563      0.455561      0.008742      0.131639      1.439779      -0.740774      0.736484      
564      0.455031      0.008742      0.131449      1.436225      -0.750555      0.746279      
565      0.454261      0.008702      0.131129      1.431679      -0.762869      0.758611      
566      0.453321      0.008622      0.130759      1.427087      -0.775088      0.770848      
567      0.452681      0.008612      0.130609      1.423567      -0.784311      0.780085      
568      0.451561      0.008582      0.130079      1.417222      -0.800636      0.796435      
569      0.450611      0.008572      0.129699      1.413677      -0.809598      0.805411      
570      0.450251      0.008622      0.129619      1.411880      -0.814100      0.809920      
571      0.449461      0.008702      0.129379      1.408563      -0.822336      0.818169      
572      0.448551      0.008762      0.129089      1.405101      -0.830833      0.826680      
573      0.447741      0.008882      0.128929      1.403386      -0.835008      0.830862      
574      0.447071      0.008912      0.128789      1.400102      -0.842934      0.838800      
575      0.446431      0.008842      0.128439      1.396105      -0.852470      0.848353      
576      0.445831      0.008722      0.128069      1.391649      -0.862960      0.858859      
577      0.445261      0.008612      0.127859      1.388166      -0.871059      0.866972      
578      0.444371      0.008442      0.127459      1.382442      -0.884186      0.880121      
579      0.444031      0.008412      0.127299      1.380655      -0.888238      0.884179      
580      0.443441      0.008412      0.127059      1.376615      -0.897323      0.893281      
581      0.442691      0.008392      0.126659      1.373192      -0.904937      0.900908      
582      0.442031      0.008352      0.126339      1.369894      -0.912205      0.908189      
583      0.441381      0.008262      0.126009      1.366546      -0.919515      0.915511      
584      0.440681      0.008042      0.125639      1.361983      -0.929372      0.925385      
585      0.440401      0.007912      0.125539      1.359424      -0.934846      0.930870      
586      0.440241      0.007852      0.125479      1.358428      -0.936966      0.932993      
587      0.439851      0.007712      0.125319      1.355667      -0.942815      0.938852      
588      0.439381      0.007632      0.125089      1.352668      -0.949122      0.945171      
589      0.438861      0.007552      0.124859      1.350227      -0.954217      0.950275      
590      0.438221      0.007502      0.124599      1.346544      -0.961847      0.957919      
591      0.437631      0.007462      0.124239      1.344470      -0.966113      0.962193      
592      0.436841      0.007362      0.123639      1.341667      -0.971841      0.967932      
593      0.436491      0.007292      0.123459      1.339729      -0.975779      0.971877      
594      0.435741      0.007232      0.123269      1.336683      -0.981932      0.978042      
595      0.435021      0.007182      0.123199      1.333894      -0.987524      0.983644      
596      0.433871      0.007162      0.122969      1.328620      -0.997999      0.994139      
597      0.433201      0.007222      0.122859      1.326157      -1.002845      0.998994      
598      0.432561      0.007292      0.122729      1.323072      -1.008877      1.005038      
