41      0.403230      0.008325      0.133725      1.320831      -1.012682      1.006842      
42      0.403840      0.008915      0.133345      1.329786      -0.995154      0.989271      
43      0.404460      0.009395      0.132675      1.332339      -0.990088      0.984193      
44      0.405010      0.009715      0.132355      1.338677      -0.977379      0.971453      
45      0.405430      0.010005      0.132475      1.342957      -0.968684      0.962737      
46      0.405830      0.010195      0.132715      1.347601      -0.959144      0.953174      
47      0.406250      0.010415      0.133225      1.354419      -0.944931      0.938929      
48      0.406680      0.010625      0.133415      1.357934      -0.937505      0.931485      
49      0.407220      0.010775      0.133395      1.360124      -0.932844      0.926814      
50      0.407910      0.010925      0.133425      1.364366      -0.923735      0.917685      
51      0.408590      0.011085      0.133555      1.365798      -0.920637      0.914579      
52      0.409340      0.011375      0.133455      1.368105      -0.915621      0.909552      
53      0.409960      0.011915      0.133415      1.369451      -0.912679      0.906604      
54      0.410510      0.012515      0.133545      1.370702      -0.909935      0.903853      
55      0.411100      0.013135      0.133675      1.373320      -0.904163      0.898068      
56      0.411560      0.013715      0.133945      1.380210      -0.888759      0.882631      
57      0.411880      0.014185      0.134115      1.383799      -0.880614      0.874468      
58      0.412220      0.014475      0.133975      1.387366      -0.872432      0.866269      
59      0.412580      0.014545      0.133765      1.394331      -0.856198      0.850001      
60      0.412890      0.014575      0.133725      1.404919      -0.830828      0.824579      
61      0.413180      0.014655      0.133575      1.415948      -0.803439      0.797135      
62      0.413510      0.014755      0.133445      1.425762      -0.778156      0.771804      
63      0.413810      0.014815      0.133205      1.431654      -0.762532      0.756151      
64      0.414070      0.014875      0.132815      1.437883      -0.745617      0.739205      
65      0.414350      0.014945      0.132515      1.443963      -0.728692      0.722250      
66      0.414730      0.015025      0.132355      1.447945      -0.717370      0.710909      
67      0.415170      0.014965      0.132325      1.453081      -0.702470      0.695983      
68      0.415630      0.014775      0.132185      1.459369      -0.683752      0.677233      
69      0.415980      0.014765      0.132015      1.466345      -0.662313      0.655760      
70      0.416390      0.014915      0.131795      1.466737      -0.661087      0.654531      
71      0.416970      0.015095      0.131675      1.466705      -0.661187      0.654632      
72      0.417590      0.015255      0.131345      1.468514      -0.655493      0.648929      
73      0.418190      0.015405      0.131065      1.467861      -0.657554      0.650992      
74      0.418840      0.015555      0.131295      1.466921      -0.660508      0.653952      
75      0.419480      0.015735      0.131355      1.466636      -0.661403      0.654848      
76      0.420180      0.015925      0.131385      1.467029      -0.660169      0.653612      
77      0.421010      0.016135      0.131285      1.467368      -0.659104      0.652546      
78      0.421970      0.016375      0.131035      1.468343      -0.656034      0.649470      
79      0.422960      0.016625      0.130625      1.468733      -0.654799      0.648233      
80      0.424040      0.016885      0.130155      1.467788      -0.657785      0.651224      
81      0.425030      0.017135      0.129495      1.469264      -0.653117      0.646548      
82      0.425860      0.017345      0.128955      1.471111      -0.647227      0.640650      
83      0.426490      0.017505      0.129215      1.472321      -0.643336      0.636752      
84      0.426800      0.017615      0.129875      1.474174      -0.637328      0.630735      
85      0.426890      0.017805      0.130215      1.478098      -0.624401      0.617788      
86      0.427140      0.017925      0.130525      1.483897      -0.604759      0.598117      
87      0.427170      0.017995      0.130445      1.486214      -0.596719      0.590065      
88      0.427120      0.018265      0.130245      1.489917      -0.583626      0.576954      
89      0.427000      0.018505      0.129995      1.491114      -0.579327      0.572649      
90      0.426760      0.018565      0.130055      1.495565      -0.563038      0.556336      
91      0.426590      0.018665      0.129875      1.495552      -0.563084      0.556383      
92      0.426580      0.018645      0.129795      1.497012      -0.557634      0.550925      
93      0.426500      0.018625      0.129425      1.497883      -0.554353      0.547640      
94      0.426450      0.018615      0.129145      1.499551      -0.548016      0.541294      
95      0.426520      0.018505      0.128925      1.501022      -0.542360      0.535631      
96      0.426510      0.018495      0.128665      1.505483      -0.524824      0.518072      
97      0.426500      0.018475      0.128305      1.509342      -0.509148      0.502376      
98      0.426540      0.018485      0.127975      1.511498      -0.500163      0.493380      
99      0.426580      0.018455      0.127935      1.514305      -0.488213      0.481415      
100      0.426720      0.018435      0.128085      1.516666      -0.477921      0.471111      
101      0.426830      0.018405      0.127915      1.517788      -0.472949      0.466133      
102      0.426870      0.018425      0.127425      1.517613      -0.473727      0.466912      
103      0.426980      0.018355      0.127165      1.518808      -0.468381      0.461559      
104      0.427100      0.018345      0.127025      1.519872      -0.463562      0.456735      
105      0.427230      0.018385      0.126595      1.519890      -0.463485      0.456657      
106      0.427360      0.018375      0.126285      1.520168      -0.462216      0.455387      
107      0.427410      0.018485      0.126245      1.521119      -0.457856      0.451022      
108      0.427410      0.018575      0.125875      1.521581      -0.455722      0.448886      
109      0.427410      0.018405      0.125335      1.521665      -0.455333      0.448496      
110      0.427260      0.018255      0.124715      1.524589      -0.441570      0.434718      
111      0.426970      0.018185      0.123965      1.526491      -0.432375      0.425513      
112      0.426700      0.018075      0.123485      1.526519      -0.432235      0.425373      
113      0.426550      0.017835      0.123315      1.527412      -0.427847      0.420980      
114      0.426450      0.017505      0.123035      1.527708      -0.426381      0.419513      
115      0.426420      0.016965      0.122585      1.527790      -0.425976      0.419107      
116      0.426510      0.016145      0.122215      1.528293      -0.423474      0.416602      
117      0.426620      0.015155      0.122065      1.530531      -0.412144      0.405261      
118      0.426560      0.014435      0.121785      1.531599      -0.406622      0.399733      
119      0.426450      0.013795      0.121615      1.532108      -0.403962      0.397071      
120      0.426410      0.012995      0.121675      1.531839      -0.405374      0.398484      
121      0.426330      0.012345      0.121655      1.533977      -0.394046      0.387144      
122      0.426170      0.011925      0.121515      1.535509      -0.385727      0.378817      
123      0.425910      0.011825      0.121385      1.535915      -0.383486      0.376574      
124      0.425680      0.011665      0.121035      1.538327      -0.369917      0.362992      
125      0.425430      0.011535      0.120715      1.539398      -0.363724      0.356793      
126      0.425130      0.011505      0.120315      1.539822      -0.361248      0.354315      
127      0.424810      0.011515      0.119835      1.539676      -0.362099      0.355167      
128      0.424490      0.011465      0.119375      1.541082      -0.353772      0.346832      
129      0.424060      0.011605      0.118805      1.542348      -0.346091      0.339144      
130      0.423660      0.011645      0.118305      1.543579      -0.338456      0.331502      
131      0.423500      0.011585      0.118355      1.543793      -0.337112      0.330157      
132      0.423540      0.011365      0.118385      1.545710      -0.324815      0.317849      
133      0.423560      0.011035      0.118315      1.548138      -0.308525      0.301546      
134      0.423560      0.010855      0.118385      1.548805      -0.303902      0.296919      
135      0.423580      0.010605      0.118365      1.548134      -0.308556      0.301577      
136      0.423690      0.010265      0.118465      1.547699      -0.311536      0.304560      
137      0.423860      0.009685      0.118755      1.549393      -0.299755      0.292769      
138      0.423970      0.009275      0.118695      1.549542      -0.298699      0.291712      
139      0.424030      0.008925      0.118665      1.549733      -0.297338      0.290350      
140      0.424080      0.008555      0.118695      1.550125      -0.294521      0.287531      
141      0.424120      0.008255      0.118775      1.551264      -0.286187      0.279190      
142      0.424170      0.008105      0.118825      1.552304      -0.278352      0.271350      
143      0.424190      0.007995      0.118835      1.554073      -0.264495      0.257483      
144      0.424170      0.007955      0.118915      1.553842      -0.266343      0.259332      
145      0.424210      0.007945      0.119085      1.553963      -0.265380      0.258368      
146      0.424240      0.007915      0.119085      1.555095      -0.256148      0.249129      
147      0.424250      0.007915      0.119025      1.555620      -0.251747      0.244725      
148      0.424370      0.007945      0.119155      1.555704      -0.251042      0.244019      
149      0.424690      0.008065      0.119435      1.557012      -0.239700      0.232670      
150      0.425010      0.008385      0.119495      1.557432      -0.235947      0.228915      
151      0.425300      0.008525      0.119345      1.557354      -0.236652      0.229620      
152      0.425230      0.008655      0.119135      1.557785      -0.232743      0.225708      
153      0.424980      0.009075      0.119325      1.558312      -0.227877      0.220839      
154      0.424980      0.009225      0.119545      1.558763      -0.223630      0.216590      
155      0.425210      0.009235      0.119805      1.558977      -0.221585      0.214543      
156      0.425380      0.009215      0.119755      1.558983      -0.221530      0.214488      
157      0.425460      0.009125      0.119905      1.559734      -0.214202      0.207156      
158      0.425570      0.008745      0.119955      1.560308      -0.208433      0.201384      
159      0.425490      0.008565      0.119795      1.560370      -0.207798      0.200748      
160      0.425340      0.008625      0.119625      1.560395      -0.207540      0.200490      
161      0.425290      0.008665      0.119575      1.560488      -0.206583      0.199533      
162      0.425230      0.008635      0.119385      1.561142      -0.199748      0.192693      
163      0.425140      0.008595      0.119275      1.561850      -0.192065      0.185006      
164      0.425140      0.008635      0.119385      1.562604      -0.183534      0.176470      
165      0.425250      0.008625      0.119475      1.563191      -0.176609      0.169542      
166      0.425300      0.008455      0.119435      1.563044      -0.178374      0.171307      
167      0.425320      0.008385      0.119545      1.563223      -0.176225      0.169157      
168      0.425420      0.008535      0.119765      1.563916      -0.167677      0.160604      
169      0.425660      0.008725      0.119845      1.564733      -0.157001      0.149924      
170      0.425900      0.008725      0.119675      1.565048      -0.152694      0.145615      
171      0.425910      0.008655      0.119555      1.564762      -0.156609      0.149531      
172      0.425880      0.008515      0.119575      1.564926      -0.154373      0.147294      
173      0.425930      0.008215      0.119605      1.565141      -0.151392      0.144312      
174      0.425950      0.008165      0.119605      1.565681      -0.143641      0.136557      
175      0.426050      0.008185      0.119745      1.566320      -0.133888      0.126800      
176      0.426130      0.008185      0.119725      1.566533      -0.130483      0.123393      
177      0.426130      0.008165      0.119705      1.567008      -0.122549      0.115456      
178      0.426070      0.008105      0.119795      1.568035      -0.103384      0.096283      
179      0.425940      0.008075      0.119885      1.567829      -0.107504      0.100405      
180      0.425960      0.008075      0.120105      1.567499      -0.113775      0.106678      
181      0.426160      0.008085      0.120215      1.567176      -0.119614      0.112520      
182      0.426360      0.007975      0.120075      1.567235      -0.118578      0.111483      
183      0.426420      0.007865      0.120035      1.567307      -0.117291      0.110196      
184      0.426440      0.007685      0.120115      1.567520      -0.113391      0.106294      
185      0.426480      0.007425      0.120095      1.567862      -0.106845      0.099745      
186      0.426440      0.007375      0.119995      1.567823      -0.107622      0.100523      
187      0.426380      0.007365      0.119885      1.567872      -0.106657      0.099557      
188      0.426290      0.007305      0.119685      1.567775      -0.108548      0.101449      
189      0.426260      0.007305      0.119655      1.567591      -0.112056      0.104959      
190      0.426290      0.007305      0.119595      1.567642      -0.111107      0.104009      
191      0.426290      0.007285      0.119595      1.567710      -0.109804      0.102706      
192      0.426280      0.007325      0.119615      1.567789      -0.108273      0.101174      
193      0.426260      0.007375      0.119585      1.567926      -0.105573      0.098473      
194      0.426310      0.007315      0.119545      1.568401      -0.095644      0.088540      
195      0.426340      0.007315      0.119575      1.568837      -0.085549      0.078442      
196      0.426420      0.007295      0.119505      1.568844      -0.085384      0.078277      
197      0.426440      0.007305      0.119465      1.568809      -0.086248      0.079141      
198      0.426370      0.007345      0.119365      1.568882      -0.084450      0.077342      
199      0.426270      0.007415      0.119275      1.568735      -0.088006      0.080900      
200      0.426300      0.007345      0.119305      1.568772      -0.087127      0.080020      
201      0.426340      0.007315      0.119275      1.568870      -0.084733      0.077625      
202      0.426360      0.007325      0.119305      1.568870      -0.084756      0.077649      
203      0.426490      0.007295      0.119525      1.568855      -0.085102      0.077994      
204      0.426600      0.007185      0.119535      1.568876      -0.084591      0.077484      
205      0.426590      0.007185      0.119335      1.568884      -0.084395      0.077288      
206      0.426470      0.007165      0.119135      1.568982      -0.081938      0.074830      
207      0.426320      0.007135      0.118935      1.568986      -0.081820      0.074712      
208      0.426290      0.007015      0.118875      1.568940      -0.083006      0.075898      
209      0.426300      0.006875      0.118895      1.569026      -0.080800      0.073691      
210      0.426250      0.006785      0.118735      1.569033      -0.080619      0.073510      
211      0.426210      0.006675      0.118685      1.569236      -0.075178      0.068068      
212      0.426250      0.006405      0.118685      1.569551      -0.065891      0.058777      
213      0.426240      0.006275      0.118635      1.569661      -0.062326      0.055212      
214      0.426240      0.006165      0.118615      1.569721      -0.060285      0.053170      
215      0.426230      0.005985      0.118525      1.569501      -0.067445      0.060332      
216      0.426180      0.005915      0.118455      1.569349      -0.071967      0.064856      
217      0.426200      0.005775      0.118465      1.569505      -0.067312      0.060199      
218      0.426200      0.005725      0.118475      1.569576      -0.065105      0.057992      
219      0.426200      0.005735      0.118475      1.569476      -0.068215      0.061102      
220      0.426200      0.005755      0.118465      1.569326      -0.072627      0.065516      
221      0.426200      0.005735      0.118495      1.569365      -0.071528      0.064416      
222      0.426190      0.005715      0.118515      1.569446      -0.069125      0.062013      
223      0.426180      0.005735      0.118465      1.569410      -0.070193      0.063081      
224      0.426180      0.005695      0.118475      1.569483      -0.067987      0.060874      
225      0.426130      0.005685      0.118545      1.569589      -0.064674      0.057560      
226      0.426120      0.005665      0.118485      1.569658      -0.062420      0.055306      
227      0.426130      0.005675      0.118465      1.569658      -0.062412      0.055298      
228      0.426150      0.005635      0.118405      1.569968      -0.051153      0.044035      
229      0.426130      0.005525      0.118215      1.570107      -0.045248      0.038129      
230      0.426060      0.005495      0.118235      1.570090      -0.046041      0.038922      
231      0.425960      0.005495      0.118185      1.569989      -0.050313      0.043195      
232      0.425890      0.005475      0.118085      1.570040      -0.048193      0.041074      
233      0.425870      0.005475      0.118095      1.570226      -0.039555      0.032435      
234      0.425890      0.005355      0.118075      1.570205      -0.040639      0.033519      
235      0.425910      0.005205      0.118035      1.570187      -0.041510      0.034390      
236      0.425850      0.005165      0.117965      1.570121      -0.044643      0.037524      
237      0.425800      0.005155      0.117865      1.570193      -0.041228      0.034108      
238      0.425730      0.005135      0.117765      1.570219      -0.039924      0.032804      
239      0.425670      0.005125      0.117675      1.570195      -0.041094      0.033974      
240      0.425630      0.005065      0.117605      1.570340      -0.033281      0.026159      
241      0.425570      0.004925      0.117495      1.570430      -0.027376      0.020252      
242      0.425480      0.004885      0.117385      1.570367      -0.031608      0.024486      
243      0.425390      0.004875      0.117285      1.570296      -0.035802      0.028680      
244      0.425340      0.004865      0.117315      1.570331      -0.033823      0.026701      
245      0.425390      0.004875      0.117315      1.570345      -0.032967      0.025845      
246      0.425390      0.004875      0.117285      1.570292      -0.036014      0.028892      
247      0.425390      0.004725      0.117295      1.570349      -0.032731      0.025609      
248      0.425420      0.004605      0.117325      1.570353      -0.032496      0.025374      
249      0.425380      0.004585      0.117245      1.570405      -0.029111      0.021988      
250      0.425330      0.004565      0.117185      1.570453      -0.025632      0.018509      
251      0.425260      0.004575      0.117125      1.570469      -0.024439      0.017315      
252      0.425160      0.004535      0.116965      1.570522      -0.019750      0.012626      
253      0.425000      0.004525      0.116795      1.570476      -0.023858      0.016734      
254      0.424870      0.004495      0.116745      1.570502      -0.021674      0.014550      
255      0.424820      0.004325      0.116845      1.570605      -0.009329      0.002202      
256      0.424800      0.004145      0.116955      1.570622      -0.005780      -0.001348      
257      0.424770      0.003955      0.116905      1.570639      0.002946      -0.010074      
258      0.424740      0.003855      0.116855      1.570639      0.002608      -0.009737      
259      0.424730      0.003845      0.116995      1.570638      0.004485      -0.011614      
260      0.424760      0.003775      0.117055      1.570630      0.008851      -0.015981      
261      0.424740      0.003755      0.117045      1.570633      0.007775      -0.014905      
262      0.424730      0.003745      0.117035      1.570630      0.008899      -0.016028      
263      0.424740      0.003775      0.117055      1.570637      0.005553      -0.012682      
264      0.424800      0.003875      0.117215      1.570623      0.010917      -0.018047      
265      0.424860      0.003915      0.117315      1.570609      0.014027      -0.021157      
266      0.424930      0.003605      0.117385      1.570599      0.015731      -0.022862      
267      0.424940      0.003595      0.117385      1.570609      0.013995      -0.021126      
268      0.424920      0.003535      0.117305      1.570590      0.017153      -0.024283      
269      0.424970      0.003305      0.117305      1.570549      0.022438      -0.029569      
270      0.424940      0.003245      0.117285      1.570546      0.022744      -0.029876      
271      0.424840      0.003215      0.117145      1.570563      0.020765      -0.027896      
272      0.424800      0.003155      0.117175      1.570543      0.022996      -0.030127      
273      0.424810      0.003135      0.117205      1.570565      0.020553      -0.027684      
274      0.424810      0.003115      0.117175      1.570608      0.014160      -0.021291      
275      0.424810      0.003095      0.117215      1.570597      0.016132      -0.023262      
276      0.424820      0.003015      0.117185      1.570590      0.017255      -0.024386      
277      0.424850      0.002855      0.117165      1.570507      0.026545      -0.033677      
278      0.424870      0.002715      0.117205      1.570397      0.034996      -0.042129      
279      0.424860      0.002725      0.117215      1.570381      0.036056      -0.043189      
280      0.424930      0.002765      0.117275      1.570384      0.035899      -0.043032      
281      0.425000      0.002795      0.117305      1.570449      0.031352      -0.038484      
282      0.425010      0.002825      0.117265      1.570421      0.033347      -0.040479      
283      0.425000      0.002845      0.117295      1.570385      0.035813      -0.042945      
284      0.424980      0.002935      0.117425      1.570464      0.030174      -0.037306      
285      0.425060      0.002985      0.117505      1.570483      0.028666      -0.035798      
286      0.425170      0.003035      0.117575      1.570495      0.027582      -0.034714      
287      0.425310      0.003125      0.117745      1.570519      0.025469      -0.032601      
288      0.425470      0.003205      0.117895      1.570496      0.027551      -0.034683      
289      0.425560      0.003225      0.117905      1.570454      0.030975      -0.038107      
290      0.425610      0.003265      0.117975      1.570464      0.030158      -0.037290      
291      0.425560      0.003545      0.118025      1.570438      0.032114      -0.039246      
292      0.425550      0.003795      0.118035      1.570398      0.034917      -0.042050      
293      0.425750      0.004015      0.118435      1.570436      0.032318      -0.039450      
294      0.426000      0.004205      0.118765      1.570429      0.032813      -0.039945      
295      0.426220      0.004305      0.118765      1.570445      0.031642      -0.038775      
296      0.426320      0.004385      0.118735      1.570458      0.030645      -0.037777      
297      0.426300      0.004595      0.118765      1.570292      0.041412      -0.048545      
298      0.426330      0.004655      0.118825      1.570122      0.049964      -0.057098      
299      0.426420      0.004675      0.119005      1.569962      0.056757      -0.063892      
300      0.426460      0.004775      0.119065      1.569887      0.059687      -0.066821      
301      0.426480      0.004845      0.119065      1.569741      0.064972      -0.072106      
302      0.426520      0.004855      0.119215      1.569675      0.067210      -0.074344      
303      0.426540      0.004895      0.119285      1.569830      0.061823      -0.068957      
304      0.426630      0.005075      0.119415      1.569843      0.061328      -0.068462      
305      0.426900      0.005115      0.119705      1.569491      0.073107      -0.080242      
306      0.427060      0.005105      0.119925      1.569136      0.083269      -0.090403      
307      0.427100      0.005135      0.119985      1.569206      0.081376      -0.088511      
308      0.427120      0.005135      0.120035      1.569462      0.073987      -0.081121      
309      0.427150      0.005215      0.120095      1.569360      0.077026      -0.084160      
310      0.427200      0.005445      0.120285      1.569334      0.077780      -0.084914      
311      0.427300      0.005685      0.120475      1.569390      0.076131      -0.083265      
312      0.427420      0.005725      0.120625      1.569355      0.077167      -0.084302      
313      0.427540      0.005735      0.120775      1.569364      0.076916      -0.084050      
314      0.427610      0.005675      0.120875      1.569286      0.079154      -0.086288      
315      0.427600      0.005685      0.120875      1.569354      0.077191      -0.084325      
316      0.427650      0.005675      0.120935      1.569249      0.080183      -0.087317      
317      0.427780      0.005665      0.121205      1.569119      0.083732      -0.090866      
318      0.427890      0.005765      0.121315      1.569170      0.082342      -0.089477      
319      0.428040      0.005775      0.121475      1.569183      0.081997      -0.089131      
320      0.428220      0.005795      0.121745      1.569219      0.081023      -0.088157      
321      0.428440      0.005925      0.122015      1.569156      0.082735      -0.089869      
322      0.428710      0.006015      0.122295      1.569025      0.086182      -0.093316      
323      0.428920      0.006045      0.122185      1.569024      0.086221      -0.093356      
324      0.429010      0.006055      0.122015      1.568848      0.090650      -0.097784      
325      0.429030      0.006065      0.122045      1.568758      0.092825      -0.099959      
326      0.429220      0.006115      0.122335      1.568487      0.099099      -0.106233      
327      0.429460      0.006145      0.122355      1.568492      0.098989      -0.106123      
328      0.429700      0.006065      0.122175      1.568650      0.095377      -0.102511      
329      0.429980      0.005785      0.122355      1.568485      0.099154      -0.106288      
330      0.430060      0.005635      0.122415      1.568473      0.099421      -0.106554      
331      0.430130      0.005685      0.122555      1.568673      0.094843      -0.101977      
332      0.430340      0.005825      0.122865      1.568737      0.093328      -0.100462      
333      0.430570      0.005995      0.122635      1.568894      0.089504      -0.096638      
334      0.430890      0.005915      0.122135      1.568994      0.086999      -0.094133      
335      0.431150      0.005685      0.121795      1.568795      0.091930      -0.099064      
336      0.431180      0.005815      0.121685      1.568560      0.097450      -0.104584      
337      0.431140      0.006065      0.121715      1.568466      0.099586      -0.106719      
338      0.431100      0.006095      0.121685      1.568463      0.099633      -0.106766      
339      0.431010      0.006155      0.121675      1.568507      0.098667      -0.105801      
340      0.430900      0.006265      0.121635      1.568411      0.100803      -0.107936      
341      0.430890      0.006265      0.121635      1.568661      0.095118      -0.102252      
342      0.431000      0.006285      0.121815      1.568537      0.097984      -0.105118      
343      0.431140      0.006275      0.121975      1.567527      0.118633      -0.125765      
344      0.431170      0.006265      0.121955      1.566006      0.144130      -0.151259      
345      0.431090      0.006245      0.121855      1.566190      0.141296      -0.148426      
346      0.430900      0.006265      0.121565      1.566905      0.129679      -0.136810      
347      0.430760      0.006235      0.121385      1.567265      0.123414      -0.130546      
348      0.430700      0.006205      0.121275      1.567438      0.120282      -0.127414      
349      0.430680      0.006205      0.121245      1.567514      0.118868      -0.126001      
350      0.430680      0.006185      0.121225      1.567464      0.119795      -0.126927      
351      0.430650      0.006105      0.121125      1.567221      0.124199      -0.131331      
352      0.430560      0.006085      0.121015      1.567268      0.123359      -0.130491      
353      0.430510      0.006075      0.120975      1.567022      0.127669      -0.134800      
354      0.430510      0.006075      0.120985      1.566424      0.137607      -0.144737      
355      0.430510      0.006075      0.120985      1.566285      0.139813      -0.146943      
356      0.430510      0.006075      0.121005      1.566297      0.139617      -0.146747      
357      0.430520      0.006075      0.121015      1.566368      0.138494      -0.145624      
358      0.430530      0.006085      0.120995      1.566495      0.136469      -0.143599      
359      0.430540      0.006085      0.121015      1.566217      0.140872      -0.148002      
360      0.430510      0.006115      0.121055      1.565555      0.150849      -0.157977      
361      0.430480      0.006165      0.121095      1.565555      0.150849      -0.157977      
362      0.430520      0.006135      0.121145      1.565651      0.149452      -0.156580      
363      0.430640      0.006155      0.121305      1.565594      0.150284      -0.157412      
364      0.430720      0.006195      0.121355      1.565454      0.152324      -0.159452      
365      0.430770      0.006105      0.121225      1.565678      0.149059      -0.156188      
366      0.430760      0.006035      0.121215      1.565801      0.147230      -0.154359      
367      0.430740      0.006025      0.121175      1.565856      0.146406      -0.153535      
368      0.430690      0.006165      0.121205      1.565937      0.145190      -0.152319      
369      0.430670      0.006275      0.121185      1.565964      0.144781      -0.151911      
370      0.430720      0.006225      0.121175      1.565965      0.144758      -0.151887      
371      0.430750      0.006255      0.121235      1.565687      0.148918      -0.156047      
372      0.430780      0.006275      0.121265      1.565619      0.149922      -0.157051      
373      0.430820      0.006245      0.121225      1.565078      0.157638      -0.164765      
374      0.430810      0.006225      0.121255      1.564315      0.167926      -0.175052      
375      0.430640      0.006255      0.121045      1.564106      0.170633      -0.177758      
376      0.430600      0.006245      0.120985      1.564491      0.165603      -0.172729      
377      0.430620      0.006245      0.121005      1.564754      0.162087      -0.169214      
378      0.430630      0.006245      0.121025      1.564755      0.162072      -0.169198      
379      0.430640      0.006235      0.121025      1.564619      0.163908      -0.171034      
380      0.430640      0.006235      0.121025      1.564540      0.164960      -0.172086      
381      0.430650      0.006215      0.121025      1.563134      0.182670      -0.189792      
382      0.430650      0.006235      0.121055      1.562559      0.189433      -0.196554      
383      0.430660      0.006235      0.121045      1.563000      0.184271      -0.191393      
384      0.430640      0.006235      0.121025      1.563531      0.177860      -0.184984      
385      0.430640      0.006235      0.121025      1.563811      0.174376      -0.181501      
386      0.430640      0.006235      0.121025      1.563620      0.176762      -0.183885      
387      0.430600      0.006225      0.120955      1.563609      0.176887      -0.184011      
388      0.430610      0.006225      0.120975      1.563445      0.178904      -0.186027      
389      0.430610      0.006225      0.120975      1.563157      0.182395      -0.189518      
390      0.430610      0.006245      0.120975      1.563234      0.181470      -0.188592      
391      0.430610      0.006245      0.120975      1.562785      0.186805      -0.193926      
392      0.430610      0.006245      0.120975      1.562193      0.193607      -0.200727      
393      0.430600      0.006285      0.120975      1.562193      0.193607      -0.200727      
394      0.430590      0.006275      0.120955      1.562387      0.191410      -0.198530      
395      0.430580      0.006275      0.120905      1.562575      0.189253      -0.196374      
396      0.430540      0.006215      0.120805      1.562399      0.191269      -0.198389      
397      0.430500      0.006095      0.120725      1.562076      0.194925      -0.202044      
398      0.430360      0.006085      0.120525      1.562158      0.193999      -0.201119      
399      0.430270      0.006045      0.120395      1.561953      0.196298      -0.203417      
400      0.430200      0.005995      0.120385      1.561846      0.197490      -0.204609      
401      0.430130      0.006005      0.120295      1.561829      0.197670      -0.204789      
402      0.430110      0.005965      0.120265      1.561540      0.200840      -0.207958      
403      0.430050      0.005915      0.120155      1.561511      0.201153      -0.208271      
404      0.429940      0.005925      0.119995      1.561685      0.199255      -0.206373      
405      0.429830      0.005865      0.119945      1.561570      0.200510      -0.207628      
406      0.429720      0.005815      0.119805      1.561440      0.201922      -0.209040      
407      0.429600      0.005805      0.119635      1.561325      0.203169      -0.210287      
408      0.429530      0.005755      0.119505      1.561103      0.205538      -0.212655      
409      0.429450      0.005705      0.119405      1.561084      0.205734      -0.212851      
410      0.429430      0.005565      0.119485      1.560765      0.209091      -0.216207      
411      0.429420      0.005345      0.119605      1.560712      0.209648      -0.216764      
412      0.429420      0.005185      0.119685      1.560483      0.212017      -0.219132      
413      0.429530      0.004885      0.119875      1.560178      0.215131      -0.222244      
414      0.429600      0.004685      0.119965      1.560234      0.214566      -0.221680      
415      0.429680      0.004415      0.120005      1.560278      0.214119      -0.221233      
416      0.429770      0.004105      0.120065      1.560187      0.215044      -0.222158      
417      0.429800      0.003875      0.120115      1.559691      0.220009      -0.227121      
418      0.429850      0.003675      0.120205      1.558827      0.228407      -0.235517      
419      0.429920      0.003375      0.120245      1.557050      0.244754      -0.251858      
420      0.429910      0.003265      0.120295      1.557001      0.245185      -0.252289      
421      0.429880      0.003245      0.120375      1.557859      0.237455      -0.244562      
422      0.429900      0.003205      0.120445      1.557751      0.238443      -0.245549      
423      0.429990      0.003225      0.120485      1.557772      0.238247      -0.245354      
424      0.430070      0.003185      0.120575      1.558133      0.234931      -0.242038      
425      0.430080      0.003145      0.120595      1.557660      0.239266      -0.246372      
426      0.430100      0.002965      0.120625      1.557492      0.240795      -0.247901      
427      0.430090      0.002765      0.120825      1.557943      0.236687      -0.243794      
428      0.430040      0.002535      0.120985      1.558240      0.233935      -0.241043      
429      0.429990      0.002415      0.121125      1.558354      0.232869      -0.239977      
430      0.429900      0.002305      0.121735      1.558807      0.228595      -0.235705      
431      0.429690      0.002265      0.122665      1.558618      0.230391      -0.237500      
432      0.429480      0.002115      0.123145      1.558612      0.230446      -0.237555      
433      0.429430      0.001795      0.123325      1.558671      0.229889      -0.236998      
434      0.429450      0.001525      0.123325      1.558485      0.231645      -0.238754      
435      0.429530      0.001435      0.123405      1.558223      0.234092      -0.241200      
436      0.429620      0.001415      0.123365      1.558100      0.235236      -0.242344      
437      0.429630      0.001415      0.123325      1.558189      0.234413      -0.241521      
438      0.429660      0.001415      0.123425      1.557990      0.236248      -0.243355      
439      0.429720      0.001305      0.123465      1.557684      0.239054      -0.246161      
440      0.429740      0.001225      0.123465      1.557804      0.237957      -0.245064      
441      0.429900      0.001255      0.123705      1.557699      0.238913      -0.246020      
442      0.430180      0.001255      0.124005      1.557205      0.243374      -0.250479      
443      0.430430      0.001295      0.124075      1.556729      0.247592      -0.254695      
444      0.430580      0.001285      0.123865      1.556711      0.247748      -0.254852      
445      0.430590      0.001285      0.123725      1.556713      0.247733      -0.254836      
446      0.430560      0.001295      0.123785      1.556215      0.252059      -0.259161      
447      0.430570      0.001465      0.123875      1.556462      0.249920      -0.257022      
448      0.430740      0.001715      0.124045      1.556696      0.247882      -0.254985      
449      0.430950      0.001755      0.124185      1.556983      0.245350      -0.252454      
450      0.431170      0.001815      0.124385      1.557396      0.241657      -0.248763      
451      0.431370      0.001865      0.124665      1.557553      0.240238      -0.247344      
452      0.431450      0.001975      0.124605      1.557580      0.239995      -0.247101      
453      0.431590      0.001995      0.124325      1.557689      0.239007      -0.246114      
454      0.431720      0.002155      0.124205      1.557727      0.238662      -0.245769      
455      0.431760      0.002255      0.124135      1.557737      0.238568      -0.245675      
456      0.431840      0.002285      0.124055      1.557376      0.241838      -0.248943      
457      0.431910      0.002355      0.124085      1.556903      0.246055      -0.253159      
458      0.432120      0.002665      0.124185      1.557095      0.244354      -0.251458      
459      0.432780      0.002975      0.124305      1.557124      0.244095      -0.251200      
460      0.433690      0.003135      0.124155      1.557006      0.245146      -0.252250      
461      0.434490      0.003355      0.123315      1.556133      0.252765      -0.259866      
462      0.435070      0.003485      0.121965      1.555641      0.256958      -0.264058      
463      0.435380      0.003445      0.121215      1.555599      0.257319      -0.264418      
464      0.435470      0.003575      0.121295      1.555870      0.255014      -0.262115      
465      0.435550      0.003715      0.121605      1.556068      0.253329      -0.260430      
466      0.435670      0.003665      0.122035      1.555342      0.259474      -0.266573      
467      0.435640      0.003455      0.122075      1.555269      0.260085      -0.267184      
468      0.435590      0.003215      0.122085      1.555097      0.261519      -0.268617      
469      0.435520      0.002995      0.122465      1.554727      0.264576      -0.271673      
470      0.435330      0.002985      0.122895      1.554705      0.264756      -0.271853      
471      0.435290      0.002975      0.123745      1.555102      0.261480      -0.268578      
472      0.435200      0.002955      0.124865      1.555400      0.258988      -0.266087      
473      0.435060      0.002935      0.125665      1.555165      0.260955      -0.268053      
474      0.435060      0.002725      0.126415      1.554687      0.264905      -0.272002      
475      0.435040      0.002725      0.126445      1.554543      0.266080      -0.273177      
476      0.435130      0.002665      0.126625      1.552803      0.279910      -0.287000      
477      0.435050      0.002595      0.127015      1.551672      0.288534      -0.295621      
478      0.434740      0.002555      0.127485      1.551374      0.290767      -0.297852      
479      0.434500      0.002455      0.127965      1.550956      0.293860      -0.300945      
480      0.434470      0.002395      0.128205      1.551578      0.289239      -0.296326      
481      0.434600      0.002255      0.128365      1.551623      0.288903      -0.295989      
482      0.434790      0.002025      0.128425      1.551143      0.292482      -0.299567      
483      0.434890      0.001885      0.128515      1.551063      0.293069      -0.300154      
484      0.434870      0.001925      0.128515      1.550933      0.294033      -0.301117      
485      0.434850      0.001905      0.128535      1.550931      0.294048      -0.301133      
486      0.434820      0.001895      0.128465      1.550917      0.294150      -0.301234      
487      0.434780      0.001925      0.128615      1.550497      0.297228      -0.304311      
488      0.434770      0.001965      0.128815      1.550528      0.297001      -0.304084      
489      0.434810      0.001915      0.128885      1.551162      0.292341      -0.299426      
490      0.435010      0.001925      0.129205      1.551057      0.293116      -0.300201      
491      0.435120      0.001985      0.129205      1.550921      0.294119      -0.301203      
492      0.435160      0.002015      0.128865      1.551166      0.292310      -0.299395      
493      0.435100      0.002005      0.128555      1.551544      0.289498      -0.296584      
494      0.434950      0.002085      0.128345      1.551379      0.290728      -0.297813      
495      0.434850      0.002145      0.128175      1.551815      0.287461      -0.294548      
496      0.434910      0.002225      0.128305      1.551998      0.286075      -0.293162      
497      0.434970      0.002545      0.128285      1.551776      0.287751      -0.294838      
498      0.435030      0.002685      0.128145      1.551972      0.286271      -0.293358      
499      0.435010      0.002675      0.128135      1.551908      0.286756      -0.293844      
500      0.434870      0.002655      0.127975      1.552135      0.285033      -0.292121      
501      0.434770      0.002635      0.128075      1.552572      0.281696      -0.288785      
502      0.434790      0.002605      0.128045      1.553547      0.274081      -0.281173      
503      0.434780      0.002585      0.128015      1.556096      0.253086      -0.260188      
504      0.434780      0.002585      0.128015      1.558109      0.235150      -0.242258      
505      0.434780      0.002455      0.128005      1.560025      0.216676      -0.223789      
506      0.434660      0.002435      0.127825      1.562831      0.186264      -0.193385      
507      0.434540      0.002415      0.127785      1.564741      0.162260      -0.169387      
508      0.434460      0.002395      0.127935      1.565762      0.147811      -0.154940      
509      0.434390      0.002385      0.128045      1.566928      0.129294      -0.136425      
510      0.434360      0.002455      0.128095      1.568516      0.098455      -0.105589      
511      0.434340      0.002505      0.128115      1.569564      0.070846      -0.077980      
512      0.434320      0.002525      0.128155      1.570317      0.040006      -0.047139      
513      0.434270      0.002525      0.128255      1.570626      0.010234      -0.017364      
514      0.434150      0.002495      0.128245      1.570575      -0.013963      0.006837      
515      0.434040      0.002455      0.128305      1.570368      -0.031538      0.024415      
516      0.433870      0.002455      0.128475      1.569914      -0.053304      0.046187      
517      0.433660      0.002515      0.128725      1.569348      -0.072007      0.064895      
518      0.433490      0.002485      0.128995      1.568897      -0.084073      0.076966      
519      0.433230      0.002455      0.129015      1.568245      -0.099027      0.091925      
520      0.432900      0.002475      0.129125      1.567043      -0.121953      0.114859      
521      0.432570      0.002455      0.129395      1.566465      -0.131589      0.124500      
522      0.432170      0.002525      0.129665      1.565977      -0.139208      0.132122      
523      0.431730      0.002485      0.129925      1.565232      -0.150121      0.143040      
524      0.431290      0.002465      0.130185      1.564441      -0.160892      0.153816      
525      0.430860      0.002445      0.130455      1.563563      -0.172092      0.165022      
526      0.430470      0.002375      0.130665      1.561868      -0.191861      0.184802      
527      0.430140      0.002385      0.130935      1.559611      -0.215417      0.208371      
528      0.429980      0.002445      0.131165      1.556586      -0.243452      0.236424      
529      0.429920      0.002435      0.131285      1.553253      -0.271009      0.264001      
530      0.429880      0.002445      0.131215      1.547638      -0.311951      0.304974      
531      0.429820      0.002415      0.131205      1.540827      -0.355296      0.348357      
532      0.429630      0.002385      0.131545      1.534793      -0.389637      0.382731      
533      0.429400      0.002365      0.131985      1.528447      -0.422702      0.415830      
534      0.429170      0.002355      0.132385      1.518929      -0.467836      0.461014      
535      0.428910      0.002315      0.132775      1.511618      -0.499658      0.492874      
536      0.428720      0.002295      0.133075      1.504015      -0.530663      0.523918      
537      0.428540      0.002315      0.133435      1.495606      -0.562883      0.556181      
538      0.428470      0.002375      0.133605      1.491960      -0.576267      0.569584      
539      0.428350      0.002465      0.133815      1.484675      -0.602074      0.595428      
540      0.428210      0.002435      0.134085      1.479759      -0.618843      0.612222      
541      0.428030      0.002425      0.134415      1.472462      -0.642880      0.636296      
542      0.427800      0.002405      0.134815      1.467275      -0.659397      0.652839      
543      0.427540      0.002405      0.135255      1.462332      -0.674736      0.668202      
544      0.427260      0.002395      0.135745      1.455837      -0.694334      0.687833      
545      0.426970      0.002395      0.136155      1.450268      -0.710672      0.704199      
546      0.426670      0.002395      0.136535      1.447239      -0.719392      0.712934      
547      0.426420      0.002365      0.136945      1.445674      -0.723851      0.717400      
548      0.426110      0.002415      0.137215      1.441484      -0.735644      0.729214      
549      0.425840      0.002495      0.137515      1.437470      -0.746753      0.740343      
550      0.425630      0.002545      0.137855      1.433420      -0.757778      0.751388      
551      0.425440      0.002545      0.138115      1.426075      -0.777337      0.770983      
552      0.425300      0.002525      0.138285      1.420659      -0.791415      0.785089      
553      0.425160      0.002495      0.138455      1.413043      -0.810753      0.804464      
554      0.424940      0.002455      0.138685      1.409571      -0.819401      0.813129      
555      0.424720      0.002395      0.138805      1.405735      -0.828837      0.822584      
556      0.424320      0.002325      0.138935      1.400548      -0.841407      0.835180      
557      0.423730      0.002235      0.139045      1.392513      -0.860470      0.854281      
558      0.423030      0.002105      0.139295      1.387966      -0.871048      0.864882      
559      0.422190      0.001945      0.139525      1.379692      -0.889929      0.883804      
560      0.421230      0.001765      0.139735      1.369991      -0.911497      0.905419      
561      0.420100      0.001565      0.140205      1.361702      -0.929468      0.923430      
562      0.418250      0.001215      0.140745      1.350630      -0.952860      0.946876      
563      0.417630      0.001105      0.140995      1.347019      -0.960344      0.954378      
564      0.416380      0.000835      0.141555      1.339843      -0.975019      0.969087      
565      0.415080      0.000595      0.142015      1.337642      -0.979467      0.973546      
566      0.413730      0.000345      0.142365      1.334344      -0.986089      0.980184      
567      0.412410      0.000105      0.142585      1.330060      -0.994612      0.988728      
