50      0.021760      1637666635967      
51      0.024290      1637666636005      
52      0.025340      1637666636033      
53      0.016700      1637666636073      
54      0.029400      1637666636105      
55      0.013970      1637666636137      
56      0.004920      1637666636169      
57      0.004150      1637666636205      
58      0.008450      1637666636234      
59      0.002190      1637666636264      
60      0.006350      1637666636296      
61      0.008010      1637666636329      
62      0.006390      1637666636375      
63      0.003160      1637666636414      
64      0.008380      1637666636438      
65      0.006720      1637666636471      
66      0.010950      1637666636503      
67      0.007520      1637666636535      
68      0.009620      1637666636567      
69      0.010590      1637666636606      
70      0.014590      1637666636631      
71      0.014230      1637666636675      
72      0.016400      1637666636707      
73      0.005900      1637666636739      
74      0.004640      1637666636771      
75      0.006280      1637666636805      
76      0.001640      1637666636837      
77      0.002120      1637666636868      
78      0.008270      1637666636900      
79      0.016110      1637666636932      
80      0.010780      1637666636964      
81      0.012130      1637666637018      
82      0.026020      1637666637043      
83      0.007640      1637666637072      
84      0.007630      1637666637104      
85      0.000220      1637666637135      
86      0.002980      1637666637167      
87      0.008270      1637666637201      
88      0.011520      1637666637250      
89      0.008420      1637666637279      
90      0.013090      1637666637309      
91      0.017340      1637666637347      
92      0.007770      1637666637372      
93      0.007190      1637666637409      
94      0.006140      1637666637445      
95      0.001400      1637666637488      
96      0.015730      1637666637518      
97      0.037360      1637666637550      
98      0.018290      1637666637582      
99      0.009120      1637666637619      
100      0.021550      1637666637642      
101      0.016270      1637666637672      
102      0.010170      1637666637704      
103      0.016040      1637666637751      
104      0.020470      1637666637784      
105      0.008060      1637666637817      
106      0.017570      1637666637845      
107      0.014820      1637666637875      
108      0.008220      1637666637905      
109      0.004190      1637666637938      
110      0.003950      1637666637989      
111      0.002050      1637666638022      
112      0.002380      1637666638065      
113      0.006130      1637666638084      
114      0.000310      1637666638113      
115      0.003320      1637666638143      
116      0.008470      1637666638176      
117      0.003250      1637666638224      
118      0.013970      1637666638265      
119      0.012490      1637666638288      
120      0.003820      1637666638321      
121      0.018970      1637666638352      
122      0.023600      1637666638385      
123      0.006980      1637666638415      
124      0.007210      1637666638449      
125      0.009570      1637666638480      
126      0.010390      1637666638526      
127      0.021700      1637666638555      
128      0.004880      1637666638589      
129      0.003540      1637666638622      
130      0.003060      1637666638654      
131      0.002540      1637666638692      
132      -0.000850      1637666638721      
133      0.003890      1637666638745      
134      0.001580      1637666638794      
135      0.011360      1637666638823      
136      0.002960      1637666638866      
137      0.004280      1637666638888      
138      0.003960      1637666638921      
139      0.014050      1637666638952      
140      0.008320      1637666638983      
141      0.010260      1637666639014      
142      0.018280      1637666639064      
143      0.008780      1637666639096      
144      0.013480      1637666639126      
145      0.011070      1637666639156      
146      0.004090      1637666639188      
147      0.013620      1637666639220      
148      0.006350      1637666639257      
149      0.002670      1637666639290      
150      0.001770      1637666639331      
151      -0.000230      1637666639362      
152      0.002290      1637666639390      
153      0.008140      1637666639422      
154      0.000660      1637666639455      
155      0.000770      1637666639490      
156      0.004570      1637666639532      
157      0.003300      1637666639564      
158      0.004120      1637666639595      
159      0.007640      1637666639628      
160      -0.000950      1637666639657      
161      0.005410      1637666639696      
162      0.003630      1637666639734      
163      -0.002690      1637666639766      
164      0.005400      1637666639799      
165      0.007250      1637666639830      
166      0.001530      1637666639862      
167      0.008670      1637666639898      
168      0.004480      1637666639927      
169      0.006730      1637666639955      
170      0.008500      1637666640003      
171      0.001390      1637666640036      
172      0.003060      1637666640067      
173      0.001750      1637666640111      
174      0.004210      1637666640137      
175      0.003170      1637666640163      
176      0.004370      1637666640194      
177      -0.000340      1637666640238      
178      0.003170      1637666640287      
179      -0.001980      1637666640339      
180      0.003160      1637666640379      
181      0.009040      1637666640405      
182      0.000040      1637666640438      
183      0.004110      1637666640467      
184      0.008410      1637666640500      
185      0.001140      1637666640535      
186      0.000860      1637666640564      
187      0.007210      1637666640597      
188      0.000880      1637666640632      
189      -0.002550      1637666640663      
190      0.001430      1637666640695      
191      0.004290      1637666640727      
192      -0.003750      1637666640761      
193      0.002720      1637666640802      
194      0.001470      1637666640830      
195      0.001180      1637666640861      
196      0.003980      1637666640895      
197      -0.001450      1637666640934      
198      0.001280      1637666640968      
199      0.005550      1637666641006      
200      0.001770      1637666641039      
201      0.001440      1637666641069      
202      0.004060      1637666641101      
203      0.003880      1637666641130      
204      0.008170      1637666641168      
205      0.004220      1637666641196      
206      -0.001420      1637666641221      
207      0.003880      1637666641253      
208      0.008290      1637666641279      
209      0.001270      1637666641309      
210      0.000730      1637666641343      
211      0.005370      1637666641395      
212      0.000330      1637666641426      
213      -0.000710      1637666641464      
214      0.003300      1637666641483      
215      0.000650      1637666641513      
216      -0.000450      1637666641548      
217      0.003530      1637666641597      
218      0.000950      1637666641632      
219      -0.001310      1637666641665      
220      0.002720      1637666641694      
221      -0.000360      1637666641718      
222      -0.001320      1637666641747      
223      -0.000320      1637666641805      
224      0.002440      1637666641844      
225      -0.000760      1637666641880      
226      0.001070      1637666641915      
227      0.001190      1637666641945      
228      0.001210      1637666641980      
229      0.001480      1637666642012      
230      0.001360      1637666642039      
231      0.001090      1637666642069      
232      0.002810      1637666642099      
233      0.001790      1637666642133      
234      0.000950      1637666642165      
235      -0.000330      1637666642201      
236      -0.000060      1637666642246      
237      0.002260      1637666642278      
238      -0.001130      1637666642316      
239      0.003140      1637666642348      
240      0.001050      1637666642384      
241      -0.000130      1637666642417      
242      0.005120      1637666642461      
243      0.004320      1637666642483      
244      0.002640      1637666642536      
245      0.002600      1637666642570      
246      0.000010      1637666642603      
247      0.000820      1637666642637      
248      -0.000570      1637666642660      
249      0.000520      1637666642688      
250      -0.000080      1637666642719      
251      0.001050      1637666642767      
252      0.002390      1637666642799      
253      0.001550      1637666642839      
254      -0.000210      1637666642868      
255      0.004200      1637666642909      
256      0.000230      1637666642946      
257      0.001130      1637666642980      
258      0.001240      1637666643008      
259      -0.000070      1637666643050      
260      0.000020      1637666643089      
261      0.002820      1637666643120      
262      0.001300      1637666643148      
263      0.001370      1637666643182      
264      -0.001430      1637666643218      
265      0.000380      1637666643283      
266      0.001400      1637666643319      
267      0.001550      1637666643350      
268      0.001040      1637666643384      
269      -0.001750      1637666643414      
270      0.001390      1637666643452      
271      0.001610      1637666643487      
272      0.001100      1637666643522      
273      -0.000420      1637666643555      
274      0.000840      1637666643587      
275      0.003080      1637666643617      
276      0.001130      1637666643649      
277      -0.000350      1637666643688      
278      0.002970      1637666643732      
279      0.002920      1637666643763      
280      0.001290      1637666643790      
281      0.005740      1637666643817      
282      0.002230      1637666643852      
283      0.002960      1637666643887      
284      0.001740      1637666643918      
285      0.001280      1637666643952      
286      0.001410      1637666643983      
287      0.001400      1637666644008      
288      0.001510      1637666644044      
289      0.000020      1637666644070      
290      0.002760      1637666644104      
291      0.001420      1637666644131      
292      0.002420      1637666644183      
293      0.005460      1637666644209      
294      0.000950      1637666644238      
295      0.000160      1637666644280      
296      -0.001240      1637666644313      
297      0.001260      1637666644336      
298      0.001510      1637666644363      
299      -0.001300      1637666644395      
300      0.001360      1637666644446      
301      0.001800      1637666644479      
302      0.006350      1637666644518      
303      0.002230      1637666644551      
304      0.002580      1637666644581      
305      0.005520      1637666644603      
306      0.001360      1637666644641      
307      0.000000      1637666644665      
308      0.002690      1637666644703      
309      0.001150      1637666644747      
310      0.002580      1637666644773      
311      0.006800      1637666644805      
312      0.001420      1637666644838      
313      0.001250      1637666644867      
314      0.004110      1637666644922      
315      0.001290      1637666644966      
316      0.000600      1637666645000      
317      0.001110      1637666645030      
318      0.001130      1637666645062      
319      0.003610      1637666645097      
320      0.001910      1637666645147      
321      0.003940      1637666645170      
322      0.002800      1637666645204      
323      0.005290      1637666645235      
324      0.004750      1637666645266      
325      0.001180      1637666645299      
326      0.002750      1637666645330      
327      0.002810      1637666645372      
328      -0.001300      1637666645404      
329      -0.001620      1637666645439      
330      0.000130      1637666645476      
331      -0.001240      1637666645501      
332      0.001080      1637666645538      
333      -0.001160      1637666645586      
334      0.001360      1637666645615      
335      0.002910      1637666645652      
336      0.004120      1637666645695      
337      0.004070      1637666645734      
338      0.008160      1637666645787      
339      0.012210      1637666645825      
340      0.003890      1637666645851      
341      0.001730      1637666645880      
342      0.001760      1637666645912      
343      -0.001420      1637666645968      
344      -0.000090      1637666646010      
345      0.003030      1637666646034      
346      0.000000      1637666646079      
347      0.000010      1637666646106      
348      0.004210      1637666646145      
349      0.002640      1637666646200      
350      0.004750      1637666646234      
351      0.002380      1637666646276      
352      0.000580      1637666646313      
353      0.004720      1637666646351      
354      0.000010      1637666646395      
355      0.008810      1637666646415      
356      0.003810      1637666646446      
357      0.001500      1637666646481      
358      0.000280      1637666646511      
359      -0.001620      1637666646546      
360      0.000070      1637666646584      
361      -0.000500      1637666646605      
362      -0.001390      1637666646643      
363      0.001420      1637666646677      
364      0.004280      1637666646704      
365      0.000330      1637666646734      
366      0.002980      1637666646770      
367      0.001760      1637666646790      
368      0.001590      1637666646821      
369      0.001400      1637666646853      
370      0.006300      1637666646888      
371      0.000450      1637666646919      
372      0.000400      1637666646955      
373      0.003910      1637666646993      
374      0.000240      1637666647032      
375      0.001310      1637666647062      
376      0.003160      1637666647095      
377      0.001630      1637666647127      
378      0.002700      1637666647161      
379      0.003080      1637666647193      
380      0.001160      1637666647219      
381      0.002350      1637666647254      
382      0.002590      1637666647287      
383      0.005730      1637666647318      
384      0.001270      1637666647371      
385      0.002490      1637666647408      
386      0.004550      1637666647429      
387      0.001930      1637666647463      
388      0.001550      1637666647488      
389      0.002660      1637666647519      
390      0.002700      1637666647579      
391      0.008540      1637666647612      
392      0.004220      1637666647637      
393      0.002810      1637666647661      
394      0.001390      1637666647690      
395      -0.001240      1637666647720      
396      0.001120      1637666647753      
397      -0.000120      1637666647790      
398      0.001660      1637666647838      
399      0.002640      1637666647864      
400      0.002780      1637666647895      
401      0.002820      1637666647927      
402      0.002810      1637666647957      
403      0.002750      1637666647988      
404      0.003220      1637666648029      
405      0.002550      1637666648054      
406      0.001290      1637666648109      
407      0.004620      1637666648137      
408      0.000060      1637666648165      
409      0.002650      1637666648197      
410      0.002100      1637666648232      
411      0.000040      1637666648261      
412      -0.000130      1637666648313      
413      0.001140      1637666648343      
414      0.001380      1637666648369      
415      0.000540      1637666648402      
416      0.000230      1637666648434      
417      -0.000050      1637666648461      
418      0.001470      1637666648505      
419      0.002760      1637666648538      
420      0.000230      1637666648573      
421      0.001230      1637666648601      
422      0.005470      1637666648635      
423      0.001420      1637666648667      
424      0.005940      1637666648694      
425      0.003520      1637666648743      
426      0.004220      1637666648773      
427      0.004050      1637666648805      
428      0.002850      1637666648845      
429      0.001310      1637666648878      
430      0.002690      1637666648916      
431      0.003080      1637666648948      
432      0.001520      1637666648977      
433      0.001220      1637666649009      
434      0.001550      1637666649045      
435      0.001100      1637666649079      
436      0.000210      1637666649100      
437      0.002830      1637666649133      
438      0.002970      1637666649164      
439      0.001840      1637666649196      
440      0.002650      1637666649246      
441      0.009730      1637666649281      
442      0.002760      1637666649310      
443      0.005310      1637666649345      
444      0.004810      1637666649368      
445      0.000450      1637666649403      
446      -0.000440      1637666649434      
447      0.003960      1637666649479      
448      0.001560      1637666649513      
449      0.005530      1637666649545      
450      0.002770      1637666649577      
451      0.002820      1637666649611      
452      0.001230      1637666649638      
453      0.002970      1637666649681      
454      -0.000170      1637666649702      
455      -0.000340      1637666649735      
456      0.001550      1637666649787      
457      0.002700      1637666649817      
458      0.000660      1637666649848      
459      0.005490      1637666649888      
460      0.005980      1637666649922      
461      0.005200      1637666649960      
462      0.004200      1637666649989      
463      0.009510      1637666650018      
464      0.005570      1637666650046      
465      0.002080      1637666650093      
466      0.006190      1637666650128      
467      0.012210      1637666650161      
468      0.003300      1637666650192      
469      0.003810      1637666650226      
470      -0.000030      1637666650258      
471      0.001420      1637666650296      
472      0.001810      1637666650329      
473      0.000510      1637666650351      
474      0.003880      1637666650381      
475      0.003100      1637666650429      
476      0.001820      1637666650458      
477      0.001870      1637666650499      
478      -0.000850      1637666650534      
479      0.000490      1637666650553      
480      0.001040      1637666650585      
481      0.004740      1637666650618      
482      0.000800      1637666650648      
483      0.004900      1637666650683      
484      0.007240      1637666650727      
485      0.004130      1637666650755      
486      0.005150      1637666650795      
487      -0.000160      1637666650821      
488      0.004780      1637666650853      
489      0.000200      1637666650896      
490      0.007460      1637666650921      
491      0.003610      1637666650951      
492      -0.003720      1637666650982      
493      0.004460      1637666651025      
494      0.002800      1637666651056      
495      -0.007010      1637666651096      
496      -0.005140      1637666651133      
497      -0.019270      1637666651160      
498      -0.038420      1637666651193      
499      -0.039100      1637666651218      
500      -0.037480      1637666651249      
501      -0.030990      1637666651298      
502      -0.041020      1637666651327      
503      -0.030940      1637666651356      
504      -0.026980      1637666651393      
505      -0.030430      1637666651421      
506      -0.014970      1637666651454      
507      -0.031220      1637666651495      
508      -0.035950      1637666651539      
509      -0.056220      1637666651567      
510      -0.031430      1637666651594      
511      -0.028080      1637666651628      
512      -0.026750      1637666651656      
513      -0.027070      1637666651694      
514      -0.014200      1637666651733      
515      -0.029650      1637666651769      
516      -0.044050      1637666651803      
517      -0.027740      1637666651828      
518      -0.030140      1637666651856      
519      -0.018300      1637666651888      
520      -0.022420      1637666651932      
521      -0.012340      1637666651961      
522      -0.023160      1637666651987      
523      -0.018110      1637666652019      
524      -0.025430      1637666652048      
525      -0.025150      1637666652078      
526      -0.019960      1637666652120      
527      -0.029610      1637666652146      
528      -0.023480      1637666652170      
529      -0.019640      1637666652203      
530      -0.011150      1637666652232      
531      -0.020600      1637666652264      
532      -0.024420      1637666652296      
533      -0.021700      1637666652354      
534      -0.032390      1637666652382      
535      -0.036520      1637666652413      
536      -0.022930      1637666652438      
537      -0.021380      1637666652470      
538      -0.031060      1637666652503      
539      -0.011270      1637666652536      
540      -0.003550      1637666652585      
541      -0.026430      1637666652618      
542      -0.019770      1637666652648      
543      -0.027360      1637666652680      
544      -0.035960      1637666652703      
545      -0.023170      1637666652739      
546      -0.034330      1637666652771      
547      -0.020000      1637666652799      
548      -0.030750      1637666652832      
549      -0.016480      1637666652863      
550      -0.027080      1637666652895      
551      -0.018740      1637666652945      
552      -0.026740      1637666652983      
553      -0.016940      1637666653003      
554      -0.034710      1637666653037      
555      -0.019140      1637666653069      
556      -0.014320      1637666653101      
557      -0.021920      1637666653133      
558      -0.008520      1637666653170      
559      -0.017930      1637666653217      
560      -0.039840      1637666653252      
561      -0.013560      1637666653280      
562      -0.017940      1637666653305      
563      -0.030310      1637666653337      
564      -0.018160      1637666653378      
565      -0.006140      1637666653401      
566      -0.020810      1637666653432      
