52      0.416401      0.017642      0.125219      1.322724      -1.009554      1.005716      
53      0.417371      0.017992      0.125239      1.325896      -1.003357      0.999507      
54      0.417881      0.018132      0.125229      1.327570      -1.000068      0.996213      
55      0.418931      0.018302      0.125079      1.331865      -0.991569      0.987697      
56      0.420051      0.018532      0.125009      1.336698      -0.981902      0.978011      
57      0.421181      0.018762      0.125019      1.341252      -0.972686      0.968779      
58      0.422081      0.019092      0.124949      1.344573      -0.965901      0.961981      
59      0.423311      0.019652      0.124809      1.348543      -0.957715      0.953780      
60      0.424071      0.019912      0.124539      1.352292      -0.949908      0.945959      
61      0.424431      0.020082      0.124499      1.353209      -0.947988      0.944035      
62      0.425391      0.020372      0.124439      1.356040      -0.942028      0.938064      
63      0.426421      0.020562      0.124299      1.359509      -0.934664      0.930688      
64      0.427271      0.020842      0.124209      1.360902      -0.931689      0.927707      
65      0.428261      0.021062      0.123839      1.364645      -0.923637      0.919641      
66      0.429161      0.021292      0.123479      1.366198      -0.920272      0.916270      
67      0.430071      0.021632      0.123219      1.367494      -0.917453      0.913445      
68      0.431701      0.021982      0.122759      1.371536      -0.908595      0.904572      
69      0.432721      0.022332      0.122629      1.373658      -0.903905      0.899874      
70      0.433871      0.022562      0.122359      1.377361      -0.895652      0.891607      
71      0.434351      0.022792      0.122219      1.378184      -0.893807      0.889758      
72      0.435311      0.023252      0.121999      1.379612      -0.890593      0.886539      
73      0.436391      0.023552      0.121559      1.382371      -0.884346      0.880281      
74      0.437241      0.024062      0.121149      1.383023      -0.882864      0.878796      
75      0.438751      0.024692      0.120159      1.386332      -0.875289      0.871209      
76      0.439751      0.025252      0.119509      1.388261      -0.870838      0.866751      
77      0.440801      0.025722      0.118889      1.390102      -0.866568      0.862474      
78      0.441971      0.026212      0.118019      1.392647      -0.860622      0.856517      
79      0.442451      0.026462      0.117709      1.393607      -0.858367      0.854259      
80      0.443521      0.027052      0.117179      1.396095      -0.852493      0.848375      
81      0.444531      0.027572      0.116659      1.398705      -0.846281      0.842153      
82      0.445411      0.028232      0.116309      1.399911      -0.843391      0.839259      
83      0.446401      0.028802      0.115939      1.401787      -0.838876      0.834736      
84      0.447381      0.029242      0.115539      1.403690      -0.834268      0.830120      
85      0.448831      0.029702      0.114899      1.406620      -0.827116      0.822957      
86      0.449851      0.029912      0.114299      1.410767      -0.816874      0.812698      
87      0.450731      0.030072      0.114099      1.411819      -0.814253      0.810073      
88      0.451771      0.030302      0.113969      1.414419      -0.807733      0.803543      
89      0.452301      0.030402      0.113869      1.416476      -0.802533      0.798335      
90      0.453231      0.030772      0.113909      1.418946      -0.796237      0.792029      
91      0.454201      0.031172      0.113899      1.421064      -0.790796      0.786580      
92      0.455021      0.031482      0.113699      1.423614      -0.784188      0.779962      
93      0.455701      0.032082      0.113709      1.425493      -0.779279      0.775045      
94      0.456511      0.032492      0.113629      1.427655      -0.773586      0.769344      
95      0.457391      0.033352      0.113909      1.429505      -0.768680      0.764431      
96      0.458131      0.033812      0.114009      1.432321      -0.761143      0.756882      
97      0.458841      0.034302      0.114169      1.435407      -0.752789      0.748516      
98      0.459221      0.034572      0.114359      1.436397      -0.750087      0.745810      
99      0.460021      0.035092      0.114569      1.439071      -0.742733      0.738445      
100      0.460851      0.035482      0.114459      1.442503      -0.733177      0.728876      
101      0.461591      0.036012      0.114449      1.444425      -0.727767      0.723458      
102      0.462791      0.036742      0.114079      1.447902      -0.717865      0.713542      
103      0.463491      0.037342      0.113799      1.448400      -0.716434      0.712109      
104      0.464221      0.037822      0.113369      1.449209      -0.714104      0.709775      
105      0.464661      0.038022      0.112989      1.450816      -0.709449      0.705114      
106      0.465371      0.038392      0.112399      1.452173      -0.705494      0.701153      
107      0.466051      0.038692      0.111919      1.453100      -0.702777      0.698432      
108      0.467061      0.039072      0.111189      1.455755      -0.694931      0.690576      
109      0.467651      0.039282      0.110879      1.456381      -0.693067      0.688710      
110      0.468181      0.039452      0.110339      1.457371      -0.690110      0.685748      
111      0.468691      0.039592      0.109989      1.457628      -0.689339      0.684977      
112      0.469281      0.039722      0.109859      1.458420      -0.686959      0.682593      
113      0.469871      0.039772      0.109439      1.459472      -0.683784      0.679414      
114      0.470401      0.039892      0.109349      1.460679      -0.680123      0.675748      
115      0.470711      0.039952      0.109429      1.461089      -0.678875      0.674498      
116      0.471641      0.040052      0.109319      1.462738      -0.673825      0.669441      
117      0.472181      0.040202      0.109499      1.463822      -0.670486      0.666098      
118      0.472861      0.040292      0.109649      1.465316      -0.665851      0.661456      
119      0.473511      0.040362      0.109759      1.466756      -0.661353      0.656953      
120      0.474071      0.040472      0.109819      1.468595      -0.655558      0.651150      
121      0.474731      0.040452      0.109659      1.469713      -0.652007      0.647594      
122      0.475451      0.040282      0.109519      1.471504      -0.646278      0.641858      
123      0.476051      0.040172      0.109369      1.473049      -0.641289      0.636863      
124      0.476641      0.040002      0.108859      1.474726      -0.635827      0.631394      
125      0.477271      0.039842      0.108439      1.475361      -0.633749      0.629313      
126      0.478051      0.039572      0.108009      1.477013      -0.628301      0.623858      
127      0.478961      0.039172      0.107279      1.478722      -0.622611      0.618161      
128      0.479781      0.038862      0.106919      1.480341      -0.617167      0.612710      
129      0.480651      0.038512      0.106479      1.482971      -0.608217      0.603749      
130      0.481721      0.038072      0.105679      1.484494      -0.602971      0.598496      
131      0.482301      0.037812      0.105129      1.485528      -0.599379      0.594901      
132      0.482821      0.037552      0.104499      1.486478      -0.596058      0.591576      
133      0.483071      0.037432      0.104369      1.487043      -0.594076      0.589591      
134      0.483531      0.037352      0.104179      1.487853      -0.591219      0.586730      
135      0.484041      0.037232      0.103749      1.489056      -0.586952      0.582458      
136      0.484511      0.037182      0.103419      1.489612      -0.584969      0.580473      
137      0.485001      0.037162      0.102879      1.491143      -0.579469      0.574966      
138      0.485501      0.037242      0.102309      1.493426      -0.571161      0.566649      
139      0.486241      0.037432      0.101659      1.496065      -0.561401      0.556877      
140      0.486471      0.037502      0.101339      1.497524      -0.555926      0.551395      
141      0.486871      0.037622      0.100979      1.499689      -0.547695      0.543155      
142      0.487351      0.037742      0.100609      1.503427      -0.533172      0.528616      
143      0.487801      0.037842      0.100059      1.505225      -0.526036      0.521472      
144      0.488191      0.037982      0.099599      1.506401      -0.521314      0.516745      
145      0.488681      0.038122      0.098779      1.508587      -0.512418      0.507839      
146      0.489201      0.038172      0.098059      1.510080      -0.506247      0.501661      
147      0.489841      0.038322      0.097279      1.512403      -0.496482      0.491887      
148      0.490271      0.038342      0.096559      1.514753      -0.486403      0.481796      
149      0.490641      0.038292      0.096059      1.516127      -0.480405      0.475792      
150      0.490831      0.038322      0.095799      1.516939      -0.476825      0.472209      
151      0.491211      0.038162      0.095229      1.518700      -0.468965      0.464340      
152      0.491561      0.038042      0.095019      1.519757      -0.464177      0.459548      
153      0.491841      0.037992      0.094829      1.521012      -0.458431      0.453796      
154      0.492211      0.037822      0.094409      1.523639      -0.446148      0.441501      
155      0.492691      0.037622      0.093929      1.525280      -0.438294      0.433639      
156      0.492981      0.037562      0.093499      1.526491      -0.432410      0.427749      
157      0.493221      0.037602      0.093179      1.527602      -0.426930      0.422264      
158      0.493381      0.037642      0.092979      1.527857      -0.425667      0.421000      
159      0.493671      0.037692      0.092419      1.529539      -0.417207      0.412532      
160      0.493991      0.037732      0.091999      1.531128      -0.409057      0.404375      
161      0.494271      0.037832      0.091609      1.532390      -0.402457      0.397769      
162      0.494591      0.037902      0.091089      1.533692      -0.395536      0.390841      
163      0.495081      0.037962      0.090339      1.535677      -0.384734      0.380030      
164      0.495301      0.038002      0.089749      1.536735      -0.378848      0.374138      
165      0.495481      0.037972      0.089429      1.537681      -0.373507      0.368793      
166      0.495781      0.037932      0.089129      1.538508      -0.368774      0.364056      
167      0.496041      0.037782      0.088629      1.539280      -0.364299      0.359577      
168      0.496181      0.037682      0.088449      1.540079      -0.359604      0.354878      
169      0.496651      0.037392      0.088119      1.541601      -0.350487      0.345753      
170      0.497141      0.037062      0.087749      1.543013      -0.341812      0.337071      
171      0.497511      0.036762      0.087479      1.543554      -0.338428      0.333684      
172      0.498101      0.036312      0.086959      1.544867      -0.330063      0.325313      
173      0.498531      0.035962      0.086549      1.547224      -0.314494      0.309731      
174      0.499051      0.035582      0.086269      1.548633      -0.304795      0.300024      
175      0.499521      0.035222      0.085719      1.549427      -0.299193      0.294418      
176      0.499971      0.034812      0.085329      1.550856      -0.288833      0.284050      
177      0.500481      0.034352      0.085099      1.552218      -0.278603      0.273813      
178      0.500711      0.034122      0.084889      1.552656      -0.275229      0.270437      
179      0.501031      0.033742      0.084679      1.553007      -0.272497      0.267703      
180      0.501501      0.033242      0.084469      1.553910      -0.265333      0.260533      
181      0.501741      0.033002      0.084409      1.554191      -0.263062      0.258261      
182      0.501991      0.032792      0.084479      1.554621      -0.259554      0.254751      
183      0.502211      0.032612      0.084389      1.555454      -0.252615      0.247807      
184      0.502331      0.032552      0.084419      1.556017      -0.247814      0.243003      
185      0.502481      0.032612      0.084519      1.556322      -0.245174      0.240361      
186      0.502551      0.032682      0.084419      1.556477      -0.243819      0.239005      
187      0.502761      0.032942      0.084069      1.556876      -0.240302      0.235485      
188      0.502861      0.033162      0.083529      1.557336      -0.236189      0.231370      
189      0.503011      0.033402      0.083139      1.557724      -0.232655      0.227834      
190      0.503101      0.033732      0.082719      1.558007      -0.230038      0.225215      
191      0.503141      0.034092      0.082199      1.558045      -0.229694      0.224870      
192      0.503181      0.034442      0.081649      1.558033      -0.229803      0.224980      
193      0.503251      0.034762      0.081289      1.558552      -0.224930      0.220103      
194      0.503311      0.035092      0.081049      1.558925      -0.221364      0.216535      
195      0.503351      0.035552      0.080459      1.559917      -0.211583      0.206748      
196      0.503361      0.035682      0.080319      1.560301      -0.207680      0.202842      
197      0.503401      0.035862      0.080039      1.560628      -0.204286      0.199446      
198      0.503411      0.036022      0.079859      1.561157      -0.198688      0.193845      
199      0.503411      0.036102      0.079759      1.561873      -0.190848      0.186001      
200      0.503401      0.036112      0.079729      1.562319      -0.185791      0.180940      
201      0.503401      0.036112      0.079649      1.562954      -0.178349      0.173494      
202      0.503401      0.036082      0.079669      1.563636      -0.169997      0.165137      
203      0.503331      0.036062      0.079539      1.563992      -0.165480      0.160617      
204      0.503331      0.036052      0.079479      1.564253      -0.162083      0.157219      
205      0.503341      0.036052      0.079409      1.564592      -0.157565      0.152698      
206      0.503341      0.036102      0.079279      1.565365      -0.146732      0.141859      
207      0.503291      0.036192      0.079179      1.565616      -0.143045      0.138170      
208      0.503271      0.036212      0.078949      1.565644      -0.142629      0.137754      
209      0.503291      0.036272      0.078669      1.566029      -0.136760      0.131882      
210      0.503431      0.036252      0.078469      1.566145      -0.134948      0.130069      
211      0.503481      0.036262      0.078229      1.566037      -0.136642      0.131764      
212      0.503531      0.036252      0.077659      1.566013      -0.137003      0.132125      
213      0.503611      0.036162      0.077289      1.566029      -0.136760      0.131882      
214      0.503621      0.036152      0.077259      1.566093      -0.135764      0.130885      
215      0.503591      0.036162      0.077069      1.566274      -0.132892      0.128012      
216      0.503661      0.036092      0.076999      1.566357      -0.131550      0.126669      
217      0.503711      0.036032      0.076889      1.566421      -0.130514      0.125633      
218      0.503741      0.035912      0.076689      1.566439      -0.130232      0.125351      
219      0.503801      0.035752      0.076609      1.566606      -0.127462      0.122579      
220      0.503851      0.035642      0.076749      1.566937      -0.121812      0.116927      
221      0.503861      0.035582      0.076689      1.567038      -0.120047      0.115160      
222      0.503821      0.035622      0.076599      1.567121      -0.118571      0.113684      
223      0.503801      0.035632      0.076619      1.567215      -0.116876      0.111988      
224      0.503831      0.035642      0.076629      1.567262      -0.116021      0.111132      
225      0.503881      0.035572      0.076699      1.567268      -0.115911      0.111022      
226      0.503891      0.035572      0.076619      1.567303      -0.115267      0.110378      
227      0.503921      0.035502      0.076479      1.567306      -0.115197      0.110308      
228      0.503921      0.035502      0.076479      1.567514      -0.111296      0.106405      
229      0.503951      0.035402      0.076489      1.567877      -0.104154      0.099260      
230      0.503981      0.035392      0.076429      1.567789      -0.105936      0.101043      
231      0.503981      0.035372      0.076399      1.567876      -0.104170      0.099276      
232      0.503991      0.035332      0.076449      1.567926      -0.103150      0.098255      
233      0.503981      0.035332      0.076359      1.567908      -0.103518      0.098624      
234      0.503951      0.035372      0.076339      1.568106      -0.099390      0.094494      
235      0.504021      0.035372      0.076539      1.568419      -0.092459      0.087560      
236      0.504041      0.035382      0.076409      1.568496      -0.090693      0.085793      
237      0.504001      0.035372      0.076399      1.568622      -0.087695      0.082793      
238      0.504001      0.035332      0.076429      1.568970      -0.078879      0.073974      
239      0.504011      0.035262      0.076369      1.569136      -0.074318      0.069411      
240      0.503891      0.035262      0.076309      1.569312      -0.069137      0.064227      
241      0.503771      0.035262      0.075949      1.569352      -0.067896      0.062986      
242      0.503731      0.035262      0.075859      1.569347      -0.068053      0.063143      
243      0.503681      0.035252      0.075829      1.569428      -0.065518      0.060606      
244      0.503591      0.035252      0.075609      1.569402      -0.066342      0.061431      
245      0.503521      0.035242      0.075479      1.569440      -0.065133      0.060222      
246      0.503441      0.035272      0.075509      1.569484      -0.063680      0.058768      
247      0.503351      0.035292      0.075219      1.569467      -0.064269      0.059358      
248      0.503321      0.035292      0.075209      1.569589      -0.060124      0.055211      
249      0.503311      0.035312      0.075009      1.569598      -0.059841      0.054928      
250      0.503291      0.035342      0.074949      1.569605      -0.059574      0.054661      
251      0.503271      0.035382      0.074929      1.569624      -0.058907      0.053993      
252      0.503261      0.035402      0.074819      1.569615      -0.059237      0.054323      
253      0.503281      0.035402      0.074789      1.569661      -0.057588      0.052674      
254      0.503281      0.035422      0.074829      1.569718      -0.055460      0.050545      
255      0.503281      0.035442      0.074769      1.569690      -0.056520      0.051605      
256      0.503291      0.035442      0.074799      1.569702      -0.056057      0.051142      
257      0.503281      0.035442      0.074919      1.569910      -0.047695      0.042777      
258      0.503291      0.035442      0.074909      1.569908      -0.047805      0.042887      
259      0.503251      0.035412      0.074689      1.569909      -0.047735      0.042816      
260      0.503231      0.035412      0.074659      1.569913      -0.047593      0.042675      
261      0.503211      0.035352      0.074609      1.569945      -0.046172      0.041253      
262      0.503111      0.035342      0.074509      1.570024      -0.042482      0.037561      
263      0.502981      0.035322      0.074439      1.570095      -0.038854      0.033933      
264      0.502951      0.035242      0.074389      1.570110      -0.038030      0.033108      
265      0.502851      0.035222      0.074219      1.570166      -0.034881      0.029958      
266      0.502781      0.035132      0.074109      1.570178      -0.034175      0.029251      
267      0.502721      0.035122      0.073979      1.570178      -0.034198      0.029275      
268      0.502511      0.035112      0.073709      1.570231      -0.030814      0.025889      
269      0.502421      0.035042      0.073709      1.570288      -0.026809      0.021883      
270      0.502201      0.035032      0.073429      1.570297      -0.026165      0.021239      
271      0.502001      0.035022      0.073339      1.570333      -0.023174      0.018246      
272      0.501921      0.034982      0.073359      1.570374      -0.019350      0.014421      
273      0.501771      0.034962      0.073109      1.570386      -0.018085      0.013156      
274      0.501621      0.034922      0.072989      1.570414      -0.014772      0.009841      
275      0.501401      0.034832      0.072649      1.570448      -0.009550      0.004618      
276      0.501161      0.034812      0.072429      1.570451      -0.008929      0.003997      
277      0.501051      0.034802      0.072339      1.570449      -0.009322      0.004390      
278      0.500821      0.034762      0.072089      1.570462      -0.006448      0.001515      
279      0.500481      0.034752      0.071709      1.570472      -0.003401      -0.001533      
280      0.500191      0.034762      0.071339      1.570459      -0.007288      0.002355      
281      0.499991      0.034792      0.071129      1.570458      -0.007571      0.002638      
282      0.499871      0.034812      0.071059      1.570459      -0.007335      0.002403      
283      0.499741      0.034772      0.070889      1.570450      -0.009134      0.004201      
284      0.499561      0.034752      0.070759      1.570456      -0.007877      0.002945      
285      0.499401      0.034722      0.070749      1.570467      -0.005278      0.000345      
286      0.499241      0.034682      0.070669      1.570468      -0.004830      -0.000103      
287      0.499041      0.034632      0.070439      1.570469      -0.004414      -0.000520      
288      0.498931      0.034482      0.070299      1.570478      0.002056      -0.006992      
289      0.498821      0.034332      0.070089      1.570466      0.009241      -0.014180      
290      0.498621      0.034252      0.070039      1.570461      0.010459      -0.015397      
291      0.498321      0.034262      0.069769      1.570457      0.011385      -0.016324      
292      0.498031      0.034272      0.069449      1.570415      0.018366      -0.023307      
293      0.497611      0.034342      0.068999      1.570406      0.019568      -0.024509      
294      0.497211      0.034532      0.068599      1.570407      0.019379      -0.024320      
295      0.497011      0.034632      0.068459      1.570408      0.019356      -0.024297      
296      0.496861      0.034742      0.068279      1.570417      0.018115      -0.023056      
297      0.496571      0.034902      0.067969      1.570393      0.021060      -0.026001      
298      0.496501      0.034912      0.068029      1.570391      0.021335      -0.026276      
299      0.496391      0.034892      0.067819      1.570371      0.023368      -0.028311      
300      0.496311      0.034822      0.067849      1.570361      0.024342      -0.029285      
301      0.496291      0.034692      0.067999      1.570344      0.025968      -0.030911      
302      0.496291      0.034522      0.068109      1.570259      0.032627      -0.037572      
303      0.496201      0.034412      0.068369      1.570189      0.037213      -0.042159      
304      0.496161      0.034352      0.068319      1.570146      0.039773      -0.044719      
305      0.496201      0.034232      0.068319      1.569975      0.048512      -0.053461      
306      0.496251      0.034122      0.068349      1.569918      0.051072      -0.056022      
307      0.496271      0.034012      0.068419      1.569895      0.052085      -0.057035      
308      0.496241      0.033952      0.068419      1.569851      0.053946      -0.058896      
309      0.496381      0.033772      0.068569      1.569688      0.060306      -0.065258      
310      0.496511      0.033652      0.068639      1.569630      0.062419      -0.067371      
311      0.496511      0.033652      0.068709      1.569632      0.062316      -0.067269      
312      0.496561      0.033602      0.068789      1.569672      0.060872      -0.065824      
313      0.496571      0.033572      0.068799      1.569597      0.063589      -0.068541      
314      0.496651      0.033522      0.068929      1.569415      0.069658      -0.074612      
315      0.496781      0.033452      0.069029      1.569420      0.069485      -0.074439      
316      0.496891      0.033412      0.069199      1.569446      0.068637      -0.073591      
317      0.496901      0.033452      0.069249      1.569433      0.069053      -0.074007      
318      0.496981      0.033462      0.069349      1.569450      0.068527      -0.073481      
319      0.497011      0.033442      0.069399      1.569352      0.071629      -0.076583      
320      0.497091      0.033422      0.069549      1.569336      0.072108      -0.077062      
321      0.497171      0.033372      0.069609      1.569297      0.073293      -0.078248      
322      0.497231      0.033342      0.069639      1.569019      0.081278      -0.086235      
323      0.497291      0.033302      0.069709      1.568931      0.083626      -0.088583      
324      0.497471      0.033212      0.069899      1.568974      0.082472      -0.087428      
325      0.497581      0.033232      0.070089      1.568944      0.083281      -0.088237      
326      0.497651      0.033262      0.070159      1.568963      0.082762      -0.087719      
327      0.497721      0.033362      0.070239      1.568983      0.082228      -0.087185      
328      0.497791      0.033452      0.070339      1.568923      0.083838      -0.088795      
329      0.497811      0.033472      0.070379      1.568864      0.085377      -0.090334      
330      0.497891      0.033462      0.070529      1.568868      0.085283      -0.090240      
331      0.497921      0.033462      0.070469      1.568828      0.086295      -0.091253      
332      0.497941      0.033492      0.070519      1.568836      0.086091      -0.091049      
333      0.498081      0.033472      0.070709      1.568875      0.085086      -0.090043      
334      0.498231      0.033402      0.070779      1.568886      0.084804      -0.089761      
335      0.498321      0.033352      0.070919      1.568934      0.083540      -0.088496      
336      0.498461      0.033372      0.071079      1.568928      0.083712      -0.088669      
337      0.498561      0.033372      0.071209      1.568957      0.082935      -0.087892      
338      0.498591      0.033392      0.071269      1.568945      0.083241      -0.088198      
339      0.498651      0.033402      0.071349      1.568961      0.082833      -0.087790      
340      0.498761      0.033402      0.071519      1.568910      0.084176      -0.089132      
341      0.498761      0.033442      0.071469      1.568865      0.085361      -0.090318      
342      0.498841      0.033392      0.071599      1.568908      0.084231      -0.089187      
343      0.498921      0.033342      0.071639      1.568947      0.083202      -0.088159      
344      0.498971      0.033292      0.071609      1.568889      0.084725      -0.089682      
345      0.499041      0.033232      0.071589      1.568923      0.083838      -0.088795      
346      0.499121      0.033182      0.071559      1.568936      0.083500      -0.088457      
347      0.499161      0.033172      0.071599      1.568946      0.083233      -0.088190      
348      0.499181      0.033192      0.071589      1.569013      0.081435      -0.086392      
349      0.499221      0.033222      0.071579      1.569000      0.081773      -0.086730      
350      0.499261      0.033182      0.071689      1.568970      0.082590      -0.087546      
351      0.499261      0.033172      0.071699      1.568970      0.082590      -0.087546      
352      0.499311      0.033122      0.071939      1.568953      0.083029      -0.087986      
353      0.499321      0.033082      0.071979      1.568976      0.082433      -0.087389      
354      0.499391      0.033032      0.072079      1.568974      0.082480      -0.087436      
355      0.499451      0.033022      0.072039      1.569023      0.081153      -0.086109      
356      0.499471      0.033032      0.072029      1.568965      0.082723      -0.087680      
357      0.499521      0.033012      0.072159      1.568835      0.086131      -0.091088      
358      0.499641      0.033012      0.072279      1.568802      0.086971      -0.091928      
359      0.499661      0.033052      0.072299      1.568809      0.086782      -0.091740      
360      0.499721      0.033102      0.072409      1.568828      0.086295      -0.091253      
361      0.499801      0.033132      0.072519      1.568831      0.086217      -0.091174      
362      0.499821      0.033152      0.072529      1.568856      0.085573      -0.090530      
363      0.499811      0.033152      0.072539      1.568857      0.085565      -0.090522      
364      0.499831      0.033152      0.072569      1.568884      0.084851      -0.089808      
365      0.499851      0.033102      0.072569      1.568864      0.085369      -0.090326      
366      0.499851      0.033102      0.072569      1.568864      0.085369      -0.090326      
367      0.499881      0.033102      0.072599      1.568894      0.084592      -0.089549      
368      0.499871      0.033082      0.072569      1.568934      0.083555      -0.088512      
369      0.499871      0.033082      0.072529      1.568972      0.082527      -0.087483      
370      0.499911      0.033132      0.072589      1.568965      0.082715      -0.087672      
371      0.499891      0.033142      0.072509      1.568934      0.083532      -0.088489      
372      0.499891      0.033142      0.072629      1.568899      0.084458      -0.089415      
373      0.499921      0.033152      0.072679      1.568907      0.084246      -0.089203      
374      0.499921      0.033152      0.072659      1.568907      0.084262      -0.089219      
375      0.499921      0.033132      0.072689      1.568929      0.083665      -0.088622      
376      0.499921      0.033152      0.072679      1.568929      0.083665      -0.088622      
377      0.499941      0.033152      0.072689      1.568912      0.084121      -0.089078      
378      0.499991      0.033162      0.072759      1.568927      0.083720      -0.088677      
379      0.500051      0.033182      0.072809      1.568881      0.084945      -0.089902      
380      0.500051      0.033202      0.072769      1.568880      0.084969      -0.089926      
381      0.500061      0.033242      0.072789      1.568927      0.083736      -0.088693      
382      0.500071      0.033262      0.072879      1.568848      0.085777      -0.090734      
383      0.500061      0.033302      0.072909      1.568849      0.085762      -0.090719      
384      0.500081      0.033342      0.072829      1.568892      0.084639      -0.089596      
385      0.500081      0.033362      0.072909      1.568856      0.085573      -0.090530      
386      0.500071      0.033452      0.072839      1.568895      0.084560      -0.089517      
387      0.500081      0.033452      0.072879      1.568898      0.084482      -0.089439      
388      0.500081      0.033452      0.072839      1.568940      0.083390      -0.088347      
389      0.500081      0.033452      0.072839      1.569003      0.081702      -0.086659      
390      0.500081      0.033452      0.072869      1.569003      0.081695      -0.086651      
391      0.500081      0.033452      0.072849      1.569003      0.081695      -0.086651      
392      0.500101      0.033502      0.072849      1.569048      0.080462      -0.085418      
393      0.500121      0.033522      0.072829      1.569052      0.080352      -0.085308      
394      0.500111      0.033572      0.072829      1.569052      0.080360      -0.085316      
395      0.500151      0.033602      0.072879      1.569062      0.080101      -0.085057      
396      0.500191      0.033602      0.072989      1.569116      0.078570      -0.083525      
397      0.500261      0.033602      0.073059      1.569304      0.073097      -0.078052      
398      0.500441      0.033562      0.073189      1.569394      0.070310      -0.075264      
399      0.500501      0.033552      0.073289      1.569374      0.070946      -0.075900      
400      0.500661      0.033522      0.073599      1.569380      0.070742      -0.075696      
401      0.500741      0.033532      0.073719      1.569418      0.069548      -0.074502      
402      0.500771      0.033592      0.073779      1.569393      0.070325      -0.075279      
403      0.500881      0.033632      0.073929      1.569419      0.069525      -0.074478      
404      0.500871      0.033642      0.073909      1.569417      0.069580      -0.074533      
405      0.500871      0.033642      0.073969      1.569438      0.068904      -0.073858      
406      0.500931      0.033652      0.073929      1.569481      0.067507      -0.072460      
407      0.500961      0.033662      0.073949      1.569552      0.065112      -0.070065      
408      0.500971      0.033662      0.073979      1.569665      0.061131      -0.066083      
409      0.500971      0.033742      0.073959      1.569928      0.050617      -0.055566      
410      0.501061      0.033792      0.074119      1.570038      0.045458      -0.050406      
411      0.501311      0.033782      0.074449      1.570087      0.043000      -0.047947      
412      0.501391      0.033932      0.074499      1.570220      0.035242      -0.040187      
413      0.501461      0.034172      0.074659      1.570279      0.031198      -0.036142      
414      0.501531      0.034432      0.074789      1.570355      0.024955      -0.029897      
415      0.501491      0.034712      0.074799      1.570402      0.020039      -0.024980      
416      0.501481      0.034822      0.074819      1.570424      0.017251      -0.022192      
417      0.501511      0.034982      0.074849      1.570469      0.008189      -0.013127      
418      0.501571      0.035032      0.074929      1.570478      0.000596      -0.005531      
419      0.501691      0.035012      0.075049      1.570461      -0.006809      0.001876      
420      0.501711      0.034992      0.074959      1.570339      -0.022710      0.017783      
421      0.501801      0.034932      0.075039      1.570176      -0.034277      0.029353      
422      0.501891      0.034832      0.074929      1.569949      -0.045984      0.041065      
423      0.502021      0.034772      0.075099      1.569622      -0.058986      0.054072      
424      0.502151      0.034692      0.075639      1.569413      -0.065996      0.061085      
425      0.502301      0.034622      0.075739      1.569166      -0.073462      0.068555      
426      0.502381      0.034572      0.075859      1.568838      -0.082333      0.077429      
427      0.502431      0.034582      0.076119      1.568329      -0.094508      0.089609      
428      0.502471      0.034592      0.076129      1.567719      -0.107317      0.102425      
429      0.502661      0.034422      0.076419      1.566576      -0.127964      0.123082      
430      0.502771      0.034282      0.076879      1.565479      -0.145077      0.140203      
431      0.503071      0.033982      0.077419      1.564565      -0.157918      0.153052      
432      0.503161      0.033882      0.077929      1.563585      -0.170640      0.165781      
433      0.503261      0.033762      0.078349      1.562009      -0.189312      0.184463      
434      0.503341      0.033652      0.078649      1.561126      -0.199018      0.194175      
435      0.503391      0.033562      0.079099      1.559653      -0.214232      0.209399      
436      0.503491      0.033442      0.079519      1.558456      -0.225839      0.221012      
437      0.503571      0.033422      0.080099      1.556687      -0.241978      0.237163      
438      0.503441      0.033472      0.080559      1.553811      -0.266124      0.261325      
439      0.503371      0.033452      0.081039      1.550758      -0.289560      0.284779      
440      0.503191      0.033482      0.081449      1.547950      -0.309535      0.304769      
441      0.503071      0.033462      0.081779      1.545937      -0.323089      0.318333      
442      0.502981      0.033432      0.082259      1.543862      -0.336481      0.331736      
443      0.502931      0.033442      0.082349      1.542367      -0.345806      0.341068      
444      0.502901      0.033442      0.082219      1.539076      -0.365486      0.360765      
445      0.502871      0.033392      0.082309      1.535985      -0.383032      0.378326      
446      0.502811      0.033372      0.082259      1.533559      -0.396246      0.391552      
447      0.502671      0.033312      0.082439      1.530507      -0.412263      0.407583      
448      0.502501      0.033302      0.082679      1.527698      -0.426454      0.421788      
449      0.502411      0.033232      0.082899      1.525951      -0.435044      0.430386      
450      0.502261      0.033082      0.083439      1.522941      -0.449443      0.444799      
451      0.502181      0.033032      0.083609      1.521342      -0.456904      0.452268      
452      0.502131      0.032852      0.083789      1.518129      -0.471525      0.466904      
453      0.502051      0.032572      0.084349      1.515188      -0.484513      0.479904      
454      0.501801      0.032272      0.085309      1.512746      -0.495028      0.490431      
455      0.501601      0.031972      0.086189      1.510527      -0.504381      0.499794      
456      0.501321      0.031692      0.086829      1.507885      -0.515293      0.510717      
457      0.501171      0.031212      0.087609      1.505623      -0.524444      0.519878      
458      0.501121      0.031012      0.088119      1.505194      -0.526160      0.521597      
459      0.500961      0.030692      0.089059      1.503883      -0.531371      0.526813      
460      0.500801      0.030382      0.089829      1.501398      -0.541106      0.536559      
461      0.500621      0.030072      0.090599      1.499416      -0.548742      0.544203      
462      0.500341      0.029772      0.091409      1.495965      -0.561773      0.557249      
463      0.500171      0.029612      0.092049      1.493494      -0.570913      0.566401      
464      0.500061      0.029512      0.092449      1.492088      -0.576044      0.571537      
465      0.499991      0.029382      0.092709      1.489173      -0.586534      0.582039      
466      0.500031      0.029312      0.092769      1.483990      -0.604712      0.600240      
467      0.499891      0.029352      0.092829      1.478541      -0.623214      0.618765      
468      0.499761      0.029412      0.092919      1.476225      -0.630905      0.626465      
469      0.499581      0.029452      0.093099      1.472553      -0.642896      0.638471      
470      0.499371      0.029322      0.093199      1.469429      -0.652910      0.648499      
471      0.498991      0.029092      0.093609      1.465284      -0.665951      0.661557      
472      0.498631      0.028932      0.093959      1.463214      -0.672360      0.667974      
473      0.498411      0.028682      0.094409      1.460271      -0.681364      0.676991      
474      0.498221      0.028392      0.094869      1.456366      -0.693114      0.688756      
475      0.498121      0.027982      0.095259      1.453579      -0.701368      0.697022      
476      0.498071      0.027772      0.095539      1.452564      -0.704347      0.700005      
477      0.497761      0.027492      0.096359      1.450222      -0.711173      0.706840      
478      0.497411      0.027262      0.097159      1.447376      -0.719372      0.715051      
479      0.497211      0.026922      0.097609      1.445919      -0.723532      0.719217      
480      0.496951      0.026462      0.097809      1.440890      -0.737687      0.733392      
481      0.496901      0.026112      0.097889      1.438022      -0.745627      0.741344      
482      0.496651      0.026022      0.097899      1.435091      -0.753648      0.749376      
483      0.496381      0.025902      0.097659      1.433640      -0.757584      0.753318      
484      0.496051      0.025712      0.097749      1.431304      -0.763873      0.759617      
485      0.495731      0.025582      0.097849      1.428995      -0.770037      0.765790      
486      0.495621      0.025482      0.097949      1.428327      -0.771808      0.767563      
487      0.495191      0.025322      0.098369      1.424972      -0.780642      0.776411      
488      0.494921      0.024992      0.098609      1.420550      -0.792120      0.787906      
489      0.494621      0.024672      0.098859      1.418554      -0.797239      0.793033      
490      0.494261      0.024372      0.099089      1.415869      -0.804070      0.799875      
491      0.493941      0.023992      0.099229      1.414659      -0.807129      0.802938      
492      0.493531      0.023652      0.099559      1.412296      -0.813061      0.808879      
493      0.493261      0.023202      0.099619      1.408922      -0.821450      0.817282      
494      0.493101      0.022972      0.099579      1.407782      -0.824260      0.820097      
495      0.492641      0.022522      0.099699      1.405007      -0.831062      0.826910      
496      0.492431      0.021972      0.099739      1.400613      -0.841706      0.837570      
497      0.492151      0.020952      0.099759      1.395632      -0.853591      0.849475      
498      0.491811      0.020392      0.099599      1.393970      -0.857514      0.853405      
499      0.491341      0.019952      0.099309      1.391336      -0.863691      0.859591      
500      0.490791      0.019582      0.099279      1.387833      -0.871827      0.867742      
501      0.490271      0.019332      0.099159      1.384036      -0.880552      0.876481      
502      0.489991      0.019242      0.099099      1.381816      -0.885608      0.881545      
503      0.489351      0.019132      0.099149      1.375083      -0.900740      0.896703      
504      0.488861      0.019052      0.099239      1.369174      -0.913783      0.909769      
505      0.488171      0.018852      0.099519      1.362853      -0.927501      0.923511      
506      0.487571      0.018782      0.100069      1.360190      -0.933211      0.929231      
507      0.487011      0.018782      0.100849      1.358100      -0.937662      0.933690      
508      0.486571      0.018762      0.101679      1.355499      -0.943170      0.939209      
509      0.486081      0.018742      0.102389      1.351109      -0.952380      0.948435      
510      0.485621      0.018742      0.103259      1.347342      -0.960200      0.956270      
511      0.485241      0.018742      0.104099      1.344532      -0.965984      0.962064      
512      0.485031      0.018702      0.104499      1.343475      -0.968151      0.964235      
513      0.484481      0.018672      0.105439      1.340981      -0.973237      0.969330      
514      0.483921      0.018682      0.106359      1.333837      -0.987637      0.983757      
515      0.483611      0.018622      0.106999      1.328249      -0.998729      0.994870      
516      0.483361      0.018612      0.107539      1.324855      -1.005395      1.001549      
517      0.483211      0.018582      0.107979      1.319950      -1.014936      1.011108      
