198      0.477661      0.024862      0.136769      1.320890      -1.013117      1.009286      
199      0.478011      0.024952      0.136859      1.322705      -1.009591      1.005754      
200      0.478621      0.025132      0.137059      1.324824      -1.005455      1.001610      
201      0.479261      0.025332      0.137209      1.326870      -1.001446      0.997592      
202      0.479801      0.025552      0.137329      1.328650      -0.997939      0.994079      
203      0.480281      0.025812      0.137329      1.332017      -0.991268      0.987395      
204      0.480901      0.026072      0.137429      1.336117      -0.983070      0.979182      
205      0.481951      0.026562      0.137639      1.345682      -0.963621      0.959697      
206      0.482851      0.026882      0.137979      1.350779      -0.953068      0.949124      
207      0.483531      0.027202      0.138119      1.354885      -0.944464      0.940504      
208      0.483931      0.027462      0.138099      1.358268      -0.937306      0.933334      
209      0.484081      0.027592      0.138059      1.359260      -0.935194      0.931218      
210      0.484361      0.027862      0.138009      1.360841      -0.931818      0.927836      
211      0.484661      0.028122      0.137979      1.363476      -0.926160      0.922168      
212      0.485011      0.028372      0.137939      1.365436      -0.921925      0.917925      
213      0.485471      0.028622      0.137809      1.368088      -0.916156      0.912146      
214      0.485981      0.028882      0.137649      1.371223      -0.909285      0.905263      
215      0.486571      0.029182      0.137499      1.373562      -0.904118      0.900087      
216      0.487401      0.029692      0.137169      1.377172      -0.896078      0.892033      
217      0.487971      0.030072      0.136939      1.378695      -0.892660      0.888609      
218      0.488241      0.030242      0.136859      1.379848      -0.890061      0.886006      
219      0.488841      0.030592      0.136819      1.381625      -0.886041      0.881979      
220      0.489471      0.030912      0.136779      1.384645      -0.879161      0.875087      
221      0.490201      0.031222      0.136709      1.387151      -0.873402      0.869319      
222      0.490911      0.031502      0.136609      1.391893      -0.862389      0.858287      
223      0.491811      0.031772      0.136349      1.395174      -0.854673      0.850558      
224      0.492531      0.031982      0.136179      1.398966      -0.845656      0.841527      
225      0.493601      0.032202      0.135839      1.401955      -0.838472      0.834331      
226      0.494151      0.032292      0.135609      1.404666      -0.831894      0.827743      
227      0.494411      0.032322      0.135439      1.405879      -0.828933      0.824777      
228      0.494841      0.032342      0.135089      1.408631      -0.822168      0.818001      
229      0.495241      0.032392      0.134749      1.412100      -0.813550      0.809369      
230      0.495651      0.032452      0.134419      1.414634      -0.807190      0.802999      
231      0.496101      0.032512      0.134199      1.416539      -0.802372      0.798174      
232      0.496391      0.032542      0.134139      1.418375      -0.797698      0.793493      
233      0.496911      0.032502      0.134149      1.422762      -0.786401      0.782179      
234      0.497121      0.032462      0.134169      1.423617      -0.784181      0.779955      
235      0.497491      0.032382      0.134139      1.424946      -0.780711      0.776480      
236      0.497731      0.032322      0.134049      1.427005      -0.775302      0.771063      
237      0.498001      0.032322      0.133799      1.429758      -0.768006      0.763756      
238      0.498111      0.032392      0.133569      1.433271      -0.758581      0.754317      
239      0.498321      0.032482      0.133399      1.434767      -0.754530      0.750260      
240      0.498481      0.032572      0.133349      1.437190      -0.747915      0.743635      
241      0.498641      0.032622      0.133359      1.440025      -0.740091      0.735799      
242      0.498721      0.032642      0.133389      1.441309      -0.736519      0.732223      
243      0.498961      0.032642      0.133459      1.443905      -0.729235      0.724928      
244      0.499331      0.032612      0.133639      1.444566      -0.727368      0.723058      
245      0.499441      0.032592      0.133559      1.446056      -0.723140      0.718824      
246      0.499521      0.032532      0.133509      1.446658      -0.721425      0.717107      
247      0.499551      0.032492      0.133439      1.448170      -0.717096      0.712772      
248      0.499631      0.032432      0.133339      1.451117      -0.708572      0.704236      
249      0.499701      0.032382      0.133159      1.452570      -0.704332      0.699989      
250      0.499781      0.032362      0.133059      1.453495      -0.701614      0.697269      
251      0.499981      0.032312      0.133009      1.454542      -0.698527      0.694177      
252      0.500041      0.032222      0.132949      1.457085      -0.690965      0.686604      
253      0.500241      0.032092      0.132899      1.459676      -0.683168      0.678797      
254      0.500431      0.031932      0.132759      1.462296      -0.675182      0.670800      
255      0.500531      0.031772      0.132629      1.464981      -0.666892      0.662499      
256      0.500571      0.031672      0.132539      1.465974      -0.663799      0.659402      
257      0.500611      0.031522      0.132269      1.469133      -0.653852      0.649442      
258      0.500651      0.031482      0.132219      1.469706      -0.652030      0.647618      
259      0.500781      0.031492      0.131899      1.472316      -0.643660      0.639237      
260      0.501141      0.031532      0.131639      1.473718      -0.639119      0.634689      
261      0.501571      0.031632      0.131359      1.475948      -0.631817      0.627379      
262      0.502021      0.031752      0.131009      1.477136      -0.627891      0.623447      
263      0.502341      0.031922      0.130679      1.479510      -0.619967      0.615513      
264      0.502841      0.032122      0.130349      1.481250      -0.614089      0.609628      
265      0.503021      0.032222      0.130149      1.482515      -0.609780      0.605314      
266      0.503091      0.032262      0.130149      1.483115      -0.607722      0.603253      
267      0.503211      0.032342      0.130209      1.484690      -0.602290      0.597814      
268      0.503401      0.032372      0.130289      1.486058      -0.597529      0.593048      
269      0.503701      0.032412      0.130389      1.488313      -0.589593      0.585102      
270      0.503991      0.032452      0.130389      1.489282      -0.586147      0.581652      
271      0.504121      0.032482      0.130159      1.492680      -0.573890      0.569380      
272      0.504391      0.032382      0.130059      1.494522      -0.567131      0.562613      
273      0.504151      0.032192      0.129829      1.496337      -0.560385      0.555860      
274      0.503861      0.031892      0.129579      1.497116      -0.557461      0.552933      
275      0.503641      0.031742      0.129369      1.497838      -0.554739      0.550207      
276      0.503511      0.031452      0.129169      1.499245      -0.549394      0.544856      
277      0.503711      0.031152      0.129169      1.501020      -0.542573      0.538027      
278      0.504201      0.030902      0.129289      1.502862      -0.535393      0.530839      
279      0.504791      0.030632      0.129409      1.504567      -0.528661      0.524100      
280      0.505261      0.030352      0.129349      1.505904      -0.523318      0.518751      
281      0.505801      0.029942      0.129099      1.507828      -0.515526      0.510950      
282      0.505941      0.029832      0.128999      1.508793      -0.511571      0.506991      
283      0.506451      0.029662      0.128909      1.509833      -0.507273      0.502689      
284      0.507111      0.029572      0.128859      1.511086      -0.502041      0.497452      
285      0.507901      0.029522      0.128789      1.512641      -0.495471      0.490875      
286      0.508481      0.029522      0.128599      1.513448      -0.492026      0.487426      
287      0.508651      0.029552      0.128009      1.515545      -0.482957      0.478347      
288      0.508911      0.029762      0.127289      1.518039      -0.471930      0.467309      
289      0.509111      0.029952      0.127079      1.518836      -0.468350      0.463725      
290      0.509141      0.030122      0.126919      1.519658      -0.464628      0.460000      
291      0.509391      0.030402      0.126929      1.520468      -0.460930      0.456298      
292      0.509471      0.030632      0.127029      1.521786      -0.454848      0.450210      
293      0.509411      0.030882      0.127079      1.523264      -0.447924      0.443279      
294      0.509441      0.031082      0.127159      1.523731      -0.445711      0.441064      
295      0.509291      0.031322      0.127129      1.524902      -0.440117      0.435464      
296      0.509061      0.031562      0.127089      1.526041      -0.434608      0.429949      
297      0.508981      0.031662      0.127109      1.526723      -0.431272      0.426610      
298      0.508951      0.031682      0.127209      1.527112      -0.429354      0.424691      
299      0.508931      0.031672      0.127259      1.527407      -0.427897      0.423232      
300      0.508991      0.031552      0.127289      1.528300      -0.423453      0.418784      
301      0.509111      0.031382      0.127209      1.528732      -0.421285      0.416614      
302      0.509271      0.031112      0.127199      1.529530      -0.417254      0.412579      
303      0.509721      0.030692      0.127309      1.531183      -0.408768      0.404086      
304      0.509941      0.030422      0.127319      1.533203      -0.398150      0.393458      
305      0.510071      0.030292      0.127329      1.534561      -0.390846      0.386147      
306      0.510731      0.030032      0.127639      1.535076      -0.388036      0.383335      
307      0.510971      0.029812      0.127719      1.536479      -0.380284      0.375576      
308      0.511081      0.029552      0.127649      1.537210      -0.376177      0.371466      
309      0.511061      0.029272      0.127439      1.539254      -0.364447      0.359725      
310      0.511381      0.028722      0.127419      1.540299      -0.358300      0.353573      
311      0.511331      0.028372      0.127169      1.540954      -0.354393      0.349663      
312      0.511401      0.027982      0.126929      1.541702      -0.349877      0.345143      
313      0.511361      0.027842      0.126789      1.542463      -0.345220      0.340482      
314      0.511451      0.027572      0.126619      1.542902      -0.342500      0.337760      
315      0.511331      0.027312      0.126419      1.543962      -0.335848      0.331102      
316      0.511291      0.027082      0.125939      1.544869      -0.330055      0.325305      
317      0.511071      0.026952      0.125479      1.545560      -0.325568      0.320813      
318      0.510831      0.026832      0.124979      1.545634      -0.325083      0.320328      
319      0.510491      0.026782      0.124449      1.546596      -0.318717      0.313958      
320      0.510501      0.026732      0.124339      1.546536      -0.319116      0.314357      
321      0.510451      0.026682      0.124319      1.546764      -0.317591      0.312831      
322      0.510401      0.026632      0.124279      1.546665      -0.318256      0.313496      
323      0.510191      0.026542      0.124059      1.547064      -0.315573      0.310812      
324      0.510211      0.026522      0.123889      1.547262      -0.314236      0.309473      
325      0.510181      0.026482      0.123659      1.548117      -0.308385      0.303618      
326      0.510171      0.026402      0.123399      1.549121      -0.301368      0.296595      
327      0.509831      0.026282      0.122979      1.550421      -0.292025      0.287246      
328      0.509791      0.026212      0.122889      1.550636      -0.290453      0.285671      
329      0.509681      0.026032      0.122689      1.551185      -0.286399      0.281614      
330      0.509401      0.025852      0.122279      1.551886      -0.281131      0.276343      
331      0.509321      0.025642      0.122079      1.551659      -0.282845      0.278059      
332      0.509351      0.025402      0.121969      1.551085      -0.287142      0.282359      
333      0.509551      0.025072      0.121859      1.549692      -0.297299      0.292523      
334      0.509421      0.024882      0.121639      1.549654      -0.297573      0.292798      
335      0.509181      0.024722      0.121279      1.550188      -0.293724      0.288945      
336      0.509241      0.024612      0.121149      1.550270      -0.293129      0.288350      
337      0.509261      0.024472      0.120919      1.550864      -0.288778      0.283995      
338      0.509521      0.024232      0.120879      1.550967      -0.288019      0.283236      
339      0.509661      0.023962      0.120879      1.551661      -0.282830      0.278043      
340      0.509861      0.023622      0.120969      1.551522      -0.283878      0.279092      
341      0.509991      0.023182      0.120949      1.552387      -0.277303      0.272513      
342      0.510181      0.022882      0.120979      1.552722      -0.274712      0.269920      
343      0.510321      0.022652      0.120989      1.554051      -0.264197      0.259397      
344      0.510491      0.022542      0.121059      1.554220      -0.262827      0.258026      
345      0.510671      0.022282      0.121129      1.554634      -0.259444      0.254641      
346      0.510531      0.022112      0.121009      1.555960      -0.248307      0.243496      
347      0.510691      0.021852      0.121049      1.556362      -0.244830      0.240016      
348      0.510711      0.021622      0.120999      1.557110      -0.238218      0.233400      
349      0.510671      0.021182      0.120979      1.558008      -0.230031      0.225207      
350      0.510751      0.020842      0.120979      1.558487      -0.225549      0.220722      
351      0.510921      0.020532      0.120979      1.558884      -0.221756      0.216927      
352      0.511051      0.020232      0.120959      1.559271      -0.218002      0.213171      
353      0.511041      0.019912      0.120869      1.559993      -0.210815      0.205979      
354      0.511021      0.019742      0.120819      1.560035      -0.210392      0.205556      
355      0.510961      0.019362      0.120729      1.560366      -0.207006      0.202168      
356      0.511041      0.019022      0.120729      1.560934      -0.201064      0.196222      
357      0.511351      0.018672      0.120809      1.560905      -0.201377      0.196536      
358      0.511591      0.018202      0.120869      1.561487      -0.195106      0.190260      
359      0.511761      0.017912      0.120899      1.561662      -0.193185      0.188338      
360      0.511891      0.017712      0.120919      1.561732      -0.192409      0.187562      
361      0.511831      0.017542      0.120849      1.561665      -0.193153      0.188307      
362      0.511761      0.017462      0.120799      1.562229      -0.186826      0.181976      
363      0.511871      0.017402      0.120849      1.562090      -0.188402      0.183553      
364      0.511911      0.017362      0.120999      1.562656      -0.181886      0.177033      
365      0.512081      0.017362      0.121159      1.563107      -0.176514      0.171658      
366      0.512341      0.017362      0.121299      1.563249      -0.174789      0.169932      
367      0.512391      0.017352      0.121349      1.563944      -0.166091      0.161229      
368      0.512341      0.017292      0.121299      1.564615      -0.157244      0.152377      
369      0.512381      0.017232      0.121319      1.564598      -0.157479      0.152612      
370      0.512291      0.017192      0.121269      1.564710      -0.155957      0.151090      
371      0.512261      0.017142      0.121239      1.564801      -0.154710      0.149842      
372      0.512051      0.017062      0.121109      1.565118      -0.150278      0.145407      
373      0.511981      0.017022      0.121069      1.565295      -0.147744      0.142872      
374      0.511941      0.016932      0.121019      1.565454      -0.145437      0.140564      
375      0.511991      0.016852      0.121029      1.565972      -0.137639      0.132761      
376      0.512191      0.016702      0.121119      1.566329      -0.132013      0.127133      
377      0.512211      0.016642      0.121079      1.566472      -0.129691      0.124809      
378      0.512141      0.016622      0.121029      1.566486      -0.129447      0.124566      
379      0.512011      0.016642      0.120969      1.566739      -0.125226      0.120342      
380      0.511901      0.016662      0.120889      1.566843      -0.123444      0.118560      
381      0.511671      0.016722      0.120799      1.567290      -0.115503      0.110614      
382      0.511711      0.016732      0.120829      1.567204      -0.117072      0.112184      
383      0.511541      0.016772      0.120759      1.567422      -0.113054      0.108164      
384      0.511331      0.016802      0.120679      1.567718      -0.107333      0.102440      
385      0.511171      0.016862      0.120619      1.567874      -0.104209      0.099315      
386      0.510851      0.017032      0.120539      1.568142      -0.098613      0.093716      
387      0.510621      0.017162      0.120549      1.568184      -0.097710      0.092813      
388      0.510031      0.017302      0.120369      1.568180      -0.097789      0.092892      
389      0.509441      0.017422      0.120179      1.568163      -0.098166      0.093269      
390      0.509111      0.017432      0.120129      1.568261      -0.096015      0.091117      
391      0.508601      0.017492      0.120059      1.568348      -0.094076      0.089177      
392      0.508251      0.017542      0.120109      1.568542      -0.089610      0.084709      
393      0.508031      0.017422      0.120429      1.568510      -0.090363      0.085463      
394      0.507991      0.017282      0.120879      1.568583      -0.088644      0.083743      
395      0.507871      0.017092      0.121309      1.568625      -0.087624      0.082722      
396      0.507641      0.016852      0.121949      1.568572      -0.088911      0.084010      
397      0.507361      0.016702      0.122269      1.568750      -0.084563      0.079659      
398      0.506801      0.016392      0.123079      1.568819      -0.082812      0.077908      
399      0.506031      0.016002      0.123709      1.568999      -0.078102      0.073196      
400      0.505441      0.015692      0.124239      1.569021      -0.077490      0.072583      
401      0.504821      0.015212      0.124889      1.569227      -0.071680      0.066772      
402      0.504451      0.014942      0.125059      1.569381      -0.067017      0.062106      
403      0.504281      0.014622      0.125299      1.569349      -0.068006      0.063096      
404      0.503851      0.014342      0.125439      1.569411      -0.066044      0.061133      
405      0.503421      0.014102      0.125499      1.569467      -0.064269      0.059358      
406      0.503201      0.013992      0.125519      1.569476      -0.063971      0.059059      
407      0.502811      0.013842      0.125459      1.569623      -0.058931      0.054017      
408      0.502831      0.013822      0.125409      1.569567      -0.060917      0.056004      
409      0.502941      0.013862      0.125359      1.569791      -0.052665      0.047749      
410      0.502991      0.013872      0.125399      1.569865      -0.049650      0.044733      
411      0.502981      0.013852      0.125429      1.569938      -0.046463      0.041544      
412      0.502991      0.013852      0.125429      1.570060      -0.040676      0.035755      
413      0.503041      0.013882      0.125429      1.570213      -0.032023      0.027099      
414      0.503201      0.013992      0.125489      1.570292      -0.026503      0.021577      
415      0.503561      0.014162      0.125639      1.570425      -0.013327      0.008396      
416      0.503941      0.014242      0.125819      1.570451      -0.008984      0.004052      
417      0.504891      0.014382      0.126229      1.570473      -0.002859      -0.002075      
418      0.505401      0.014432      0.126369      1.570470      -0.004155      -0.000779      
419      0.505331      0.014422      0.126359      1.570477      -0.000598      -0.004337      
420      0.504801      0.014352      0.126199      1.570478      0.000305      -0.005240      
421      0.504551      0.014372      0.126099      1.570478      0.000588      -0.005523      
422      0.504311      0.014482      0.126019      1.570478      0.000957      -0.005892      
423      0.504201      0.014682      0.126009      1.570477      0.004648      -0.009584      
424      0.504131      0.014902      0.126039      1.570470      0.007844      -0.012781      
425      0.504011      0.015052      0.126039      1.570451      0.012807      -0.017746      
426      0.503941      0.015302      0.126099      1.570422      0.017408      -0.022349      
427      0.503911      0.015702      0.126189      1.570308      0.028991      -0.033935      
428      0.503861      0.015832      0.126199      1.570324      0.027727      -0.032670      
429      0.503441      0.015932      0.126049      1.570324      0.027695      -0.032639      
430      0.503111      0.015922      0.125939      1.570355      0.024955      -0.029897      
431      0.502821      0.015882      0.125959      1.570305      0.029266      -0.034210      
432      0.502861      0.015852      0.125989      1.570322      0.027876      -0.032819      
433      0.502871      0.015792      0.126029      1.570310      0.028842      -0.033786      
434      0.503011      0.015692      0.126179      1.570286      0.030711      -0.035655      
435      0.503191      0.015572      0.126379      1.570286      0.030695      -0.035639      
436      0.503081      0.015512      0.126479      1.570223      0.035092      -0.040038      
437      0.503151      0.015482      0.126659      1.570197      0.036741      -0.041687      
438      0.503141      0.015472      0.126739      1.570054      0.044672      -0.049620      
439      0.503151      0.015442      0.126779      1.569967      0.048889      -0.053838      
440      0.503041      0.015452      0.126719      1.569846      0.054127      -0.059077      
441      0.503011      0.015472      0.126699      1.569896      0.052022      -0.056972      
442      0.502741      0.015442      0.126539      1.569839      0.054409      -0.059360      
443      0.502531      0.015412      0.126459      1.569811      0.055579      -0.060530      
444      0.502411      0.015422      0.126439      1.569795      0.056200      -0.061151      
445      0.502181      0.015412      0.126329      1.569820      0.055179      -0.060129      
446      0.502121      0.015412      0.126309      1.569802      0.055909      -0.060860      
447      0.502181      0.015422      0.126389      1.569789      0.056435      -0.061386      
448      0.502181      0.015442      0.126399      1.569729      0.058752      -0.063703      
449      0.502091      0.015492      0.126369      1.569720      0.059113      -0.064064      
450      0.502021      0.015542      0.126349      1.569683      0.060471      -0.065423      
451      0.502031      0.015602      0.126369      1.569625      0.062599      -0.067551      
452      0.502011      0.015732      0.126559      1.569244      0.074887      -0.079842      
453      0.502431      0.015872      0.126799      1.569352      0.071621      -0.076575      
454      0.502341      0.015952      0.126819      1.569107      0.078837      -0.083792      
455      0.502271      0.016012      0.126779      1.569106      0.078868      -0.083824      
456      0.501871      0.016032      0.126589      1.568983      0.082252      -0.087209      
457      0.501621      0.016082      0.126429      1.569049      0.080438      -0.085394      
458      0.501401      0.016172      0.126349      1.568867      0.085306      -0.090263      
459      0.501401      0.016192      0.126309      1.568876      0.085055      -0.090012      
460      0.501311      0.016322      0.126119      1.568774      0.087677      -0.092635      
461      0.501301      0.016442      0.125899      1.568580      0.092419      -0.097378      
462      0.501271      0.016492      0.125879      1.568350      0.097758      -0.102717      
463      0.501191      0.016502      0.125849      1.568188      0.101330      -0.106290      
464      0.501061      0.016492      0.125809      1.567880      0.107814      -0.112775      
465      0.501291      0.016432      0.125879      1.567883      0.107744      -0.112705      
466      0.501281      0.016412      0.125869      1.567597      0.113427      -0.118389      
467      0.501261      0.016352      0.125859      1.567430      0.116606      -0.121569      
468      0.501331      0.016322      0.125879      1.567445      0.116332      -0.121294      
469      0.501421      0.016212      0.125919      1.567348      0.118137      -0.123100      
470      0.501591      0.016102      0.125989      1.567373      0.117674      -0.122636      
471      0.501981      0.016062      0.126109      1.567550      0.114338      -0.119300      
472      0.502151      0.016062      0.126179      1.567514      0.115013      -0.119975      
473      0.502521      0.016122      0.126349      1.567580      0.113757      -0.118719      
474      0.502801      0.016132      0.126449      1.567663      0.112148      -0.117109      
475      0.502811      0.016142      0.126449      1.567496      0.115366      -0.120328      
476      0.503141      0.016152      0.126589      1.567537      0.114573      -0.119535      
477      0.503241      0.016082      0.126619      1.567312      0.118804      -0.123767      
478      0.503531      0.015892      0.126619      1.567270      0.119581      -0.124544      
479      0.503561      0.015772      0.126649      1.567090      0.122839      -0.127802      
480      0.503601      0.015572      0.126619      1.567388      0.117399      -0.122362      
481      0.503541      0.015382      0.126539      1.567526      0.114785      -0.119747      
482      0.503691      0.015132      0.126579      1.567541      0.114495      -0.119457      
483      0.503801      0.015022      0.126539      1.567630      0.112776      -0.117737      
484      0.503941      0.014832      0.126479      1.567628      0.112815      -0.117777      
485      0.504411      0.014592      0.126519      1.567624      0.112901      -0.117863      
486      0.504881      0.014412      0.126629      1.567944      0.106503      -0.111464      
487      0.505011      0.014282      0.126669      1.567801      0.109400      -0.114361      
488      0.505151      0.014102      0.126689      1.567788      0.109667      -0.114628      
489      0.505281      0.013932      0.126689      1.567631      0.112768      -0.117730      
490      0.505351      0.013782      0.126689      1.567651      0.112383      -0.117345      
491      0.505261      0.013732      0.126609      1.567441      0.116410      -0.121372      
492      0.505291      0.013612      0.126509      1.567332      0.118435      -0.123398      
493      0.505211      0.013492      0.126289      1.567041      0.123710      -0.128674      
494      0.505331      0.013422      0.126279      1.567065      0.123278      -0.128242      
495      0.505331      0.013352      0.126289      1.566825      0.127478      -0.132442      
496      0.505251      0.013312      0.126239      1.566580      0.131614      -0.136579      
497      0.505271      0.013302      0.126229      1.566384      0.134840      -0.139805      
498      0.505261      0.013282      0.126209      1.566240      0.137155      -0.142120      
499      0.505181      0.013252      0.126139      1.566063      0.139941      -0.144907      
500      0.505081      0.013242      0.126049      1.565963      0.141503      -0.146469      
501      0.505031      0.013242      0.125959      1.565858      0.143112      -0.148078      
502      0.505031      0.013282      0.125909      1.565716      0.145270      -0.150236      
503      0.505031      0.013302      0.125879      1.565500      0.148472      -0.153438      
504      0.505121      0.013242      0.125899      1.565451      0.149202      -0.154168      
505      0.505151      0.013202      0.125929      1.565403      0.149892      -0.154859      
506      0.505141      0.013152      0.125919      1.565176      0.153173      -0.158139      
507      0.505191      0.013022      0.125879      1.565106      0.154169      -0.159136      
508      0.505301      0.012902      0.125899      1.564733      0.159356      -0.164323      
509      0.505441      0.012792      0.125929      1.564703      0.159772      -0.164739      
510      0.505371      0.012702      0.125879      1.564677      0.160125      -0.165092      
511      0.505161      0.012642      0.125779      1.564400      0.163852      -0.168820      
512      0.505171      0.012632      0.125759      1.564385      0.164048      -0.169016      
513      0.505161      0.012622      0.125749      1.564491      0.162644      -0.167611      
514      0.505011      0.012632      0.125709      1.564498      0.162542      -0.167509      
515      0.504841      0.012662      0.125629      1.564332      0.164762      -0.169730      
516      0.504931      0.012692      0.125669      1.564214      0.166316      -0.171284      
517      0.504851      0.012702      0.125609      1.563925      0.170058      -0.175027      
518      0.505031      0.012712      0.125619      1.564008      0.168991      -0.173959      
519      0.504901      0.012672      0.125539      1.563853      0.170984      -0.175952      
520      0.504901      0.012672      0.125509      1.563869      0.170780      -0.175748      
521      0.504791      0.012632      0.125429      1.563725      0.172600      -0.177569      
522      0.504761      0.012632      0.125329      1.563635      0.173730      -0.178699      
523      0.504751      0.012632      0.125249      1.563624      0.173871      -0.178840      
524      0.504691      0.012612      0.125109      1.563310      0.177762      -0.182731      
525      0.504831      0.012552      0.124979      1.563009      0.181410      -0.186379      
526      0.504901      0.012502      0.124929      1.562970      0.181881      -0.186850      
527      0.504911      0.012472      0.124899      1.562585      0.186431      -0.191400      
528      0.505021      0.012432      0.124949      1.562641      0.185780      -0.190749      
529      0.505021      0.012432      0.124949      1.562341      0.189262      -0.194232      
530      0.505021      0.012412      0.124959      1.562281      0.189945      -0.194914      
531      0.505021      0.012432      0.124959      1.562205      0.190815      -0.195785      
532      0.504901      0.012452      0.124949      1.561938      0.193835      -0.198805      
533      0.504901      0.012472      0.124949      1.561770      0.195718      -0.200687      
534      0.504871      0.012522      0.124939      1.561570      0.197929      -0.202899      
535      0.504821      0.012562      0.124969      1.561380      0.200000      -0.204970      
536      0.504801      0.012602      0.125029      1.561384      0.199961      -0.204931      
537      0.504681      0.012662      0.125029      1.561222      0.201710      -0.206680      
538      0.504671      0.012672      0.125059      1.561121      0.202792      -0.207762      
539      0.504661      0.012752      0.125099      1.561141      0.202580      -0.207550      
540      0.504531      0.012792      0.125099      1.561066      0.203388      -0.208358      
541      0.504471      0.012862      0.125089      1.560807      0.206133      -0.211103      
542      0.504501      0.012912      0.125079      1.560841      0.205780      -0.210750      
543      0.504461      0.012962      0.125119      1.560747      0.206768      -0.211738      
544      0.504461      0.012962      0.125179      1.560652      0.207764      -0.212734      
545      0.504591      0.012962      0.125319      1.560311      0.211301      -0.216271      
546      0.504861      0.012892      0.125499      1.560359      0.210807      -0.215777      
547      0.504901      0.012862      0.125569      1.560297      0.211442      -0.216412      
548      0.504991      0.012792      0.125629      1.560221      0.212226      -0.217196      
549      0.504951      0.012752      0.125609      1.560140      0.213049      -0.218019      
550      0.504941      0.012742      0.125599      1.559895      0.215527      -0.220497      
551      0.504951      0.012722      0.125599      1.559786      0.216625      -0.221595      
552      0.504981      0.012662      0.125599      1.559682      0.217668      -0.222638      
553      0.505021      0.012642      0.125609      1.559504      0.219440      -0.224410      
554      0.505061      0.012622      0.125639      1.559412      0.220341      -0.225311      
555      0.505321      0.012542      0.125769      1.559101      0.223391      -0.228361      
556      0.505461      0.012522      0.125849      1.558590      0.228299      -0.233269      
557      0.505731      0.012492      0.125949      1.558661      0.227617      -0.232587      
558      0.505861      0.012422      0.125999      1.558472      0.229420      -0.234390      
559      0.506041      0.012322      0.126059      1.558447      0.229655      -0.234625      
560      0.506141      0.012262      0.126049      1.557995      0.233880      -0.238850      
561      0.506751      0.012162      0.126269      1.557980      0.234022      -0.238991      
562      0.507011      0.012072      0.126369      1.557786      0.235809      -0.240779      
563      0.507561      0.011822      0.126569      1.557606      0.237463      -0.242433      
564      0.508001      0.011612      0.126709      1.557745      0.236193      -0.241163      
565      0.508171      0.011492      0.126759      1.557455      0.238834      -0.243804      
566      0.508291      0.011402      0.126819      1.557668      0.236891      -0.241860      
567      0.508271      0.011372      0.126799      1.557628      0.237259      -0.242229      
568      0.508271      0.011372      0.126799      1.557385      0.239469      -0.244439      
569      0.508401      0.011332      0.126799      1.557689      0.236702      -0.241672      
570      0.508251      0.011262      0.126719      1.557591      0.237596      -0.242566      
571      0.508211      0.011142      0.126669      1.557658      0.236985      -0.241954      
572      0.508191      0.011002      0.126619      1.557454      0.238842      -0.243812      
573      0.508341      0.010852      0.126649      1.557404      0.239297      -0.244267      
574      0.508391      0.010752      0.126649      1.556942      0.243451      -0.248421      
575      0.508651      0.010692      0.126679      1.556848      0.244282      -0.249251      
576      0.508721      0.010652      0.126699      1.556650      0.246030      -0.250999      
577      0.508741      0.010612      0.126689      1.556775      0.244932      -0.249902      
578      0.508611      0.010582      0.126599      1.556423      0.248020      -0.252990      
579      0.508641      0.010592      0.126609      1.556299      0.249102      -0.254071      
580      0.508671      0.010612      0.126619      1.555820      0.253232      -0.258201      
581      0.508751      0.010652      0.126659      1.555348      0.257244      -0.262212      
582      0.509011      0.010732      0.126679      1.554876      0.261185      -0.266153      
583      0.509201      0.010762      0.126629      1.554736      0.262337      -0.267305      
584      0.509341      0.010722      0.126579      1.554574      0.263676      -0.268645      
585      0.509291      0.010702      0.126549      1.554528      0.264052      -0.269021      
586      0.509201      0.010702      0.126539      1.554200      0.266724      -0.271692      
587      0.509211      0.010742      0.126549      1.554087      0.267641      -0.272609      
588      0.509231      0.010792      0.126599      1.553522      0.272169      -0.277136      
589      0.509201      0.010882      0.126609      1.553566      0.271816      -0.276784      
590      0.509191      0.010962      0.126649      1.553260      0.274244      -0.279212      
591      0.509261      0.010992      0.126709      1.553473      0.272560      -0.277528      
592      0.509261      0.011042      0.126739      1.553176      0.274902      -0.279870      
593      0.509271      0.011052      0.126749      1.553467      0.272607      -0.277575      
594      0.509211      0.011042      0.126709      1.553450      0.272740      -0.277708      
595      0.509221      0.011022      0.126709      1.553115      0.275380      -0.280348      
596      0.509411      0.011002      0.126789      1.552807      0.277793      -0.282760      
597      0.509581      0.010962      0.126839      1.552525      0.279978      -0.284945      
598      0.509601      0.010942      0.126839      1.552392      0.281004      -0.285971      
599      0.509641      0.010872      0.126879      1.552142      0.282915      -0.287882      
600      0.509671      0.010822      0.126879      1.551742      0.285954      -0.290920      
601      0.509751      0.010722      0.126889      1.551475      0.287966      -0.292933      
602      0.509831      0.010602      0.126899      1.551104      0.290739      -0.295705      
603      0.509991      0.010462      0.126959      1.551034      0.291255      -0.296222      
604      0.510091      0.010352      0.126989      1.550337      0.296376      -0.301342      
605      0.510331      0.010232      0.127089      1.550405      0.295883      -0.300849      
606      0.510391      0.010142      0.127149      1.549969      0.299046      -0.304011      
607      0.510541      0.010042      0.127199      1.549449      0.302781      -0.307745      
608      0.510691      0.009962      0.127149      1.549271      0.304041      -0.309006      
609      0.510671      0.009862      0.127119      1.548542      0.309176      -0.314140      
610      0.510651      0.009752      0.127029      1.549182      0.304675      -0.309640      
611      0.510341      0.009632      0.126909      1.548547      0.309137      -0.314101      
612      0.510141      0.009572      0.126769      1.548965      0.306209      -0.311174      
613      0.509661      0.009502      0.126549      1.548710      0.308002      -0.312966      
614      0.509491      0.009492      0.126439      1.548200      0.311548      -0.316512      
615      0.509541      0.009512      0.126399      1.548527      0.309278      -0.314242      
616      0.509451      0.009532      0.126379      1.547824      0.314146      -0.319110      
617      0.509641      0.009612      0.126349      1.547981      0.313066      -0.318030      
618      0.509521      0.009662      0.126289      1.547549      0.316025      -0.320988      
619      0.509471      0.009732      0.126259      1.547917      0.313505      -0.318468      
620      0.509151      0.009822      0.126139      1.547004      0.319719      -0.324681      
621      0.509371      0.009912      0.126239      1.547042      0.319468      -0.324431      
622      0.509261      0.009942      0.126209      1.546958      0.320032      -0.324994      
623      0.509211      0.009952      0.126219      1.547283      0.317833      -0.322795      
624      0.509181      0.009952      0.126209      1.547093      0.319124      -0.324087      
625      0.509431      0.010092      0.126259      1.546100      0.325760      -0.330721      
626      0.509551      0.010152      0.126269      1.545878      0.327223      -0.332184      
627      0.509631      0.010192      0.126329      1.546108      0.325705      -0.330667      
628      0.509511      0.010252      0.126309      1.545896      0.327106      -0.332067      
629      0.509531      0.010282      0.126379      1.545609      0.328991      -0.333952      
630      0.509721      0.010342      0.126469      1.545449      0.330032      -0.334993      
631      0.509771      0.010372      0.126519      1.544847      0.333944      -0.338904      
632      0.509861      0.010412      0.126569      1.544950      0.333279      -0.338239      
633      0.509921      0.010412      0.126599      1.545079      0.332442      -0.337402      
634      0.509951      0.010402      0.126649      1.544786      0.334335      -0.339295      
635      0.509951      0.010402      0.126669      1.544459      0.336431      -0.341391      
636      0.509941      0.010422      0.126649      1.543910      0.339928      -0.344887      
637      0.509981      0.010442      0.126599      1.543745      0.340968      -0.345927      
638      0.509971      0.010452      0.126529      1.543577      0.342032      -0.346991      
639      0.509931      0.010412      0.126529      1.543605      0.341852      -0.346811      
640      0.509891      0.010392      0.126529      1.543225      0.344238      -0.349196      
641      0.510021      0.010372      0.126549      1.543521      0.342384      -0.347343      
642      0.510021      0.010352      0.126559      1.543551      0.342196      -0.347155      
643      0.510011      0.010352      0.126579      1.543495      0.342548      -0.347507      
644      0.510001      0.010362      0.126579      1.543538      0.342274      -0.347233      
645      0.510101      0.010412      0.126679      1.543417      0.343033      -0.347992      
646      0.510161      0.010442      0.126799      1.543123      0.344871      -0.349829      
647      0.510341      0.010512      0.126899      1.543544      0.342235      -0.347194      
648      0.510321      0.010502      0.126889      1.543514      0.342423      -0.347382      
649      0.510241      0.010482      0.126849      1.543568      0.342087      -0.347045      
650      0.510291      0.010452      0.126849      1.543216      0.344292      -0.349251      
651      0.510481      0.010372      0.126919      1.543195      0.344425      -0.349384      
652      0.510541      0.010302      0.126959      1.542950      0.345950      -0.350908      
653      0.510671      0.010232      0.126999      1.542078      0.351331      -0.356288      
654      0.510881      0.010092      0.127059      1.541785      0.353122      -0.358078      
655      0.510851      0.010022      0.127029      1.541949      0.352121      -0.357077      
656      0.510761      0.009942      0.126969      1.541822      0.352895      -0.357851      
657      0.510881      0.009832      0.127009      1.541902      0.352410      -0.357367      
658      0.511071      0.009732      0.127099      1.541582      0.354357      -0.359313      
659      0.511131      0.009662      0.127139      1.541618      0.354138      -0.359094      
660      0.511271      0.009542      0.127219      1.541552      0.354537      -0.359493      
661      0.511341      0.009462      0.127219      1.541005      0.357836      -0.362792      
662      0.511811      0.009382      0.127379      1.540747      0.359384      -0.364340      
663      0.512101      0.009282      0.127459      1.540849      0.358775      -0.363730      
664      0.512191      0.009122      0.127539      1.540952      0.358157      -0.363113      
665      0.512231      0.009032      0.127549      1.540722      0.359533      -0.364488      
666      0.512211      0.009022      0.127519      1.540658      0.359916      -0.364871      
667      0.512281      0.008992      0.127479      1.540560      0.360502      -0.365457      
668      0.512331      0.008962      0.127479      1.540190      0.362699      -0.367654      
669      0.512411      0.008952      0.127539      1.539905      0.364388      -0.369342      
670      0.512511      0.008892      0.127579      1.539861      0.364646      -0.369600      
671      0.512511      0.008862      0.127599      1.539866      0.364614      -0.369569      
672      0.512591      0.008812      0.127629      1.539853      0.364693      -0.369647      
673      0.512651      0.008772      0.127629      1.539728      0.365427      -0.370381      
674      0.512661      0.008742      0.127629      1.539728      0.365427      -0.370381      
675      0.512591      0.008722      0.127559      1.540063      0.363450      -0.368404      
676      0.512501      0.008702      0.127499      1.539712      0.365521      -0.370475      
677      0.512531      0.008662      0.127449      1.539721      0.365466      -0.370421      
678      0.512501      0.008612      0.127409      1.539919      0.364302      -0.369256      
679      0.512371      0.008502      0.127409      1.539594      0.366217      -0.371171      
680      0.512401      0.008392      0.127379      1.539133      0.368906      -0.373859      
681      0.512451      0.008292      0.127369      1.539058      0.369343      -0.374297      
682      0.512581      0.008062      0.127389      1.539137      0.368882      -0.373836      
683      0.512681      0.007922      0.127419      1.538953      0.369953      -0.374906      
684      0.512811      0.007812      0.127459      1.539098      0.369109      -0.374062      
685      0.512941      0.007682      0.127489      1.538422      0.373025      -0.377977      
686      0.513061      0.007562      0.127509      1.538739      0.371196      -0.376149      
687      0.512931      0.007452      0.127419      1.539156      0.368773      -0.373726      
688      0.512761      0.007372      0.127369      1.538517      0.372478      -0.377430      
689      0.512911      0.007302      0.127379      1.538866      0.370461      -0.375414      
690      0.512901      0.007262      0.127419      1.538700      0.371423      -0.376375      
691      0.512951      0.007202      0.127479      1.539131      0.368921      -0.373875      
692      0.512821      0.007162      0.127509      1.538976      0.369820      -0.374773      
693      0.512991      0.007172      0.127499      1.539286      0.368015      -0.372968      
694      0.512991      0.007172      0.127489      1.539333      0.367741      -0.372695      
695      0.512931      0.007152      0.127469      1.539154      0.368789      -0.373742      
696      0.512871      0.007162      0.127389      1.540201      0.362637      -0.367591      
697      0.512831      0.007162      0.127429      1.541183      0.356765      -0.361721      
698      0.512921      0.007202      0.127499      1.542674      0.347663      -0.352621      
699      0.512821      0.007262      0.127599      1.545039      0.332700      -0.337660      
700      0.512491      0.007332      0.127459      1.546758      0.321378      -0.326340      
701      0.511921      0.007452      0.127299      1.547999      0.312941      -0.317905      
702      0.511711      0.007642      0.127309      1.550355      0.296251      -0.301217      
703      0.511571      0.007752      0.127419      1.551187      0.290120      -0.295086      
704      0.511371      0.007962      0.127829      1.553359      0.273461      -0.278429      
705      0.511311      0.008242      0.128209      1.555317      0.257502      -0.262471      
706      0.511031      0.008502      0.128529      1.555991      0.251766      -0.256735      
707      0.510831      0.008842      0.128629      1.557250      0.240692      -0.245662      
708      0.510991      0.009172      0.128859      1.558796      0.226331      -0.231301      
709      0.511151      0.009482      0.128969      1.560370      0.210689      -0.215659      
710      0.510991      0.009932      0.128889      1.562861      0.183183      -0.188152      
711      0.510951      0.010192      0.128859      1.565009      0.155534      -0.160502      
712      0.510791      0.010422      0.128979      1.566702      0.129566      -0.134530      
713      0.510701      0.010552      0.129009      1.567421      0.116779      -0.121741      
714      0.510671      0.010752      0.128999      1.568970      0.082590      -0.087546      
715      0.510661      0.010932      0.129049      1.569977      0.048402      -0.053351      
716      0.510521      0.011122      0.129249      1.570372      0.023298      -0.028240      
717      0.510851      0.011272      0.129719      1.570439      -0.011167      0.006236      
718      0.510751      0.011362      0.130579      1.569840      -0.050679      0.045762      
719      0.510891      0.011402      0.131489      1.569106      -0.075158      0.070251      
720      0.511161      0.011292      0.132619      1.567525      -0.111084      0.106193      
721      0.511141      0.011182      0.133769      1.565749      -0.141044      0.136168      
722      0.511131      0.011102      0.134349      1.564755      -0.155345      0.150477      
723      0.511131      0.010942      0.135659      1.562165      -0.187547      0.182698      
724      0.510881      0.010802      0.136839      1.559560      -0.215157      0.210324      
725      0.510651      0.010672      0.138049      1.557183      -0.237560      0.232742      
726      0.510421      0.010552      0.139089      1.554497      -0.260572      0.255769      
727      0.509681      0.010392      0.140009      1.550880      -0.288660      0.283878      
728      0.509301      0.010362      0.140269      1.548781      -0.303762      0.298991      
729      0.509101      0.010362      0.140429      1.546329      -0.320493      0.315735      
730      0.508911      0.010452      0.140429      1.544305      -0.333667      0.328920      
731      0.508881      0.010482      0.140439      1.543272      -0.340194      0.335452      
732      0.508881      0.010512      0.140529      1.540398      -0.357714      0.352986      
733      0.508801      0.010552      0.140639      1.537045      -0.377107      0.372396      
734      0.508521      0.010532      0.140679      1.533341      -0.397417      0.392724      
735      0.507991      0.010422      0.140779      1.529335      -0.418244      0.413570      
736      0.507011      0.010152      0.141169      1.521241      -0.457372      0.452736      
737      0.506281      0.009972      0.141519      1.515609      -0.482677      0.478066      
738      0.505501      0.009792      0.141869      1.510732      -0.503526      0.498938      
739      0.505091      0.009722      0.142049      1.508111      -0.514368      0.509791      
740      0.504291      0.009632      0.142339      1.503985      -0.530967      0.526409      
741      0.503481      0.009482      0.142779      1.498901      -0.550705      0.546169      
742      0.502561      0.009352      0.143219      1.494284      -0.568007      0.563490      
743      0.501571      0.009102      0.144019      1.489034      -0.587030      0.582536      
744      0.500411      0.008822      0.144739      1.482876      -0.608542      0.604075      
745      0.498611      0.008332      0.145639      1.474246      -0.637396      0.632964      
746      0.497401      0.007982      0.145879      1.467558      -0.658830      0.654426      
747      0.496171      0.007632      0.145829      1.461410      -0.677896      0.673517      
748      0.495621      0.007502      0.145699      1.459317      -0.684254      0.679885      
749      0.494561      0.007282      0.145289      1.452683      -0.704001      0.699658      
750      0.493521      0.007122      0.144869      1.448443      -0.716311      0.711986      
751      0.492491      0.006982      0.144519      1.443744      -0.729689      0.725382      
752      0.491321      0.006872      0.144129      1.438741      -0.743646      0.739360      
753      0.489461      0.006642      0.143799      1.429775      -0.767960      0.763709      
754      0.487991      0.006492      0.143529      1.424254      -0.782519      0.778290      
755      0.486601      0.006332      0.143319      1.418473      -0.797446      0.793240      
756      0.485931      0.006282      0.143269      1.415576      -0.804812      0.800618      
757      0.484611      0.006212      0.143169      1.410097      -0.818539      0.814367      
758      0.483361      0.006162      0.143239      1.404277      -0.832841      0.828691      
759      0.481961      0.006132      0.143369      1.399508      -0.844360      0.840229      
760      0.480431      0.006092      0.143389      1.394070      -0.857278      0.853168      
761      0.478251      0.006022      0.143569      1.386567      -0.874749      0.870668      
762      0.476261      0.006002      0.143389      1.380491      -0.888610      0.884552      
763      0.474971      0.005972      0.143319      1.377015      -0.896427      0.892383      
764      0.473751      0.005942      0.143119      1.372650      -0.906136      0.902109      
765      0.473161      0.005922      0.142999      1.370077      -0.911803      0.907786      
766      0.471951      0.005842      0.142739      1.366508      -0.919598      0.915594      
767      0.470851      0.005762      0.142519      1.363701      -0.925675      0.921682      
768      0.469681      0.005632      0.142289      1.359022      -0.935702      0.931726      
769      0.468351      0.005492      0.142019      1.355689      -0.942769      0.938807      
770      0.467081      0.005372      0.141859      1.352538      -0.949394      0.945444      
771      0.465711      0.005232      0.141819      1.348050      -0.958735      0.954801      
772      0.464331      0.005122      0.141679      1.341445      -0.972294      0.968385      
773      0.463061      0.005022      0.141569      1.336075      -0.983153      0.979265      
774      0.461811      0.004942      0.141389      1.331069      -0.993150      0.989281      
775      0.461251      0.004902      0.141299      1.329751      -0.995763      0.991899      
776      0.460041      0.004812      0.141129      1.324070      -1.006929      1.003087      
777      0.458811      0.004742      0.140989      1.320451      -1.013966      1.010137      
