198      74.831641      0.087270      
199      74.562916      0.087270      
200      74.247780      0.087270      
201      73.942384      0.087270      
202      73.675378      0.087270      
203      73.167722      0.087270      
204      72.544326      0.087270      
205      71.067197      0.087270      
206      70.266752      0.087270      
207      69.614706      0.087270      
208      69.072672      0.087270      
209      68.912812      0.087270      
210      68.657266      0.087270      
211      68.229254      0.087270      
212      67.908961      0.087270      
213      67.472927      0.087270      
214      66.953812      0.087270      
215      66.563616      0.087270      
216      65.956836      0.087270      
217      65.698997      0.087270      
218      65.503040      0.087270      
219      65.199936      0.087270      
220      64.681394      0.087270      
221      64.247652      0.087270      
222      63.418558      0.087270      
223      62.838135      0.087270      
224      62.160306      0.087270      
225      61.620563      0.087270      
226      61.126659      0.087270      
227      60.904345      0.087270      
228      60.396689      0.087270      
229      59.750374      0.087270      
230      59.273659      0.087270      
231      58.912685      0.087270      
232      58.562597      0.087270      
233      57.716887      0.087270      
234      57.550724      0.087270      
235      57.291167      0.087270      
236      56.886647      0.087270      
237      56.341175      0.087270      
238      55.636989      0.087270      
239      55.334458      0.087270      
240      54.840554      0.087270      
241      54.256693      0.087270      
242      53.990259      0.087270      
243      53.447079      0.087270      
244      53.307847      0.087270      
245      52.992710      0.087270      
246      52.864937      0.087270      
247      52.542352      0.087270      
248      51.907496      0.087270      
249      51.591787      0.087270      
250      51.389527      0.087270      
251      51.159764      0.087270      
252      50.597103      0.087270      
253      50.017253      0.087270      
254      49.423651      0.087270      
255      48.807703      0.087270      
256      48.577940      0.087270      
257      47.839376      0.087270      
258      47.704154      0.087270      
259      47.083049      0.087270      
260      46.746140      0.087270      
261      46.204679      0.087270      
262      45.913608      0.087270      
263      45.326309      0.087270      
264      44.890848      0.087270      
265      44.571701      0.087270      
266      44.419290      0.087270      
267      44.017062      0.087270      
268      43.664682      0.087270      
269      43.077383      0.087270      
270      42.822410      0.087270      
271      41.915964      0.087270      
272      41.416330      0.087270      
273      40.917842      0.087270      
274      40.701830      0.087270      
275      40.500716      0.087270      
276      40.105937      0.087270      
277      39.602292      0.087270      
278      39.072290      0.087270      
279      38.575521      0.087270      
280      38.181315      0.087270      
281      37.606621      0.087270      
282      37.314977      0.087270      
283      36.998122      0.087270      
284      36.612510      0.087270      
285      36.128346      0.087270      
286      35.874519      0.087270      
287      35.206430      0.087270      
288      34.394525      0.087270      
289      34.130957      0.087270      
290      33.857075      0.087270      
291      33.584912      0.087270      
292      33.137418      0.087270      
293      32.628044      0.087270      
294      32.465319      0.087270      
295      32.053923      0.087270      
296      31.648830      0.087270      
297      31.403597      0.087270      
298      31.262645      0.087270      
299      31.155499      0.087270      
300      30.828903      0.087270      
301      30.669616      0.087270      
302      30.373389      0.087270      
303      29.749992      0.087270      
304      28.970173      0.087270      
305      28.433869      0.087270      
306      28.227598      0.087270      
307      27.658634      0.087270      
308      27.357250      0.087270      
309      26.496642      0.087270      
310      26.045711      0.087270      
311      25.759223      0.087270      
312      25.428044      0.087270      
313      25.086551      0.087270      
314      24.887156      0.087270      
315      24.399554      0.087270      
316      23.974980      0.087270      
317      23.646093      0.087270      
318      23.610568      0.087270      
319      23.144167      0.087270      
320      23.173389      0.087270      
321      23.061658      0.087270      
322      23.110361      0.087270      
323      22.913831      0.087270      
324      22.815852      0.087270      
325      22.387267      0.087270      
326      21.873309      0.087270      
327      21.189177      0.087270      
328      21.074009      0.087270      
329      20.777208      0.087270      
330      20.391596      0.087270      
331      20.517078      0.087270      
332      20.831641      0.087270      
333      21.575362      0.087270      
334      21.595416      0.087270      
335      21.313513      0.087270      
336      21.269967      0.087270      
337      20.951393      0.087270      
338      20.895814      0.087270      
339      20.515932      0.087270      
340      20.592710      0.087270      
341      20.111412      0.087270      
342      19.921757      0.087270      
343      19.152252      0.087270      
344      19.051982      0.087270      
345      18.804456      0.087270      
346      17.989686      0.087270      
347      17.735286      0.087270      
348      17.251695      0.087270      
349      16.652936      0.087270      
350      16.325195      0.087270      
351      16.047875      0.087270      
352      15.773420      0.087270      
353      15.248003      0.087270      
354      15.217062      0.087270      
355      14.969537      0.087270      
356      14.535222      0.087270      
357      14.558141      0.087270      
358      14.099761      0.087270      
359      13.959382      0.087270      
360      13.902658      0.087270      
361      13.957091      0.087270      
362      13.494700      0.087270      
363      13.609868      0.087270      
364      13.133726      0.087270      
365      12.741238      0.087270      
366      12.615184      0.087270      
367      11.979755      0.087270      
368      11.333439      0.087270      
369      11.350629      0.087270      
370      11.239472      0.087270      
371      11.148369      0.087270      
372      10.824638      0.087270      
373      10.639567      0.087270      
374      10.471113      0.087270      
375      9.901576      0.087270      
376      9.490753      0.087270      
377      9.321152      0.087270      
378      9.303390      0.087270      
379      8.995130      0.087270      
380      8.865064      0.087270      
381      8.285214      0.087270      
382      8.399809      0.087270      
383      8.106446      0.087270      
384      7.688747      0.087270      
385      7.460703      0.087270      
386      7.052173      0.087270      
387      6.986280      0.087270      
388      6.992010      0.087270      
389      7.019513      0.087270      
390      6.862518      0.087270      
391      6.720993      0.087270      
392      6.394971      0.087270      
393      6.449976      0.087270      
394      6.324495      0.087270      
395      6.250008      0.087270      
396      6.343976      0.087270      
397      6.026548      0.087270      
398      5.898774      0.087270      
399      5.554990      0.087270      
400      5.510298      0.087270      
401      5.086296      0.087270      
402      4.745949      0.087270      
403      4.818144      0.087270      
404      4.674901      0.087270      
405      4.545408      0.087270      
406      4.523635      0.087270      
407      4.155785      0.087270      
408      4.300748      0.087270      
409      3.698552      0.087270      
410      3.478529      0.087270      
411      3.245902      0.087270      
412      2.823619      0.087270      
413      2.192201      0.087270      
414      1.789400      0.087270      
415      0.827948      0.087270      
416      0.511093      0.087270      
417      0.064173      0.087270      
418      0.158714      0.087270      
419      -0.100844      0.087270      
420      -0.166736      0.087270      
421      -0.187363      0.087270      
422      -0.214293      0.087270      
423      -0.483591      0.087270      
424      -0.716791      0.087270      
425      -1.078911      0.087270      
426      -1.414675      0.087270      
427      -2.259812      0.087270      
428      -2.167563      0.087270      
429      -2.165271      0.087270      
430      -1.965303      0.087270      
431      -2.279866      0.087270      
432      -2.178450      0.087270      
433      -2.248926      0.087270      
434      -2.385294      0.087270      
435      -2.384148      0.087270      
436      -2.705014      0.087270      
437      -2.825338      0.087270      
438      -3.404043      0.087270      
439      -3.711730      0.087270      
440      -4.093904      0.087270      
441      -3.940347      0.087270      
442      -4.114531      0.087270      
443      -4.199905      0.087270      
444      -4.245170      0.087270      
445      -4.170683      0.087270      
446      -4.223969      0.087270      
447      -4.262359      0.087270      
448      -4.431386      0.087270      
449      -4.457743      0.087270      
450      -4.556868      0.087270      
451      -4.712144      0.087270      
452      -5.608849      0.087270      
453      -5.370492      0.087270      
454      -5.897056      0.087270      
455      -5.899347      0.087270      
456      -6.146300      0.087270      
457      -6.013942      0.087270      
458      -6.369187      0.087270      
459      -6.350852      0.087270      
460      -6.542225      0.087270      
461      -6.888302      0.087270      
462      -7.277925      0.087270      
463      -7.538628      0.087270      
464      -8.011905      0.087270      
465      -8.006748      0.087270      
466      -8.421582      0.087270      
467      -8.653637      0.087270      
468      -8.633583      0.087270      
469      -8.765367      0.087270      
470      -8.731561      0.087270      
471      -8.488047      0.087270      
472      -8.537323      0.087270      
473      -8.445647      0.087270      
474      -8.328187      0.087270      
475      -8.563107      0.087270      
476      -8.505236      0.087270      
477      -8.814070      0.087270      
478      -8.870794      0.087270      
479      -9.108579      0.087270      
480      -8.711507      0.087270      
481      -8.520707      0.087270      
482      -8.499507      0.087270      
483      -8.374025      0.087270      
484      -8.376890      0.087270      
485      -8.383193      0.087270      
486      -7.916218      0.087270      
487      -8.127646      0.087270      
488      -8.147127      0.087270      
489      -8.373452      0.087270      
490      -8.345376      0.087270      
491      -8.639312      0.087270      
492      -8.787140      0.087270      
493      -9.172179      0.087270      
494      -9.140665      0.087270      
495      -9.447207      0.087270      
496      -9.749164      0.087270      
497      -9.984657      0.087270      
498      -10.153685      0.087270      
499      -10.357091      0.087270      
500      -10.471113      0.087270      
501      -10.588572      0.087270      
502      -10.746140      0.087270      
503      -10.979914      0.087270      
504      -11.033201      0.087270      
505      -11.083622      0.087270      
506      -11.323126      0.087270      
507      -11.395894      0.087270      
508      -11.774630      0.087270      
509      -11.804998      0.087270      
510      -11.830781      0.087270      
511      -12.102944      0.087270      
512      -12.117269      0.087270      
513      -12.014706      0.087270      
514      -12.007258      0.087270      
515      -12.169410      0.087270      
516      -12.282859      0.087270      
517      -12.556167      0.087270      
518      -12.478243      0.087270      
519      -12.623778      0.087270      
520      -12.608881      0.087270      
521      -12.741811      0.087270      
522      -12.824320      0.087270      
523      -12.834633      0.087270      
524      -13.118829      0.087270      
525      -13.385262      0.087270      
526      -13.419640      0.087270      
527      -13.751966      0.087270      
528      -13.704409      0.087270      
529      -13.958809      0.087270      
530      -14.008658      0.087270      
531      -14.072258      0.087270      
532      -14.292854      0.087270      
533      -14.430368      0.087270      
534      -14.591947      0.087270      
535      -14.743212      0.087270      
536      -14.740347      0.087270      
537      -14.868120      0.087270      
538      -14.947191      0.087270      
539      -14.931721      0.087270      
540      -14.990737      0.087270      
541      -15.191278      0.087270      
542      -15.165494      0.087270      
543      -15.237689      0.087270      
544      -15.310457      0.087270      
545      -15.568868      0.087270      
546      -15.532771      0.087270      
547      -15.579182      0.087270      
548      -15.636479      0.087270      
549      -15.696642      0.087270      
550      -15.877702      0.087270      
551      -15.957918      0.087270      
552      -16.034124      0.087270      
553      -16.163616      0.087270      
554      -16.229508      0.087270      
555      -16.452395      0.087270      
556      -16.811078      0.087270      
557      -16.761229      0.087270      
558      -16.893013      0.087270      
559      -16.910202      0.087270      
560      -17.219035      0.087270      
561      -17.229349      0.087270      
562      -17.359987      0.087270      
563      -17.480885      0.087270      
564      -17.388063      0.087270      
565      -17.581155      0.087270      
566      -17.439058      0.087270      
567      -17.465988      0.087270      
568      -17.627566      0.087270      
569      -17.425306      0.087270      
570      -17.490625      0.087270      
571      -17.445933      0.087270      
572      -17.581728      0.087270      
573      -17.614961      0.087270      
574      -17.918638      0.087270      
575      -17.979373      0.087270      
576      -18.107146      0.087270      
577      -18.026930      0.087270      
578      -18.252682      0.087270      
579      -18.331752      0.087270      
580      -18.633710      0.087270      
581      -18.927073      0.087270      
582      -19.215279      0.087270      
583      -19.299507      0.087270      
584      -19.397485      0.087270      
585      -19.424988      0.087270      
586      -19.620372      0.087270      
587      -19.687410      0.087270      
588      -20.018590      0.087270      
589      -19.992806      0.087270      
590      -20.170428      0.087270      
591      -20.047239      0.087270      
592      -20.218558      0.087270      
593      -20.050676      0.087270      
594      -20.060417      0.087270      
595      -20.253509      0.087270      
596      -20.429986      0.087270      
597      -20.589846      0.087270      
598      -20.664905      0.087270      
599      -20.804711      0.087270      
600      -21.027025      0.087270      
601      -21.174280      0.087270      
602      -21.377113      0.087270      
603      -21.414929      0.087270      
604      -21.789655      0.087270      
605      -21.753557      0.087270      
606      -21.985039      0.087270      
607      -22.258348      0.087270      
608      -22.350597      0.087270      
609      -22.726468      0.087270      
610      -22.397008      0.087270      
611      -22.723603      0.087270      
612      -22.509311      0.087270      
613      -22.640522      0.087270      
614      -22.900080      0.087270      
615      -22.733917      0.087270      
616      -23.090307      0.087270      
617      -23.011237      0.087270      
618      -23.227821      0.087270      
619      -23.043323      0.087270      
620      -23.498265      0.087270      
621      -23.479930      0.087270      
622      -23.521184      0.087270      
623      -23.360178      0.087270      
624      -23.454719      0.087270      
625      -23.940602      0.087270      
626      -24.047748      0.087270      
627      -23.936591      0.087270      
628      -24.039153      0.087270      
629      -24.177240      0.087270      
630      -24.253446      0.087270      
631      -24.539933      0.087270      
632      -24.491230      0.087270      
633      -24.429922      0.087270      
634      -24.568582      0.087270      
635      -24.722139      0.087270      
636      -24.978259      0.087270      
637      -25.054464      0.087270      
638      -25.132389      0.087270      
639      -25.119211      0.087270      
640      -25.293968      0.087270      
641      -25.158173      0.087270      
642      -25.144421      0.087270      
643      -25.170205      0.087270      
644      -25.150151      0.087270      
645      -25.205730      0.087270      
646      -25.340379      0.087270      
647      -25.147286      0.087270      
648      -25.161038      0.087270      
649      -25.136400      0.087270      
650      -25.297979      0.087270      
651      -25.307719      0.087270      
652      -25.419449      0.087270      
653      -25.813656      0.087270      
654      -25.944867      0.087270      
655      -25.871526      0.087270      
656      -25.928251      0.087270      
657      -25.892726      0.087270      
658      -26.035397      0.087270      
659      -26.019354      0.087270      
660      -26.048576      0.087270      
661      -26.290371      0.087270      
662      -26.403820      0.087270      
663      -26.359128      0.087270      
664      -26.313863      0.087270      
665      -26.414706      0.087270      
666      -26.442782      0.087270      
667      -26.485755      0.087270      
668      -26.646761      0.087270      
669      -26.770524      0.087270      
670      -26.789432      0.087270      
671      -26.787140      0.087270      
672      -26.792870      0.087270      
673      -26.846729      0.087270      
674      -26.846729      0.087270      
675      -26.701767      0.087270      
676      -26.853605      0.087270      
677      -26.849594      0.087270      
678      -26.764221      0.087270      
679      -26.904600      0.087270      
680      -27.101703      0.087270      
681      -27.133790      0.087270      
682      -27.099984      0.087270      
683      -27.178482      0.087270      
684      -27.116600      0.087270      
685      -27.403661      0.087270      
686      -27.269585      0.087270      
687      -27.091962      0.087270      
688      -27.363552      0.087270      
689      -27.215725      0.087270      
690      -27.286201      0.087270      
691      -27.102849      0.087270      
692      -27.168741      0.087270      
693      -27.036384      0.087270      
694      -27.016330      0.087270      
695      -27.093108      0.087270      
696      -26.642177      0.087270      
697      -26.211873      0.087270      
698      -25.544931      0.087270      
699      -24.448830      0.087270      
700      -23.619736      0.087270      
701      -23.002069      0.087270      
702      -21.780487      0.087270      
703      -21.331848      0.087270      
704      -20.113131      0.087270      
705      -18.945981      0.087270      
706      -18.526564      0.087270      
707      -17.716951      0.087270      
708      -16.667261      0.087270      
709      -15.524176      0.087270      
710      -13.514754      0.087270      
711      -11.495591      0.087270      
712      -9.599618      0.087270      
713      -8.666242      0.087270      
714      -6.170937      0.087270      
715      -3.676206      0.087270      
716      -1.844406      0.087270      
717      0.670380      0.087270      
718      3.553589      0.087270      
719      5.340124      0.087270      
720      7.962629      0.087270      
721      10.150247      0.087270      
722      11.194780      0.087270      
723      13.547414      0.087270      
724      15.565431      0.087270      
725      17.203565      0.087270      
726      18.886965      0.087270      
727      20.942798      0.087270      
728      22.048639      0.087270      
729      23.274232      0.087270      
730      24.239694      0.087270      
731      24.718128      0.087270      
732      26.002738      0.087270      
733      27.425434      0.087270      
734      28.916314      0.087270      
735      30.446156      0.087270      
736      33.323062      0.087270      
737      35.185803      0.087270      
738      36.721948      0.087270      
739      37.521248      0.087270      
740      38.745695      0.087270      
741      40.202769      0.087270      
742      41.481076      0.087270      
743      42.887729      0.087270      
744      44.480025      0.087270      
745      46.618367      0.087270      
746      48.208945      0.087270      
747      49.625338      0.087270      
748      50.098042      0.087270      
749      51.567149      0.087270      
750      52.483909      0.087270      
751      53.480885      0.087270      
752      54.521980      0.087270      
753      56.337737      0.087270      
754      57.426389      0.087270      
755      58.543689      0.087270      
756      59.095464      0.087270      
757      60.124527      0.087270      
758      61.197708      0.087270      
759      62.062900      0.087270      
760      63.034092      0.087270      
761      64.349069      0.087270      
762      65.393602      0.087270      
763      65.983193      0.087270      
764      66.716027      0.087270      
765      67.144039      0.087270      
766      67.733057      0.087270      
767      68.192583      0.087270      
768      68.951202      0.087270      
769      69.486360      0.087270      
770      69.988286      0.087270      
771      70.696483      0.087270      
772      71.725545      0.087270      
773      72.550629      0.087270      
774      73.310966      0.087270      
775      73.509788      0.087270      
776      74.360083      0.087270      
777      74.896387      0.087270      
