50      0.023970      1636299653790      
51      0.020390      1636299653822      
52      0.025430      1636299653909      
53      0.021390      1636299653939      
54      0.042230      1636299653964      
55      0.015670      1636299654020      
56      0.014000      1636299654042      
57      0.025230      1636299654060      
58      0.007720      1636299654094      
59      0.009470      1636299654124      
60      0.011940      1636299654161      
61      0.010640      1636299654187      
62      -0.002640      1636299654218      
63      -0.015110      1636299654250      
64      -0.011970      1636299654345      
65      -0.001150      1636299654375      
66      -0.000750      1636299654392      
67      -0.003010      1636299654424      
68      -0.009230      1636299654457      
69      -0.009060      1636299654639      
70      -0.011160      1636299654661      
71      -0.067460      1636299654692      
72      -0.007190      1636299654725      
73      -0.002890      1636299654761      
74      -0.003940      1636299654786      
75      -0.010840      1636299654817      
76      -0.010170      1636299654843      
77      -0.009320      1636299654892      
78      -0.010230      1636299654928      
79      -0.007070      1636299654957      
80      -0.010360      1636299654992      
81      -0.006100      1636299655018      
82      0.003730      1636299655050      
83      -0.000910      1636299655079      
84      -0.002520      1636299655111      
85      0.005810      1636299655146      
86      0.006250      1636299655193      
87      -0.000040      1636299655229      
88      0.008760      1636299655258      
89      0.009920      1636299655289      
90      0.014100      1636299655320      
91      0.011940      1636299655426      
92      0.007260      1636299655444      
93      0.049320      1636299655461      
94      0.005900      1636299655493      
95      0.014210      1636299655526      
96      0.052390      1636299655561      
97      0.032290      1636299655585      
98      -0.024990      1636299655617      
99      -0.044600      1636299655650      
100      -0.113600      1636299655678      
101      0.016000      1636299655727      
102      0.072480      1636299655772      
103      0.080940      1636299655794      
104      0.013620      1636299655825      
105      0.014400      1636299655856      
106      -0.015400      1636299655887      
107      -0.022850      1636299655917      
108      -0.015540      1636299655949      
109      -0.021550      1636299656001      
110      0.025200      1636299656027      
111      0.074620      1636299656058      
112      0.067740      1636299656088      
113      0.096910      1636299656124      
114      0.124140      1636299656157      
115      0.061440      1636299656185      
116      0.014170      1636299656211      
117      -0.010420      1636299656264      
118      0.011570      1636299656295      
119      -0.086830      1636299656327      
120      -0.031190      1636299656361      
121      -0.031220      1636299656395      
122      0.001420      1636299656426      
123      0.000000      1636299656452      
124      0.000000      1636299656484      
125      0.000000      1636299656515      
126      0.000000      1636299656562      
127      0.001400      1636299656603      
128      -0.000010      1636299656626      
129      0.000000      1636299656657      
130      -0.001390      1636299656686      
131      0.000000      1636299656719      
132      0.000000      1636299656753      
133      0.001400      1636299656783      
134      -0.001400      1636299656826      
135      0.001400      1636299656859      
136      0.000000      1636299656892      
137      0.000000      1636299656922      
138      -0.001400      1636299656954      
139      0.001400      1636299656984      
140      -0.001400      1636299657014      
141      0.000000      1636299657045      
142      0.000000      1636299657093      
143      0.001400      1636299657127      
144      0.000000      1636299657169      
145      -0.001140      1636299657193      
146      -0.000260      1636299657222      
147      0.001400      1636299657252      
148      0.000000      1636299657285      
149      0.000000      1636299657317      
150      -0.001400      1636299657371      
151      0.001660      1636299657402      
152      -0.001660      1636299657427      
153      0.001400      1636299657455      
154      0.000000      1636299657501      
155      -0.001400      1636299657518      
156      0.001400      1636299657552      
157      0.000000      1636299657606      
158      0.000050      1636299657629      
159      -0.001460      1636299657657      
160      0.001410      1636299657692      
161      -0.001420      1636299657721      
162      0.000010      1636299657755      
163      0.000000      1636299657790      
164      0.000000      1636299657845      
165      0.000000      1636299657875      
166      0.000000      1636299657906      
167      0.001410      1636299657941      
168      -0.001410      1636299657975      
169      0.000000      1636299658043      
170      0.000040      1636299658070      
171      0.001420      1636299658104      
172      0.000000      1636299658134      
173      0.000000      1636299658160      
174      0.000000      1636299658194      
175      -0.001400      1636299658237      
176      0.001400      1636299658256      
177      -0.001400      1636299658288      
178      0.000050      1636299658320      
179      0.000000      1636299658350      
180      0.000000      1636299658384      
181      0.000000      1636299658438      
182      0.001410      1636299658462      
183      -0.001410      1636299658493      
184      0.000000      1636299658523      
185      0.000000      1636299658561      
186      0.001410      1636299658586      
187      -0.001410      1636299658618      
188      0.000000      1636299658653      
189      0.000000      1636299658697      
190      0.001410      1636299658727      
191      0.000000      1636299658762      
192      0.000000      1636299658791      
193      -0.001410      1636299658823      
194      0.000000      1636299658859      
195      0.000000      1636299658889      
196      0.001410      1636299658934      
197      -0.001410      1636299658967      
198      0.001410      1636299658994      
199      -0.001410      1636299659028      
200      0.000270      1636299659070      
201      -0.001670      1636299659090      
202      0.001400      1636299659121      
203      0.001410      1636299659153      
204      -0.001410      1636299659185      
205      -0.000050      1636299659217      
206      0.000000      1636299659273      
207      0.000000      1636299659294      
208      0.001400      1636299659325      
209      -0.001400      1636299659358      
210      0.000000      1636299659391      
211      0.000000      1636299659423      
212      0.001400      1636299659458      
213      -0.001400      1636299659487      
214      -0.001410      1636299659517      
215      0.000000      1636299659547      
216      0.001410      1636299659593      
217      -0.001410      1636299659626      
218      0.001410      1636299659661      
219      0.000000      1636299659697      
220      0.000000      1636299659723      
221      -0.000020      1636299659755      
222      0.000020      1636299659787      
223      0.000000      1636299659821      
224      0.001400      1636299659852      
225      -0.001400      1636299659885      
226      0.000000      1636299659927      
227      0.000000      1636299659960      
228      0.000000      1636299659991      
229      0.000000      1636299660034      
230      0.000000      1636299660055      
231      0.000000      1636299660089      
232      0.000000      1636299660117      
233      0.000000      1636299660162      
234      0.001400      1636299660193      
235      -0.001400      1636299660225      
236      0.000000      1636299660260      
237      0.000000      1636299660305      
238      0.000000      1636299660325      
239      -0.000020      1636299660351      
240      0.000020      1636299660382      
241      0.001400      1636299660426      
242      -0.001400      1636299660462      
243      0.000000      1636299660495      
244      0.000000      1636299660526      
245      0.000000      1636299660557      
246      0.000000      1636299660586      
247      0.000000      1636299660618      
248      0.000000      1636299660673      
249      0.000000      1636299660698      
250      0.000000      1636299660725      
251      0.000000      1636299660760      
252      0.000000      1636299660791      
253      0.000000      1636299660822      
254      0.000000      1636299660854      
255      -0.001410      1636299660889      
256      0.002810      1636299660916      
257      -0.001400      1636299660960      
258      0.000000      1636299660992      
259      0.000000      1636299661025      
260      0.001400      1636299661058      
261      -0.001400      1636299661090      
262      -0.001410      1636299661122      
263      0.001410      1636299661153      
264      0.000000      1636299661185      
265      -0.001410      1636299661217      
266      0.001410      1636299661263      
267      0.000000      1636299661294      
268      0.000000      1636299661325      
269      0.000000      1636299661357      
270      0.000000      1636299661388      
271      0.000000      1636299661418      
272      -0.001420      1636299661451      
273      0.001420      1636299661496      
274      0.001400      1636299661526      
275      0.000000      1636299661559      
276      -0.001400      1636299661593      
277      0.001390      1636299661625      
278      -0.001390      1636299661655      
279      0.001400      1636299661691      
280      -0.001400      1636299661737      
281      0.000000      1636299661779      
282      0.000000      1636299661822      
283      -0.000060      1636299661856      
284      0.000000      1636299661894      
285      0.001410      1636299661939      
286      -0.001410      1636299661971      
287      0.000000      1636299662004      
288      0.000000      1636299662030      
289      -0.000010      1636299662059      
290      -0.001410      1636299662092      
291      0.002830      1636299662125      
292      -0.001410      1636299662154      
293      0.000000      1636299662187      
294      -0.000010      1636299662217      
295      -0.001400      1636299662265      
296      0.001410      1636299662293      
297      -0.001730      1636299662326      
298      0.001730      1636299662358      
299      -0.000060      1636299662390      
300      -0.000010      1636299662423      
301      0.001420      1636299662456      
302      -0.001420      1636299662485      
303      0.001420      1636299662529      
304      -0.001410      1636299662565      
305      -0.000260      1636299662593      
306      0.000260      1636299662625      
307      0.000000      1636299662655      
308      -0.000260      1636299662694      
309      0.001670      1636299662746      
310      -0.001420      1636299662773      
311      -0.001390      1636299662822      
312      0.001450      1636299662849      
313      0.000010      1636299662878      
314      -0.001410      1636299662909      
315      0.000000      1636299662946      
316      0.001140      1636299662975      
317      0.000270      1636299663000      
318      0.000000      1636299663033      
319      0.000000      1636299663065      
320      0.001140      1636299663093      
321      -0.001140      1636299663126      
322      0.000000      1636299663166      
323      0.000000      1636299663206      
324      0.000000      1636299663266      
325      0.000000      1636299663285      
326      0.000000      1636299663300      
327      0.000000      1636299663334      
328      -0.000010      1636299663371      
329      0.000010      1636299663393      
330      0.001410      1636299663425      
331      -0.001420      1636299663458      
332      0.000010      1636299663490      
333      0.000000      1636299663522      
334      0.000000      1636299663561      
335      0.000000      1636299663586      
336      0.000000      1636299663651      
337      0.000000      1636299663684      
338      0.000000      1636299663715      
339      0.000000      1636299663752      
340      0.000060      1636299663782      
341      0.000000      1636299663809      
