136      0.469251      0.046562      0.121669      1.321676      -1.011591      1.007757      
137      0.469631      0.046792      0.121419      1.323226      -1.008576      1.004737      
138      0.470181      0.047032      0.121159      1.325578      -1.003981      1.000133      
139      0.470521      0.047182      0.121039      1.327218      -1.000761      0.996906      
140      0.470971      0.047382      0.120849      1.328997      -0.997254      0.993392      
141      0.471391      0.047542      0.120699      1.331137      -0.993015      0.989146      
142      0.471741      0.047742      0.120649      1.333875      -0.987561      0.983682      
143      0.472391      0.047922      0.120619      1.336566      -0.982166      0.978276      
144      0.472881      0.048112      0.120659      1.338194      -0.978886      0.974990      
145      0.473361      0.048242      0.120669      1.340257      -0.974708      0.970804      
146      0.473841      0.048442      0.120659      1.342293      -0.970566      0.966654      
147      0.474181      0.048582      0.120639      1.342873      -0.969381      0.965467      
148      0.474681      0.048742      0.120469      1.344363      -0.966332      0.962412      
149      0.475031      0.048902      0.120349      1.346075      -0.962813      0.958887      
150      0.475621      0.049072      0.120119      1.348743      -0.957299      0.953363      
151      0.476061      0.049202      0.119889      1.349817      -0.955070      0.951130      
152      0.476511      0.049392      0.119589      1.352797      -0.948850      0.944898      
153      0.476991      0.049512      0.119329      1.355388      -0.943405      0.939443      
154      0.477361      0.049642      0.119189      1.357726      -0.938456      0.934486      
155      0.477751      0.049772      0.119009      1.358908      -0.935944      0.931969      
156      0.478291      0.050062      0.118789      1.361619      -0.930152      0.926167      
157      0.478771      0.050272      0.118599      1.364998      -0.922872      0.918874      
158      0.479191      0.050502      0.118379      1.367932      -0.916497      0.912488      
159      0.479821      0.050752      0.118099      1.371223      -0.909285      0.905263      
160      0.480191      0.051012      0.117899      1.374431      -0.902190      0.898156      
161      0.480621      0.051322      0.117649      1.377263      -0.895873      0.891828      
162      0.481131      0.051722      0.117289      1.379130      -0.891680      0.887627      
163      0.481411      0.051982      0.117029      1.381112      -0.887204      0.883144      
164      0.481731      0.052202      0.116699      1.382191      -0.884757      0.880693      
165      0.482111      0.052372      0.116389      1.383386      -0.882035      0.877966      
166      0.482451      0.052532      0.116169      1.385149      -0.878005      0.873929      
167      0.482911      0.052612      0.115819      1.386831      -0.874140      0.870059      
168      0.483171      0.052742      0.115659      1.389810      -0.867246      0.863152      
169      0.483641      0.052802      0.115459      1.393607      -0.858367      0.854259      
170      0.483821      0.052842      0.115469      1.395577      -0.853720      0.849604      
171      0.483961      0.052822      0.115429      1.398220      -0.847440      0.843314      
172      0.484221      0.052842      0.115189      1.400787      -0.841286      0.837150      
173      0.484341      0.052942      0.114999      1.404080      -0.833322      0.829173      
174      0.484541      0.052962      0.114749      1.409847      -0.819158      0.814986      
175      0.484471      0.052952      0.114729      1.414355      -0.807893      0.803704      
176      0.484541      0.052922      0.114599      1.417958      -0.798762      0.794558      
177      0.484651      0.052952      0.114449      1.421775      -0.788958      0.784740      
178      0.484591      0.052962      0.114479      1.425916      -0.778168      0.773933      
179      0.484651      0.052952      0.114379      1.428818      -0.770505      0.766258      
180      0.484531      0.052972      0.114289      1.432595      -0.760407      0.756145      
181      0.484571      0.053002      0.114059      1.436315      -0.750310      0.746033      
182      0.484461      0.053042      0.113909      1.440915      -0.737618      0.733323      
183      0.484431      0.053032      0.113849      1.444188      -0.728436      0.724128      
184      0.484501      0.053062      0.113759      1.445729      -0.724070      0.719756      
185      0.484401      0.053072      0.113829      1.448755      -0.715411      0.711085      
186      0.484461      0.053092      0.113749      1.450140      -0.711411      0.707079      
187      0.484541      0.053112      0.113689      1.450010      -0.711788      0.707456      
188      0.484561      0.053122      0.113679      1.451242      -0.708210      0.703874      
189      0.484541      0.053112      0.113709      1.452717      -0.703901      0.699558      
190      0.484681      0.053072      0.113559      1.455213      -0.696541      0.692188      
191      0.484671      0.053042      0.113539      1.457422      -0.689956      0.685594      
192      0.484601      0.052922      0.113499      1.460760      -0.679877      0.675501      
193      0.484751      0.052822      0.113369      1.462105      -0.675768      0.671387      
194      0.484741      0.052702      0.113489      1.465695      -0.664671      0.660275      
195      0.484861      0.052522      0.113469      1.467774      -0.658151      0.653746      
196      0.484951      0.052442      0.113439      1.469147      -0.653806      0.649395      
197      0.484941      0.052342      0.113519      1.471290      -0.646965      0.642546      
198      0.485121      0.052162      0.113449      1.473199      -0.640802      0.636375      
199      0.485201      0.051992      0.113489      1.477711      -0.625982      0.621536      
200      0.485311      0.051842      0.113439      1.480321      -0.617237      0.612780      
201      0.485521      0.051682      0.113379      1.481583      -0.612960      0.608497      
202      0.485581      0.051592      0.113399      1.484104      -0.604317      0.599844      
203      0.485751      0.051472      0.113209      1.486051      -0.597553      0.593071      
204      0.485941      0.051472      0.113019      1.487917      -0.590995      0.586506      
205      0.486261      0.051492      0.112839      1.490301      -0.582498      0.577999      
206      0.486601      0.051592      0.112519      1.491302      -0.578896      0.574392      
207      0.486771      0.051702      0.112419      1.492448      -0.574734      0.570226      
208      0.487061      0.051892      0.112129      1.493901      -0.569417      0.564903      
209      0.487221      0.052012      0.112089      1.495182      -0.564688      0.560168      
210      0.487421      0.052142      0.112029      1.496548      -0.559594      0.555068      
211      0.487681      0.052302      0.111929      1.499121      -0.549867      0.545330      
212      0.488021      0.052432      0.111859      1.499531      -0.548300      0.543761      
213      0.488231      0.052502      0.111899      1.501186      -0.541929      0.537382      
214      0.488431      0.052582      0.111959      1.503187      -0.534120      0.529565      
215      0.488641      0.052692      0.111949      1.504170      -0.530237      0.525678      
216      0.488781      0.052782      0.112069      1.505569      -0.524662      0.520096      
217      0.489091      0.053002      0.112029      1.508887      -0.511182      0.506602      
218      0.489291      0.053112      0.112049      1.510945      -0.502632      0.498043      
219      0.489481      0.053212      0.111969      1.512332      -0.496786      0.492190      
220      0.489861      0.053322      0.111589      1.513512      -0.491754      0.487153      
221      0.490041      0.053362      0.111569      1.515118      -0.484816      0.480208      
222      0.490411      0.053332      0.111409      1.516124      -0.480420      0.475808      
223      0.490891      0.053332      0.111289      1.517615      -0.473821      0.469202      
224      0.491241      0.053252      0.111339      1.519339      -0.466076      0.461449      
225      0.491591      0.053262      0.111279      1.520397      -0.461257      0.456625      
226      0.491811      0.053242      0.111469      1.521571      -0.455845      0.451208      
227      0.492201      0.053212      0.111569      1.522170      -0.453057      0.448417      
228      0.492621      0.053302      0.111589      1.522733      -0.450424      0.445781      
229      0.492931      0.053322      0.111739      1.523629      -0.446194      0.441547      
230      0.493281      0.053332      0.111619      1.524296      -0.443024      0.438373      
231      0.493501      0.053392      0.111769      1.525558      -0.436953      0.432297      
232      0.493731      0.053422      0.111879      1.526607      -0.431841      0.427180      
233      0.494001      0.053542      0.111949      1.527399      -0.427935      0.423271      
234      0.494141      0.053602      0.112169      1.528909      -0.420396      0.415725      
235      0.494341      0.053672      0.112209      1.529740      -0.416185      0.411510      
236      0.494711      0.053762      0.112299      1.530672      -0.411412      0.406732      
237      0.494871      0.053772      0.112379      1.531281      -0.408261      0.403578      
238      0.495201      0.053802      0.112199      1.531777      -0.405679      0.400994      
239      0.495301      0.053842      0.112219      1.532967      -0.399406      0.394715      
240      0.495451      0.053842      0.112199      1.534286      -0.392336      0.387639      
241      0.495601      0.053842      0.112049      1.535091      -0.387958      0.383256      
242      0.495661      0.053882      0.112019      1.536844      -0.378239      0.373529      
243      0.495861      0.054002      0.111779      1.538380      -0.369508      0.364791      
244      0.495961      0.054062      0.111689      1.540355      -0.357972      0.353244      
245      0.496061      0.054122      0.111649      1.541655      -0.350158      0.345424      
246      0.496251      0.054242      0.111539      1.542437      -0.345376      0.340638      
247      0.496321      0.054342      0.111549      1.543621      -0.338006      0.333262      
248      0.496521      0.054452      0.111429      1.544776      -0.330650      0.325900      
249      0.496731      0.054562      0.111449      1.545806      -0.323949      0.319194      
250      0.496901      0.054672      0.111389      1.547117      -0.315214      0.310451      
251      0.497021      0.054742      0.111459      1.548153      -0.308135      0.303367      
252      0.497161      0.054782      0.111599      1.549013      -0.302127      0.297355      
253      0.497411      0.054902      0.111509      1.549718      -0.297112      0.292336      
254      0.497631      0.055062      0.111619      1.550357      -0.292495      0.287715      
255      0.497801      0.055162      0.111629      1.550734      -0.289733      0.284951      
256      0.498031      0.055242      0.111729      1.551377      -0.284966      0.280181      
257      0.498181      0.055262      0.111869      1.551869      -0.281256      0.276468      
258      0.498551      0.055302      0.111849      1.552111      -0.279417      0.274628      
259      0.498841      0.055322      0.111879      1.552057      -0.279832      0.275043      
260      0.499171      0.055342      0.111839      1.552593      -0.275714      0.270922      
261      0.499631      0.055472      0.111609      1.552928      -0.273115      0.268321      
262      0.499781      0.055502      0.111589      1.553256      -0.270539      0.265744      
263      0.500031      0.055542      0.111429      1.553873      -0.265630      0.260831      
264      0.500181      0.055612      0.111239      1.554266      -0.262451      0.257650      
265      0.500281      0.055692      0.111129      1.554653      -0.259288      0.254484      
266      0.500431      0.055762      0.111009      1.554766      -0.258356      0.253552      
267      0.500531      0.055882      0.111099      1.555437      -0.252756      0.247948      
268      0.500621      0.055942      0.111109      1.556046      -0.247563      0.242752      
269      0.500731      0.056052      0.111129      1.556415      -0.244360      0.239546      
270      0.500711      0.056122      0.111189      1.557618      -0.233619      0.228798      
271      0.500741      0.056192      0.111099      1.558626      -0.224224      0.219397      
272      0.500721      0.056222      0.111029      1.559309      -0.217634      0.212802      
273      0.500441      0.056382      0.110819      1.560609      -0.204489      0.199650      
274      0.500261      0.056472      0.110469      1.561675      -0.193044      0.188197      
275      0.500031      0.056472      0.110229      1.562458      -0.184191      0.179340      
276      0.499921      0.056442      0.110059      1.562572      -0.182866      0.178014      
277      0.499731      0.056432      0.109899      1.562845      -0.179651      0.174797      
278      0.499661      0.056372      0.109909      1.563194      -0.175464      0.170607      
279      0.499721      0.056352      0.109639      1.563220      -0.175142      0.170285      
280      0.499671      0.056322      0.109579      1.563654      -0.169778      0.164918      
281      0.499631      0.056282      0.109349      1.563764      -0.168390      0.163529      
282      0.499571      0.056262      0.108989      1.563930      -0.166272      0.161410      
283      0.499391      0.056152      0.108729      1.564501      -0.158789      0.153923      
284      0.499391      0.056052      0.108539      1.564640      -0.156906      0.152039      
285      0.499461      0.055872      0.108429      1.564698      -0.156122      0.151254      
286      0.499531      0.055602      0.108389      1.565689      -0.141954      0.137079      
287      0.499651      0.055412      0.108389      1.566061      -0.136258      0.131380      
288      0.499691      0.055222      0.108489      1.566255      -0.133190      0.128310      
289      0.499721      0.055112      0.108529      1.566690      -0.126057      0.121174      
290      0.499851      0.055002      0.108579      1.567211      -0.116939      0.112051      
291      0.499971      0.054892      0.108639      1.567417      -0.113141      0.108251      
292      0.500041      0.054822      0.108719      1.567522      -0.111155      0.106264      
293      0.500091      0.054812      0.108539      1.567609      -0.109468      0.104576      
294      0.500071      0.054782      0.108539      1.567827      -0.105167      0.100273      
295      0.500171      0.054672      0.108509      1.568058      -0.100410      0.095514      
296      0.500301      0.054572      0.108499      1.568133      -0.098809      0.093913      
297      0.500361      0.054432      0.108529      1.568200      -0.097349      0.092452      
298      0.500391      0.054372      0.108489      1.568324      -0.094618      0.089719      
299      0.500411      0.054242      0.108559      1.568655      -0.086910      0.082008      
300      0.500471      0.054122      0.108569      1.568511      -0.090340      0.085439      
301      0.500481      0.054112      0.108529      1.568484      -0.090968      0.086068      
302      0.500521      0.054032      0.108509      1.568513      -0.090285      0.085384      
303      0.500571      0.054012      0.108419      1.568424      -0.092357      0.087458      
304      0.500561      0.053942      0.108369      1.568508      -0.090418      0.085518      
305      0.500561      0.053852      0.108339      1.568604      -0.088134      0.083233      
306      0.500571      0.053812      0.108259      1.568547      -0.089492      0.084591      
307      0.500431      0.053732      0.108369      1.568891      -0.080959      0.076055      
308      0.500391      0.053702      0.108289      1.569107      -0.075111      0.070204      
309      0.500341      0.053712      0.108159      1.569126      -0.074577      0.069670      
310      0.500241      0.053752      0.108109      1.569184      -0.072936      0.068028      
311      0.500081      0.053832      0.107739      1.569550      -0.061482      0.056569      
312      0.499951      0.053812      0.107509      1.569813      -0.051770      0.046853      
313      0.499871      0.053762      0.107409      1.569769      -0.053521      0.048605      
314      0.499651      0.053762      0.107049      1.569726      -0.055154      0.050239      
315      0.499531      0.053692      0.106909      1.569717      -0.055492      0.050576      
316      0.499461      0.053672      0.106699      1.569690      -0.056512      0.051598      
317      0.499341      0.053652      0.106599      1.569780      -0.053074      0.048157      
318      0.499201      0.053572      0.106409      1.569752      -0.054181      0.049265      
319      0.499061      0.053582      0.106269      1.569811      -0.051849      0.046932      
320      0.498871      0.053602      0.106129      1.569873      -0.049305      0.044387      
321      0.498751      0.053652      0.105959      1.569866      -0.049588      0.044670      
322      0.498551      0.053702      0.105899      1.569901      -0.048080      0.043162      
323      0.498391      0.053722      0.105829      1.569991      -0.044029      0.039109      
324      0.498271      0.053742      0.105699      1.569976      -0.044743      0.039824      
325      0.498111      0.053742      0.105649      1.569999      -0.043652      0.038732      
326      0.497821      0.053792      0.105349      1.569918      -0.047342      0.042424      
327      0.497601      0.053852      0.105199      1.569924      -0.047091      0.042172      
328      0.497361      0.053882      0.105089      1.569932      -0.046737      0.041819      
329      0.497231      0.053922      0.104959      1.569927      -0.046965      0.042046      
330      0.497031      0.053952      0.104919      1.569974      -0.044853      0.039934      
331      0.496931      0.053952      0.104859      1.569932      -0.046722      0.041803      
332      0.496661      0.053952      0.104789      1.570045      -0.041430      0.036509      
333      0.496491      0.053922      0.104839      1.570105      -0.038320      0.033398      
334      0.496381      0.053922      0.104799      1.570109      -0.038116      0.033194      
335      0.496211      0.053892      0.104859      1.570160      -0.035250      0.030327      
336      0.495971      0.053822      0.104879      1.570256      -0.029165      0.024240      
337      0.495831      0.053812      0.104809      1.570311      -0.025003      0.020076      
338      0.495691      0.053722      0.104889      1.570378      -0.019004      0.014075      
339      0.495631      0.053612      0.104899      1.570392      -0.017520      0.012591      
340      0.495601      0.053572      0.104869      1.570393      -0.017324      0.012394      
341      0.495591      0.053462      0.104809      1.570424      -0.013476      0.008545      
342      0.495611      0.053402      0.104749      1.570421      -0.013931      0.009001      
343      0.495591      0.053292      0.104809      1.570429      -0.012769      0.007838      
344      0.495601      0.053162      0.104869      1.570457      -0.007846      0.002913      
345      0.495681      0.053062      0.104839      1.570466      -0.005380      0.000447      
346      0.495771      0.052832      0.104909      1.570469      -0.004571      -0.000362      
347      0.495761      0.052672      0.105029      1.570466      -0.005317      0.000384      
348      0.495771      0.052442      0.105029      1.570467      -0.005184      0.000250      
349      0.495761      0.052322      0.105079      1.570463      -0.006220      0.001287      
350      0.495761      0.052262      0.105049      1.570463      -0.006212      0.001279      
351      0.495761      0.052132      0.105119      1.570468      -0.004728      -0.000205      
352      0.495771      0.051992      0.105189      1.570471      -0.003747      -0.001187      
353      0.495851      0.051902      0.105189      1.570474      -0.002687      -0.002248      
354      0.495861      0.051772      0.105249      1.570477      -0.000590      -0.004345      
355      0.495901      0.051702      0.105269      1.570478      0.001193      -0.006128      
356      0.496001      0.051652      0.105319      1.570476      0.005009      -0.009946      
357      0.496141      0.051542      0.105399      1.570473      0.006870      -0.011807      
358      0.496331      0.051432      0.105529      1.570471      0.007428      -0.012365      
359      0.496581      0.051292      0.105659      1.570458      0.011205      -0.016143      
360      0.496681      0.051182      0.105719      1.570462      0.010262      -0.015201      
361      0.496811      0.051132      0.105729      1.570460      0.010773      -0.015711      
362      0.496901      0.051072      0.105749      1.570451      0.012799      -0.017738      
363      0.497091      0.050892      0.105809      1.570444      0.013969      -0.018908      
364      0.497301      0.050792      0.105869      1.570456      0.011644      -0.016583      
365      0.497571      0.050592      0.106099      1.570433      0.015853      -0.020794      
366      0.497811      0.050452      0.106239      1.570427      0.016811      -0.021752      
367      0.498091      0.050352      0.106299      1.570416      0.018272      -0.023213      
368      0.498141      0.050322      0.106329      1.570405      0.019725      -0.024666      
369      0.498291      0.050332      0.106229      1.570415      0.018351      -0.023291      
370      0.498511      0.050312      0.106279      1.570408      0.019254      -0.024195      
371      0.498701      0.050292      0.106419      1.570393      0.021052      -0.025994      
372      0.499001      0.050412      0.106339      1.570399      0.020424      -0.025365      
373      0.499111      0.050472      0.106429      1.570373      0.023196      -0.028138      
374      0.499271      0.050552      0.106679      1.570332      0.027028      -0.031971      
375      0.499391      0.050622      0.106739      1.570324      0.027664      -0.032607      
376      0.499481      0.050602      0.106939      1.570306      0.029124      -0.034068      
377      0.499581      0.050562      0.106939      1.570329      0.027232      -0.032175      
378      0.499681      0.050562      0.106899      1.570304      0.029329      -0.034273      
379      0.499741      0.050522      0.106959      1.570298      0.029753      -0.034697      
380      0.499851      0.050502      0.106959      1.570320      0.028025      -0.032969      
381      0.500201      0.050482      0.106889      1.570295      0.029996      -0.034940      
382      0.500421      0.050402      0.106979      1.570206      0.036184      -0.041130      
383      0.500711      0.050352      0.106979      1.570209      0.035948      -0.040894      
384      0.500971      0.050282      0.107089      1.570199      0.036616      -0.041562      
385      0.501151      0.050232      0.107099      1.570166      0.038603      -0.043549      
386      0.501351      0.050232      0.106979      1.570190      0.037142      -0.042088      
387      0.501471      0.050192      0.107069      1.570127      0.040825      -0.045772      
388      0.501631      0.050162      0.106989      1.570095      0.042544      -0.047492      
389      0.501721      0.050112      0.107139      1.570077      0.043526      -0.048474      
390      0.501851      0.050082      0.107219      1.570051      0.044814      -0.049762      
391      0.501961      0.050062      0.107299      1.570030      0.045874      -0.050822      
392      0.502031      0.050022      0.107429      1.569965      0.048952      -0.053901      
393      0.502101      0.049992      0.107439      1.569941      0.050059      -0.055009      
394      0.502191      0.049952      0.107499      1.569894      0.052109      -0.057059      
395      0.502221      0.049922      0.107509      1.569715      0.059301      -0.064253      
396      0.502261      0.049892      0.107559      1.569638      0.062112      -0.067065      
397      0.502301      0.049872      0.107599      1.569633      0.062309      -0.067261      
398      0.502311      0.049862      0.107599      1.569580      0.064170      -0.069122      
399      0.502331      0.049872      0.107669      1.569420      0.069485      -0.074439      
400      0.502371      0.049862      0.107719      1.569426      0.069281      -0.074235      
401      0.502361      0.049852      0.107759      1.569394      0.070318      -0.075272      
402      0.502331      0.049842      0.107809      1.569319      0.072650      -0.077604      
403      0.502341      0.049842      0.107879      1.569288      0.073584      -0.078539      
404      0.502311      0.049822      0.108029      1.569128      0.078240      -0.083196      
405      0.502391      0.049872      0.107999      1.569062      0.080077      -0.085033      
406      0.502431      0.049892      0.108089      1.568951      0.083084      -0.088041      
407      0.502421      0.049892      0.108249      1.568770      0.087779      -0.092737      
408      0.502501      0.049932      0.108109      1.568775      0.087638      -0.092596      
409      0.502511      0.049962      0.108229      1.568589      0.092215      -0.097174      
410      0.502561      0.049992      0.108169      1.568490      0.094547      -0.099506      
411      0.502631      0.050052      0.108139      1.568416      0.096251      -0.101210      
412      0.502671      0.050072      0.108239      1.568345      0.097868      -0.102827      
413      0.502761      0.050102      0.108199      1.568155      0.102052      -0.107012      
414      0.502841      0.050112      0.108259      1.568024      0.104823      -0.109784      
415      0.502911      0.050112      0.108429      1.568086      0.103520      -0.108481      
416      0.502931      0.050162      0.108369      1.567882      0.107759      -0.112720      
417      0.502941      0.050162      0.108429      1.567812      0.109180      -0.114142      
418      0.502931      0.050142      0.108459      1.567646      0.112477      -0.117439      
419      0.502891      0.050142      0.108429      1.567374      0.117666      -0.122629      
420      0.502871      0.050102      0.108489      1.567180      0.121222      -0.126185      
421      0.502881      0.050112      0.108489      1.567218      0.120539      -0.125502      
422      0.502891      0.050162      0.108569      1.567040      0.123726      -0.128689      
423      0.502901      0.050222      0.108649      1.567028      0.123946      -0.128909      
424      0.502831      0.050272      0.108689      1.566738      0.128969      -0.133933      
425      0.502711      0.050252      0.108919      1.566272      0.136637      -0.141602      
426      0.502721      0.050272      0.108869      1.566397      0.134628      -0.139593      
427      0.502651      0.050272      0.108949      1.566193      0.137901      -0.142866      
428      0.502671      0.050282      0.108929      1.565972      0.141354      -0.146320      
429      0.502671      0.050262      0.108909      1.565969      0.141409      -0.146375      
430      0.502641      0.050282      0.108969      1.565922      0.142139      -0.147105      
431      0.502621      0.050332      0.108949      1.565717      0.145247      -0.150213      
432      0.502621      0.050332      0.109229      1.565504      0.148417      -0.153383      
433      0.502681      0.050422      0.109339      1.565474      0.148856      -0.153823      
434      0.502701      0.050512      0.109509      1.564985      0.155864      -0.160831      
435      0.502711      0.050552      0.109769      1.564821      0.158148      -0.163115      
436      0.502741      0.050692      0.109699      1.564946      0.156421      -0.161388      
437      0.502631      0.050802      0.109839      1.564383      0.164079      -0.169047      
438      0.502661      0.050852      0.109739      1.564475      0.162855      -0.167823      
439      0.502641      0.050922      0.109739      1.564405      0.163789      -0.168757      
440      0.502671      0.050912      0.109829      1.564223      0.166198      -0.171166      
441      0.502691      0.050932      0.109799      1.564188      0.166645      -0.171613      
442      0.502691      0.050982      0.109879      1.563952      0.169705      -0.174673      
443      0.502691      0.051022      0.109979      1.563927      0.170027      -0.174995      
444      0.502701      0.051112      0.109999      1.563881      0.170615      -0.175584      
445      0.502781      0.051172      0.110229      1.563529      0.175056      -0.180024      
446      0.502891      0.051162      0.110359      1.563307      0.177802      -0.182770      
447      0.503031      0.051122      0.110539      1.563322      0.177613      -0.182582      
448      0.503031      0.051132      0.110609      1.563235      0.178680      -0.183649      
449      0.503091      0.051162      0.110609      1.563175      0.179410      -0.184379      
450      0.503161      0.051182      0.110689      1.563165      0.179527      -0.184496      
451      0.503231      0.051162      0.110759      1.563088      0.180469      -0.185438      
452      0.503451      0.051252      0.110739      1.563003      0.181481      -0.186450      
453      0.503521      0.051272      0.110929      1.563012      0.181379      -0.186348      
454      0.503581      0.051332      0.110979      1.563018      0.181308      -0.186277      
455      0.503621      0.051452      0.111009      1.562913      0.182563      -0.187533      
456      0.503661      0.051472      0.111099      1.562742      0.184595      -0.189564      
457      0.503761      0.051532      0.111059      1.562906      0.182642      -0.187611      
458      0.503811      0.051542      0.111119      1.562674      0.185395      -0.190365      
459      0.503811      0.051542      0.110959      1.562916      0.182524      -0.187493      
460      0.503801      0.051532      0.110919      1.562541      0.186948      -0.191918      
461      0.503821      0.051452      0.111059      1.561754      0.195890      -0.200860      
462      0.503861      0.051412      0.111019      1.562335      0.189333      -0.194302      
463      0.503811      0.051382      0.111039      1.562243      0.190384      -0.195354      
464      0.503801      0.051322      0.111099      1.562138      0.191584      -0.196554      
465      0.503831      0.051322      0.111019      1.562320      0.189498      -0.194467      
466      0.503851      0.051272      0.111009      1.562192      0.190965      -0.195934      
467      0.503871      0.051212      0.110969      1.562252      0.190282      -0.195252      
468      0.503851      0.051172      0.110989      1.562094      0.192078      -0.197048      
469      0.503871      0.051072      0.111099      1.561760      0.195820      -0.200789      
470      0.503881      0.051062      0.111019      1.561786      0.195537      -0.200507      
471      0.503881      0.051012      0.110999      1.561388      0.199914      -0.204884      
472      0.503911      0.050992      0.110959      1.560568      0.208634      -0.213604      
473      0.503961      0.050952      0.110939      1.560283      0.211591      -0.216561      
474      0.503951      0.050942      0.111019      1.560583      0.208485      -0.213455      
475      0.503901      0.050972      0.110929      1.559813      0.216358      -0.221328      
476      0.503961      0.050962      0.110969      1.558132      0.232611      -0.237581      
477      0.504221      0.050882      0.111209      1.558326      0.230792      -0.235762      
478      0.504301      0.050832      0.111289      1.558403      0.230071      -0.235041      
479      0.504331      0.050772      0.111309      1.558362      0.230455      -0.235425      
480      0.504391      0.050752      0.111229      1.558367      0.230408      -0.235378      
481      0.504441      0.050712      0.111289      1.557848      0.235237      -0.240206      
482      0.504551      0.050662      0.111289      1.557971      0.234100      -0.239070      
483      0.504571      0.050652      0.111239      1.558501      0.229138      -0.234108      
484      0.504601      0.050552      0.111329      1.558233      0.231662      -0.236632      
485      0.504711      0.050522      0.111329      1.558457      0.229561      -0.234531      
486      0.504751      0.050482      0.111439      1.558132      0.232611      -0.237581      
487      0.504831      0.050392      0.111509      1.558092      0.232979      -0.237949      
488      0.504901      0.050352      0.111529      1.558224      0.231748      -0.236718      
489      0.504931      0.050282      0.111719      1.557789      0.235785      -0.240755      
490      0.504951      0.050232      0.111779      1.557547      0.238004      -0.242973      
491      0.505031      0.050202      0.111789      1.558011      0.233732      -0.238701      
492      0.505081      0.050192      0.111889      1.557877      0.234978      -0.239948      
493      0.505251      0.050192      0.111869      1.558016      0.233685      -0.238654      
494      0.505371      0.050262      0.111859      1.558373      0.230353      -0.235323      
495      0.505481      0.050302      0.111869      1.558259      0.231419      -0.236389      
496      0.505701      0.050382      0.111799      1.558622      0.227993      -0.232963      
497      0.506101      0.050452      0.111999      1.558437      0.229741      -0.234711      
498      0.506351      0.050562      0.111899      1.558601      0.228189      -0.233159      
499      0.506501      0.050682      0.111819      1.558652      0.227711      -0.232681      
500      0.506631      0.050752      0.111939      1.558641      0.227813      -0.232783      
501      0.506791      0.050902      0.111929      1.559004      0.224324      -0.229294      
502      0.506921      0.051022      0.112029      1.558544      0.228738      -0.233708      
503      0.507111      0.051102      0.112349      1.558680      0.227444      -0.232414      
504      0.507291      0.051192      0.112489      1.558763      0.226645      -0.231615      
505      0.507691      0.051262      0.112659      1.558638      0.227844      -0.232814      
506      0.507911      0.051282      0.112649      1.559085      0.223540      -0.228510      
507      0.508071      0.051312      0.112469      1.559003      0.224332      -0.229302      
508      0.508161      0.051292      0.112359      1.558884      0.225485      -0.230455      
509      0.508321      0.051322      0.112209      1.559214      0.222286      -0.227256      
510      0.508481      0.051332      0.112259      1.559036      0.224018      -0.228988      
511      0.508911      0.051392      0.112439      1.559201      0.222411      -0.227381      
512      0.509121      0.051512      0.112509      1.559084      0.223548      -0.228518      
513      0.509371      0.051632      0.112799      1.558948      0.224865      -0.229835      
514      0.509571      0.051722      0.112839      1.559294      0.221502      -0.226472      
515      0.509791      0.051872      0.112819      1.559047      0.223909      -0.228879      
516      0.510011      0.051962      0.113059      1.558804      0.226253      -0.231223      
517      0.510251      0.052012      0.113219      1.558897      0.225359      -0.230329      
518      0.510531      0.052042      0.113569      1.558754      0.226731      -0.231701      
519      0.510741      0.052132      0.113859      1.558615      0.228056      -0.233026      
520      0.511041      0.052282      0.114189      1.558298      0.231058      -0.236028      
521      0.511261      0.052302      0.114569      1.557602      0.237502      -0.242472      
522      0.511611      0.052412      0.114929      1.557218      0.240974      -0.245944      
523      0.511861      0.052512      0.115259      1.556282      0.249251      -0.254220      
524      0.512171      0.052652      0.115739      1.555678      0.254446      -0.259415      
525      0.512391      0.052752      0.116079      1.554996      0.260182      -0.265151      
526      0.512931      0.052972      0.116719      1.553624      0.271354      -0.276322      
527      0.513201      0.053022      0.117049      1.553600      0.271550      -0.276518      
528      0.513411      0.053102      0.117399      1.552427      0.280730      -0.285697      
529      0.513661      0.053222      0.117379      1.552348      0.281341      -0.286308      
530      0.513841      0.053302      0.117419      1.552566      0.279657      -0.284624      
531      0.513921      0.053302      0.117479      1.552302      0.281693      -0.286660      
532      0.514111      0.053332      0.117409      1.552593      0.279453      -0.284421      
533      0.514411      0.053232      0.117589      1.552290      0.281787      -0.286754      
534      0.514701      0.053152      0.117639      1.552402      0.280926      -0.285893      
535      0.515011      0.053162      0.117839      1.552206      0.282429      -0.287397      
536      0.515241      0.053112      0.118089      1.551733      0.286024      -0.290991      
537      0.515471      0.053112      0.118289      1.551752      0.285883      -0.290850      
538      0.515641      0.053212      0.118449      1.552087      0.283338      -0.288305      
539      0.515741      0.053262      0.118669      1.551189      0.290104      -0.295071      
540      0.515971      0.053352      0.118739      1.551500      0.287778      -0.292745      
541      0.516081      0.053432      0.118709      1.551395      0.288569      -0.293536      
542      0.516161      0.053542      0.118489      1.551000      0.291506      -0.296472      
543      0.516221      0.053592      0.118349      1.551284      0.289399      -0.294366      
544      0.516221      0.053672      0.118409      1.550719      0.293581      -0.298547      
545      0.516321      0.053702      0.118589      1.550315      0.296541      -0.301506      
546      0.516401      0.053752      0.118789      1.550371      0.296134      -0.301099      
547      0.516471      0.053792      0.118899      1.550373      0.296118      -0.301084      
548      0.516541      0.053852      0.119149      1.548237      0.311297      -0.316261      
549      0.516801      0.053852      0.119449      1.546418      0.323647      -0.328609      
550      0.517021      0.053872      0.119499      1.547097      0.319093      -0.324055      
551      0.517041      0.053962      0.119479      1.545697      0.328412      -0.333373      
552      0.517071      0.054042      0.119319      1.545592      0.329101      -0.334062      
553      0.517111      0.054062      0.119319      1.546514      0.323005      -0.327967      
554      0.517091      0.054112      0.119319      1.546041      0.326151      -0.331113      
555      0.517161      0.054152      0.119209      1.545454      0.330001      -0.334961      
556      0.517281      0.054192      0.119279      1.546113      0.325674      -0.330635      
557      0.517381      0.054212      0.119439      1.545438      0.330110      -0.335071      
558      0.517511      0.054222      0.119429      1.545322      0.330861      -0.335822      
559      0.517671      0.054222      0.119519      1.546304      0.324406      -0.329368      
560      0.517741      0.054272      0.119679      1.545673      0.328569      -0.333530      
561      0.517841      0.054322      0.119649      1.545853      0.327387      -0.332349      
562      0.517891      0.054332      0.119719      1.546024      0.326261      -0.331222      
563      0.517931      0.054372      0.119809      1.545715      0.328295      -0.333256      
564      0.518011      0.054392      0.119879      1.545105      0.332269      -0.337230      
565      0.518091      0.054382      0.120109      1.545069      0.332504      -0.337465      
566      0.518161      0.054412      0.120329      1.542611      0.348054      -0.353012      
567      0.518331      0.054362      0.120649      1.542157      0.350846      -0.355803      
568      0.518521      0.054382      0.120739      1.543504      0.342486      -0.347444      
569      0.518541      0.054462      0.120659      1.542637      0.347890      -0.352848      
570      0.518651      0.054442      0.120589      1.542128      0.351026      -0.355983      
571      0.518741      0.054412      0.120489      1.543954      0.339646      -0.344606      
572      0.518701      0.054412      0.120369      1.543753      0.340921      -0.345880      
573      0.518721      0.054352      0.120349      1.543889      0.340061      -0.345020      
574      0.518741      0.054322      0.120279      1.546037      0.326175      -0.331136      
575      0.518681      0.054252      0.120299      1.546363      0.324015      -0.328977      
576      0.518681      0.054172      0.120329      1.546846      0.320783      -0.325745      
577      0.518641      0.054132      0.120279      1.547774      0.314483      -0.319446      
578      0.518551      0.054072      0.120429      1.547327      0.317535      -0.322498      
579      0.518571      0.054042      0.120379      1.547935      0.313379      -0.318343      
580      0.518501      0.054072      0.120259      1.549146      0.304933      -0.309898      
581      0.518381      0.054062      0.120089      1.550705      0.293683      -0.298649      
582      0.518221      0.054122      0.119859      1.552776      0.278028      -0.282995      
583      0.518061      0.054092      0.119849      1.555878      0.252738      -0.257707      
584      0.517871      0.054072      0.119829      1.558153      0.232415      -0.237385      
585      0.517531      0.054092      0.119579      1.560340      0.210995      -0.215965      
586      0.517221      0.054002      0.119489      1.561348      0.200345      -0.205315      
587      0.516801      0.053872      0.119239      1.562431      0.188227      -0.193196      
588      0.516561      0.053772      0.119109      1.563617      0.173965      -0.178934      
589      0.516351      0.053722      0.119069      1.563754      0.172239      -0.177208      
590      0.516061      0.053622      0.119019      1.563965      0.169540      -0.174509      
591      0.515761      0.053622      0.118879      1.564945      0.156429      -0.161396      
592      0.515501      0.053592      0.118849      1.565220      0.152537      -0.157504      
593      0.515191      0.053562      0.118859      1.565771      0.144430      -0.149396      
594      0.514911      0.053592      0.118779      1.566793      0.128027      -0.132991      
595      0.514481      0.053602      0.118709      1.567186      0.121112      -0.126075      
596      0.514191      0.053512      0.118809      1.567184      0.121151      -0.126114      
597      0.513781      0.053452      0.118819      1.568175      0.101620      -0.106580      
598      0.513481      0.053342      0.118939      1.568772      0.087724      -0.092682      
599      0.513101      0.053332      0.118889      1.569340      0.072006      -0.076960      
600      0.512751      0.053352      0.118879      1.569831      0.054747      -0.059698      
601      0.512391      0.053392      0.119169      1.570009      0.046879      -0.051828      
602      0.512171      0.053472      0.119309      1.569993      0.047656      -0.052605      
603      0.511741      0.053552      0.119739      1.570003      0.047177      -0.052126      
604      0.511401      0.053612      0.120029      1.570062      0.044256      -0.049204      
605      0.510991      0.053622      0.120369      1.570069      0.043903      -0.048851      
606      0.510491      0.053602      0.120919      1.570105      0.042026      -0.046974      
607      0.510141      0.053582      0.121119      1.570158      0.039058      -0.044005      
608      0.509691      0.053502      0.121469      1.570209      0.035995      -0.040941      
609      0.509331      0.053432      0.121699      1.570309      0.028952      -0.033896      
610      0.508861      0.053352      0.121819      1.570375      0.022952      -0.027894      
611      0.508421      0.053292      0.121999      1.570430      0.016246      -0.021186      
612      0.507771      0.053202      0.121899      1.570462      -0.006629      0.001696      
613      0.507381      0.053112      0.121839      1.570371      -0.019664      0.014735      
614      0.506861      0.053012      0.121929      1.570109      -0.038108      0.033186      
615      0.506421      0.052932      0.121859      1.569784      -0.052924      0.048008      
616      0.505821      0.052822      0.121969      1.569289      -0.069820      0.064910      
617      0.505381      0.052702      0.122059      1.568824      -0.082694      0.077790      
618      0.504631      0.052432      0.122109      1.568138      -0.098691      0.093795      
619      0.504211      0.052262      0.122129      1.567661      -0.108463      0.103571      
620      0.503791      0.052032      0.122049      1.566950      -0.121600      0.116715      
621      0.503421      0.051902      0.122029      1.566483      -0.129502      0.124620      
622      0.503011      0.051732      0.121819      1.565807      -0.140173      0.135297      
623      0.502731      0.051592      0.121599      1.565187      -0.149297      0.144426      
624      0.502181      0.051372      0.121529      1.563860      -0.167166      0.162304      
625      0.501831      0.051242      0.121369      1.563128      -0.176263      0.171407      
626      0.501411      0.051052      0.121319      1.562019      -0.189210      0.184361      
627      0.501061      0.050952      0.121329      1.561012      -0.200233      0.195391      
628      0.500721      0.050752      0.121239      1.559558      -0.215173      0.210340      
629      0.500481      0.050552      0.121429      1.558311      -0.227210      0.222385      
630      0.500241      0.050372      0.121649      1.557025      -0.238978      0.234160      
631      0.499811      0.050182      0.121539      1.553893      -0.265466      0.260667      
632      0.499601      0.050072      0.121569      1.551442      -0.284481      0.279696      
633      0.499401      0.049972      0.121589      1.549892      -0.295868      0.291091      
634      0.499081      0.049902      0.121629      1.548460      -0.306007      0.301238      
635      0.498721      0.049862      0.121639      1.546863      -0.316926      0.312166      
636      0.498441      0.049792      0.121639      1.545666      -0.324872      0.320117      
637      0.498121      0.049722      0.121619      1.543892      -0.336294      0.331548      
638      0.497851      0.049672      0.121539      1.542411      -0.345540      0.340802      
639      0.497481      0.049502      0.121399      1.538719      -0.367556      0.362837      
640      0.497311      0.049402      0.121179      1.536144      -0.382150      0.377444      
641      0.497001      0.049282      0.121009      1.533607      -0.395989      0.391294      
642      0.496671      0.049222      0.120919      1.531788      -0.405617      0.400931      
643      0.496421      0.049082      0.120629      1.529759      -0.416092      0.411416      
644      0.496101      0.048912      0.120559      1.526168      -0.433984      0.429325      
645      0.495671      0.048662      0.120339      1.522375      -0.452099      0.447458      
646      0.495391      0.048492      0.120249      1.521297      -0.457115      0.452478      
647      0.495131      0.048342      0.120139      1.520031      -0.462931      0.458301      
648      0.494861      0.048182      0.119889      1.517982      -0.472187      0.467566      
649      0.494581      0.047992      0.119819      1.514837      -0.486037      0.481430      
650      0.494321      0.047892      0.119739      1.512678      -0.495316      0.490719      
651      0.493971      0.047802      0.119359      1.509767      -0.507545      0.502961      
652      0.493721      0.047762      0.119429      1.506058      -0.522696      0.518129      
653      0.493471      0.047782      0.119499      1.503683      -0.532163      0.527606      
654      0.493111      0.047832      0.119599      1.502079      -0.538459      0.533909      
655      0.492821      0.047842      0.119779      1.500871      -0.543147      0.538602      
656      0.492431      0.047762      0.119959      1.499855      -0.547058      0.542518      
657      0.492121      0.047572      0.120129      1.498612      -0.551807      0.547272      
658      0.491561      0.047242      0.120509      1.494958      -0.565518      0.560999      
659      0.491231      0.047042      0.120569      1.493001      -0.572719      0.568209      
660      0.490831      0.046802      0.120669      1.490116      -0.583164      0.578666      
661      0.490491      0.046602      0.120649      1.487647      -0.591947      0.587459      
662      0.490061      0.046342      0.120529      1.484728      -0.602158      0.597683      
663      0.489721      0.046152      0.120609      1.481544      -0.613091      0.608629      
664      0.489251      0.045772      0.120639      1.476108      -0.631292      0.626852      
665      0.488901      0.045712      0.120589      1.473599      -0.639505      0.635076      
666      0.488561      0.045562      0.120479      1.470055      -0.650919      0.646505      
667      0.488251      0.045472      0.120429      1.468319      -0.656430      0.652023      
668      0.487881      0.045262      0.120479      1.464619      -0.668018      0.663627      
669      0.487551      0.045122      0.120519      1.460248      -0.681434      0.677060      
670      0.487181      0.044992      0.120479      1.455646      -0.695255      0.690900      
671      0.486751      0.044892      0.120699      1.452932      -0.703269      0.698926      
672      0.486321      0.044712      0.120809      1.448162      -0.717119      0.712795      
673      0.485901      0.044622      0.120879      1.443242      -0.731103      0.726798      
674      0.485541      0.044552      0.121019      1.438702      -0.743754      0.739468      
675      0.485181      0.044402      0.120999      1.432933      -0.759494      0.755231      
676      0.484881      0.044242      0.121059      1.427681      -0.773517      0.769275      
677      0.484401      0.044132      0.121109      1.420776      -0.791538      0.787323      
678      0.484021      0.044042      0.121069      1.415494      -0.805018      0.800824      
679      0.483341      0.043862      0.121129      1.406602      -0.827162      0.823003      
680      0.482921      0.043812      0.120969      1.402885      -0.836221      0.832077      
681      0.482441      0.043682      0.120839      1.398545      -0.846662      0.842535      
682      0.481971      0.043552      0.120829      1.391303      -0.863767      0.859668      
683      0.481621      0.043462      0.120659      1.387501      -0.872596      0.868511      
684      0.481001      0.043452      0.120609      1.383753      -0.881199      0.877129      
685      0.480601      0.043372      0.120549      1.382822      -0.883320      0.879253      
686      0.480051      0.043012      0.120509      1.378799      -0.892424      0.888373      
687      0.479761      0.042802      0.120619      1.376387      -0.897832      0.893790      
688      0.479531      0.042402      0.120549      1.373881      -0.903412      0.899380      
689      0.479411      0.041942      0.120549      1.371588      -0.908481      0.904458      
690      0.479271      0.041442      0.120589      1.368196      -0.915921      0.911911      
691      0.479001      0.040872      0.120359      1.365187      -0.922463      0.918464      
692      0.478411      0.040342      0.120339      1.360477      -0.932598      0.928617      
693      0.478151      0.039762      0.120469      1.354429      -0.945424      0.941467      
694      0.477891      0.039392      0.120479      1.350155      -0.954368      0.950426      
695      0.477361      0.039082      0.120309      1.344348      -0.966362      0.962443      
696      0.476961      0.038842      0.120179      1.339078      -0.977099      0.973199      
697      0.476481      0.038532      0.120299      1.326563      -1.002047      0.998195      
698      0.475981      0.038382      0.120289      1.320009      -1.014823      1.010995      
