65      74.841954      0.087270      
66      74.239185      0.087270      
67      74.045520      0.087270      
68      74.090785      0.087270      
69      73.967595      0.087270      
70      73.340761      0.087270      
71      72.638294      0.087270      
72      72.237784      0.087270      
73      72.287060      0.087270      
74      71.829827      0.087270      
75      71.539901      0.087270      
76      71.526150      0.087270      
77      71.354830      0.087270      
78      70.634601      0.087270      
79      70.208881      0.087270      
80      69.681171      0.087270      
81      68.500271      0.087270      
82      67.933026      0.087270      
83      67.436257      0.087270      
84      66.650135      0.087270      
85      66.048512      0.087270      
86      65.846825      0.087270      
87      65.410791      0.087270      
88      64.386885      0.087270      
89      63.866051      0.087270      
90      63.091962      0.087270      
91      62.206144      0.087270      
92      61.573007      0.087270      
93      60.889448      0.087270      
94      60.530193      0.087270      
95      60.266051      0.087270      
96      59.922839      0.087270      
97      59.337259      0.087270      
98      58.453159      0.087270      
99      57.993634      0.087270      
100      57.494000      0.087270      
101      57.198345      0.087270      
102      56.993220      0.087270      
103      56.784084      0.087270      
104      56.107401      0.087270      
105      55.716059      0.087270      
106      55.350501      0.087270      
107      55.124176      0.087270      
108      54.903581      0.087270      
109      54.413115      0.087270      
110      53.890562      0.087270      
111      53.492917      0.087270      
112      53.105587      0.087270      
113      52.694191      0.087270      
114      52.466720      0.087270      
115      51.901194      0.087270      
116      50.477352      0.087270      
117      49.581792      0.087270      
118      48.963552      0.087270      
119      48.517778      0.087270      
120      47.927041      0.087270      
121      47.599300      0.087270      
122      46.699729      0.087270      
123      45.215152      0.087270      
124      44.079516      0.087270      
125      43.193124      0.087270      
126      42.530193      0.087270      
127      41.191724      0.087270      
128      40.674328      0.087270      
129      40.355181      0.087270      
130      40.060099      0.087270      
131      39.652714      0.087270      
132      39.295750      0.087270      
133      38.605316      0.087270      
134      38.160115      0.087270      
135      38.071876      0.087270      
136      37.455356      0.087270      
137      36.736272      0.087270      
138      36.178768      0.087270      
139      35.728983      0.087270      
140      34.852332      0.087270      
141      34.481044      0.087270      
142      33.874837      0.087270      
143      32.693363      0.087270      
144      31.423078      0.087270      
145      30.441572      0.087270      
146      29.483559      0.087270      
147      28.605762      0.087270      
148      28.187490      0.087270      
149      27.427726      0.087270      
150      27.150979      0.087270      
151      26.584307      0.087270      
152      25.444087      0.087270      
153      24.314754      0.087270      
154      23.636352      0.087270      
155      22.368932      0.087270      
156      21.834920      0.087270      
157      20.996658      0.087270      
158      20.429413      0.087270      
159      19.494891      0.087270      
160      18.875505      0.087270      
161      18.991246      0.087270      
162      18.938533      0.087270      
163      18.954003      0.087270      
164      18.435461      0.087270      
165      17.736432      0.087270      
166      16.929683      0.087270      
167      16.407703      0.087270      
168      15.504122      0.087270      
169      15.162056      0.087270      
170      14.961515      0.087270      
171      13.511316      0.087270      
172      13.258061      0.087270      
173      12.965271      0.087270      
174      12.602578      0.087270      
175      12.551011      0.087270      
176      12.356772      0.087270      
177      11.658889      0.087270      
178      10.750724      0.087270      
179      10.645870      0.087270      
180      10.240204      0.087270      
181      9.708483      0.087270      
182      9.655770      0.087270      
183      9.328028      0.087270      
184      9.161865      0.087270      
185      8.971065      0.087270      
186      8.668534      0.087270      
187      8.190673      0.087270      
188      8.078370      0.087270      
189      8.011332      0.087270      
190      7.920229      0.087270      
191      7.528314      0.087270      
192      7.212032      0.087270      
193      6.941015      0.087270      
194      6.502690      0.087270      
195      5.600828      0.087270      
196      5.251886      0.087270      
197      5.274232      0.087270      
198      5.191151      0.087270      
199      5.168232      0.087270      
200      5.088588      0.087270      
201      4.892058      0.087270      
202      4.421646      0.087270      
203      4.041763      0.087270      
204      3.613751      0.087270      
205      2.248926      0.087270      
206      1.248512      0.087270      
207      1.131625      0.087270      
208      0.503072      0.087270      
209      0.278466      0.087270      
210      0.166163      0.087270      
211      0.007449      0.087270      
212      -0.752316      0.087270      
213      -0.998695      0.087270      
214      -1.154544      0.087270      
215      -1.466815      0.087270      
216      -1.606621      0.087270      
217      -1.794557      0.087270      
218      -2.315964      0.087270      
219      -2.502753      0.087270      
220      -2.688970      0.087270      
221      -3.532962      0.087270      
222      -4.131721      0.087270      
223      -4.931020      0.087270      
224      -7.662964      0.087270      
225      -8.861054      0.087270      
226      -9.003724      0.087270      
227      -9.356104      0.087270      
228      -10.800573      0.087270      
229      -11.336877      0.087270      
230      -11.376413      0.087270      
231      -12.183734      0.087270      
232      -12.858698      0.087270      
233      -12.652427      0.087270      
234      -12.687952      0.087270      
235      -12.726341      0.087270      
236      -12.722330      0.087270      
237      -12.718319      0.087270      
238      -12.993347      0.087270      
239      -12.969282      0.087270      
240      -13.408181      0.087270      
241      -13.958237      0.087270      
242      -14.074550      0.087270      
243      -14.959796      0.087270      
244      -15.188413      0.087270      
245      -15.233105      0.087270      
246      -16.075951      0.087270      
247      -17.632150      0.087270      
248      -17.952443      0.087270      
249      -18.205698      0.087270      
250      -19.907433      0.087270      
251      -20.306223      0.087270      
252      -21.223556      0.087270      
253      -22.016553      0.087270      
254      -22.054369      0.087270      
255      -22.170110      0.087270      
256      -22.747095      0.087270      
257      -22.845074      0.087270      
258      -22.993474      0.087270      
259      -23.226675      0.087270      
260      -23.331530      0.087270      
261      -23.933726      0.087270      
262      -23.901639      0.087270      
263      -25.170778      0.087270      
264      -25.697915      0.087270      
265      -26.009040      0.087270      
266      -26.023938      0.087270      
267      -26.948146      0.087270      
268      -27.648321      0.087270      
269      -27.751456      0.087270      
270      -28.403502      0.087270      
271      -28.395480      0.087270      
272      -28.723221      0.087270      
273      -29.319688      0.087270      
274      -29.915582      0.087270      
275      -29.324845      0.087270      
276      -29.555181      0.087270      
277      -29.656024      0.087270      
278      -29.003406      0.087270      
279      -28.761611      0.087270      
280      -27.581856      0.087270      
281      -26.062327      0.087270      
282      -25.520293      0.087270      
283      -23.147605      0.087270      
284      -22.066401      0.087270      
285      -20.941652      0.087270      
286      -19.357950      0.087270      
287      -16.146427      0.087270      
288      -13.534808      0.087270      
289      -10.566799      0.087270      
290      -8.155149      0.087270      
291      -5.783034      0.087270      
292      -5.201464      0.087270      
293      -4.760274      0.087270      
294      -3.757568      0.087270      
295      -2.244342      0.087270      
296      -0.867484      0.087270      
297      0.108292      0.087270      
298      1.934936      0.087270      
299      3.962120      0.087270      
300      5.164221      0.087270      
301      5.968104      0.087270      
302      8.179214      0.087270      
303      10.829222      0.087270      
304      12.990482      0.087270      
305      14.424638      0.087270      
306      15.571733      0.087270      
307      16.714245      0.087270      
308      17.820659      0.087270      
309      18.359828      0.087270      
310      19.705173      0.087270      
311      21.186885      0.087270      
312      23.191724      0.087270      
313      24.451695      0.087270      
314      26.007321      0.087270      
315      28.007576      0.087270      
316      29.540856      0.087270      
317      31.835620      0.087270      
318      34.102308      0.087270      
319      35.015057      0.087270      
320      36.337482      0.087270      
321      37.525259      0.087270      
322      38.357218      0.087270      
323      39.609168      0.087270      
324      40.935604      0.087270      
325      41.821423      0.087270      
326      42.728442      0.087270      
327      43.277352      0.087270      
328      44.179214      0.087270      
329      45.199109      0.087270      
330      47.884641      0.087270      
331      49.045488      0.087270      
332      50.000064      0.087270      
333      51.342543      0.087270      
334      51.879994      0.087270      
335      52.411714      0.087270      
336      52.973802      0.087270      
337      53.971924      0.087270      
338      54.931084      0.087270      
339      56.452905      0.087270      
340      57.890498      0.087270      
341      58.329970      0.087270      
342      58.873723      0.087270      
343      60.239121      0.087270      
344      61.063059      0.087270      
345      62.378609      0.087270      
346      63.226611      0.087270      
347      65.203947      0.087270      
348      66.090912      0.087270      
349      67.335413      0.087270      
350      67.737068      0.087270      
351      68.793634      0.087270      
352      69.254878      0.087270      
353      69.850199      0.087270      
354      71.038548      0.087270      
355      71.477447      0.087270      
356      72.970046      0.087270      
