63      0.408480      0.015755      0.120545      1.319281      -1.015679      1.009847      
64      0.408920      0.016225      0.120375      1.321587      -1.011217      1.005373      
65      0.409280      0.016735      0.120345      1.323600      -1.007301      1.001448      
66      0.409520      0.017245      0.120295      1.326268      -1.002083      0.996217      
67      0.409800      0.017795      0.120265      1.329987      -0.994755      0.988871      
68      0.410140      0.018325      0.120175      1.333344      -0.988085      0.982185      
69      0.410640      0.019035      0.120115      1.335427      -0.983920      0.978010      
70      0.411190      0.019855      0.120055      1.335326      -0.984123      0.978214      
71      0.411660      0.020715      0.119805      1.337672      -0.979406      0.973485      
72      0.412140      0.021415      0.119465      1.339720      -0.975268      0.969337      
73      0.412540      0.021785      0.118995      1.341995      -0.970645      0.964703      
74      0.412760      0.021855      0.118175      1.342613      -0.969385      0.963440      
75      0.412820      0.021875      0.117505      1.345828      -0.962797      0.956837      
76      0.412890      0.021895      0.117205      1.351594      -0.950850      0.944861      
77      0.412940      0.021915      0.116985      1.357349      -0.938745      0.932729      
78      0.413080      0.021965      0.116825      1.361412      -0.930088      0.924052      
79      0.413190      0.021995      0.116525      1.366968      -0.918099      0.912035      
80      0.413300      0.022035      0.116115      1.371898      -0.907303      0.901216      
81      0.413370      0.022045      0.115695      1.375814      -0.898623      0.892517      
82      0.413510      0.022085      0.115515      1.380163      -0.888866      0.882738      
83      0.413740      0.022155      0.115195      1.384462      -0.879101      0.872952      
84      0.413820      0.022175      0.114865      1.388117      -0.870698      0.864531      
85      0.413870      0.022185      0.114645      1.388512      -0.869785      0.863616      
86      0.413930      0.022175      0.114335      1.393558      -0.858018      0.851825      
87      0.414080      0.022155      0.114245      1.404069      -0.832896      0.826651      
88      0.414240      0.022205      0.114055      1.412041      -0.813260      0.806976      
89      0.414400      0.022265      0.113905      1.417833      -0.798652      0.792339      
90      0.414620      0.022345      0.113515      1.419709      -0.793856      0.787534      
91      0.414720      0.022375      0.113425      1.423937      -0.782927      0.776584      
92      0.414990      0.022465      0.113365      1.431056      -0.764134      0.757756      
93      0.415320      0.022565      0.113215      1.434602      -0.754579      0.748184      
94      0.415710      0.022685      0.112975      1.434607      -0.754564      0.748168      
95      0.416210      0.022835      0.112755      1.434214      -0.755630      0.749237      
96      0.416670      0.022975      0.112395      1.438897      -0.742823      0.736406      
97      0.417110      0.023105      0.111945      1.440914      -0.737234      0.730807      
98      0.417550      0.023245      0.111635      1.439364      -0.741533      0.735114      
99      0.417900      0.023355      0.111285      1.440090      -0.739522      0.733099      
100      0.418220      0.023455      0.110935      1.440160      -0.739330      0.732907      
101      0.418460      0.023525      0.110845      1.440223      -0.739153      0.732730      
102      0.418730      0.023615      0.110785      1.440287      -0.738977      0.732553      
103      0.419080      0.023725      0.110735      1.440737      -0.737725      0.731299      
104      0.419540      0.023865      0.110635      1.440613      -0.738071      0.731645      
105      0.420200      0.024035      0.110495      1.440941      -0.737157      0.730730      
106      0.421050      0.024245      0.110305      1.442169      -0.733731      0.727298      
107      0.422010      0.024515      0.109985      1.442944      -0.731558      0.725121      
108      0.422830      0.024765      0.109235      1.442512      -0.732771      0.726337      
109      0.423470      0.024865      0.108285      1.441311      -0.736128      0.729699      
110      0.424010      0.024885      0.107695      1.443251      -0.730697      0.724259      
111      0.424520      0.025005      0.107535      1.444156      -0.728146      0.721704      
112      0.424910      0.025125      0.107395      1.445303      -0.724903      0.718455      
113      0.425100      0.025175      0.107145      1.448028      -0.717132      0.710670      
114      0.425120      0.025175      0.107005      1.452577      -0.703948      0.697463      
115      0.425010      0.025135      0.106915      1.456505      -0.692347      0.685843      
116      0.424950      0.025125      0.106845      1.457131      -0.690476      0.683969      
117      0.424980      0.025135      0.106835      1.459060      -0.684684      0.678167      
118      0.424940      0.025125      0.106775      1.462334      -0.674728      0.668194      
119      0.424900      0.025115      0.106745      1.463935      -0.669802      0.663260      
120      0.424870      0.025105      0.106735      1.470838      -0.648100      0.641523      
121      0.424760      0.025065      0.106625      1.476255      -0.630506      0.623903      
122      0.424640      0.025035      0.106495      1.481580      -0.612688      0.606057      
123      0.424540      0.025005      0.106495      1.487047      -0.593800      0.587142      
124      0.424560      0.025005      0.106505      1.491082      -0.579443      0.572765      
125      0.424610      0.025025      0.106535      1.495598      -0.562914      0.556212      
126      0.424650      0.025035      0.106525      1.498606      -0.551615      0.544898      
127      0.424680      0.025045      0.106525      1.503633      -0.532169      0.525426      
128      0.424670      0.025045      0.106535      1.504235      -0.529794      0.523048      
129      0.424670      0.025045      0.106535      1.505606      -0.524335      0.517582      
130      0.424690      0.025035      0.106525      1.509366      -0.509047      0.502275      
131      0.424700      0.025025      0.106505      1.510729      -0.503389      0.496610      
132      0.424750      0.025045      0.106495      1.512639      -0.495343      0.488554      
133      0.424840      0.025075      0.106465      1.513407      -0.492070      0.485277      
134      0.424890      0.025085      0.106455      1.515228      -0.484215      0.477412      
135      0.424920      0.025095      0.106445      1.516027      -0.480730      0.473923      
136      0.424920      0.025095      0.106445      1.515525      -0.482923      0.476119      
137      0.425020      0.025095      0.106435      1.516683      -0.477843      0.471033      
138      0.425340      0.025035      0.106405      1.519136      -0.466902      0.460079      
139      0.425700      0.024825      0.106265      1.518872      -0.468093      0.461271      
140      0.425970      0.024565      0.106025      1.519346      -0.465952      0.459128      
141      0.426190      0.024285      0.105915      1.519615      -0.464730      0.457904      
142      0.426320      0.024095      0.105895      1.520707      -0.459748      0.452916      
143      0.426390      0.024035      0.105825      1.521273      -0.457147      0.450313      
144      0.426530      0.024075      0.105785      1.521747      -0.454951      0.448114      
145      0.426690      0.024065      0.105655      1.523159      -0.448355      0.441511      
146      0.426840      0.023995      0.105365      1.523874      -0.444974      0.438126      
147      0.427050      0.023945      0.105235      1.523273      -0.447817      0.440972      
148      0.427240      0.023855      0.105085      1.523094      -0.448659      0.441815      
149      0.427490      0.023595      0.104875      1.523618      -0.446189      0.439343      
150      0.427780      0.023225      0.104815      1.524426      -0.442349      0.435498      
151      0.428120      0.022965      0.104735      1.525781      -0.435827      0.428969      
152      0.428570      0.022855      0.104615      1.526056      -0.434495      0.427635      
153      0.429030      0.022705      0.104425      1.528194      -0.423965      0.417094      
154      0.429450      0.022565      0.104215      1.529720      -0.416285      0.409406      
155      0.429850      0.022495      0.103945      1.529605      -0.416870      0.409992      
156      0.430210      0.022395      0.103495      1.532659      -0.401068      0.394173      
157      0.430670      0.022325      0.103265      1.535040      -0.388294      0.381387      
158      0.431140      0.022195      0.102995      1.535291      -0.386921      0.380012      
159      0.431450      0.022025      0.102645      1.534520      -0.391120      0.384215      
160      0.431670      0.021955      0.102445      1.534537      -0.391026      0.384121      
161      0.431820      0.021895      0.102405      1.533803      -0.394982      0.388082      
162      0.431830      0.021855      0.102345      1.533648      -0.395809      0.388910      
163      0.431980      0.021895      0.102345      1.534991      -0.388560      0.381653      
164      0.432330      0.021885      0.102295      1.536809      -0.378514      0.371597      
165      0.432670      0.021795      0.102015      1.538229      -0.370479      0.363555      
166      0.432920      0.021815      0.101625      1.539255      -0.364560      0.357630      
167      0.433050      0.021855      0.101335      1.542268      -0.346584      0.339637      
168      0.433150      0.021875      0.101195      1.543308      -0.340152      0.333200      
169      0.433160      0.021885      0.101095      1.543531      -0.338761      0.331807      
170      0.433210      0.021885      0.101045      1.545900      -0.323571      0.316605      
171      0.433320      0.021895      0.101005      1.547547      -0.312569      0.305593      
172      0.433350      0.021855      0.100895      1.547877      -0.310316      0.303338      
173      0.433320      0.021775      0.100515      1.547627      -0.312029      0.305053      
174      0.433290      0.021715      0.100105      1.549098      -0.301844      0.294860      
175      0.433270      0.021655      0.099875      1.551345      -0.285584      0.278587      
176      0.433220      0.021625      0.099725      1.552551      -0.276458      0.269454      
177      0.433210      0.021625      0.099655      1.552589      -0.276168      0.269164      
178      0.433190      0.021565      0.099605      1.554160      -0.263791      0.256777      
179      0.433160      0.021515      0.099515      1.554873      -0.257980      0.250963      
180      0.433130      0.021415      0.099445      1.554776      -0.258779      0.251762      
181      0.433060      0.021185      0.099275      1.555175      -0.255482      0.248463      
182      0.433120      0.020985      0.099245      1.556682      -0.242614      0.235586      
183      0.433230      0.020735      0.099225      1.557435      -0.235923      0.228891      
184      0.433280      0.020425      0.099125      1.557723      -0.233315      0.226280      
185      0.433350      0.020155      0.099065      1.558405      -0.227007      0.219969      
186      0.433430      0.019925      0.099055      1.560068      -0.210863      0.203815      
187      0.433440      0.019715      0.098965      1.560386      -0.207634      0.200584      
188      0.433410      0.019565      0.098835      1.559906      -0.212486      0.205438      
189      0.433400      0.019475      0.098805      1.560453      -0.206944      0.199894      
190      0.433380      0.019375      0.098755      1.561748      -0.193194      0.186135      
191      0.433320      0.019295      0.098645      1.562080      -0.189501      0.182440      
192      0.433200      0.019225      0.098515      1.562291      -0.187125      0.180063      
193      0.433130      0.019155      0.098425      1.563059      -0.178194      0.171127      
194      0.433130      0.019145      0.098425      1.563801      -0.169128      0.162056      
195      0.433140      0.019155      0.098415      1.563626      -0.171308      0.164238      
196      0.433190      0.019115      0.098425      1.563446      -0.173520      0.166450      
197      0.433280      0.019015      0.098425      1.564148      -0.164712      0.157638      
198      0.433400      0.018935      0.098395      1.565030      -0.152938      0.145858      
199      0.433410      0.018915      0.098295      1.564911      -0.154585      0.147506      
200      0.433390      0.018915      0.098195      1.565526      -0.145901      0.138818      
201      0.433340      0.018885      0.098055      1.565704      -0.143296      0.136212      
202      0.433230      0.018865      0.097915      1.565806      -0.141789      0.134705      
203      0.433110      0.018835      0.097745      1.565631      -0.144371      0.137287      
204      0.433020      0.018825      0.097625      1.565432      -0.147266      0.140183      
205      0.432970      0.018835      0.097575      1.565358      -0.148325      0.141243      
206      0.432970      0.018835      0.097575      1.565435      -0.147219      0.140136      
207      0.432930      0.018825      0.097565      1.565515      -0.146065      0.138982      
208      0.432840      0.018805      0.097445      1.565807      -0.141766      0.134681      
209      0.432660      0.018755      0.097245      1.565843      -0.141232      0.134147      
210      0.432420      0.018705      0.096965      1.565995      -0.138933      0.131847      
211      0.432120      0.018655      0.096665      1.566289      -0.134375      0.127287      
212      0.431790      0.018575      0.096425      1.566381      -0.132931      0.125842      
213      0.431250      0.018485      0.096125      1.566323      -0.133849      0.126761      
214      0.430840      0.018465      0.096015      1.566111      -0.137160      0.130073      
215      0.430410      0.018555      0.096185      1.566144      -0.136650      0.129563      
216      0.430000      0.018705      0.096265      1.566357      -0.133308      0.126219      
217      0.429810      0.018695      0.096195      1.566484      -0.131275      0.124186      
218      0.429370      0.018605      0.095725      1.567357      -0.116381      0.109285      
219      0.429050      0.018645      0.095375      1.567546      -0.112912      0.105815      
220      0.428660      0.018705      0.095035      1.567870      -0.106688      0.099588      
221      0.428380      0.018785      0.094905      1.567907      -0.105958      0.098858      
222      0.428260      0.018825      0.094905      1.567948      -0.105134      0.098034      
223      0.428060      0.018795      0.094845      1.568063      -0.102818      0.095717      
224      0.427850      0.018785      0.094705      1.568164      -0.100723      0.093621      
225      0.427570      0.018725      0.094415      1.568619      -0.090730      0.083625      
226      0.427490      0.018705      0.094315      1.568811      -0.086193      0.079086      
227      0.427190      0.018625      0.093975      1.569171      -0.076968      0.069858      
228      0.427120      0.018605      0.093885      1.569295      -0.073530      0.066419      
229      0.426960      0.018695      0.093815      1.569440      -0.069298      0.062186      
230      0.426930      0.018725      0.093765      1.569549      -0.065938      0.058824      
231      0.426880      0.018705      0.093675      1.569896      -0.053964      0.046847      
232      0.426830      0.018695      0.093625      1.570036      -0.048373      0.041255      
233      0.426830      0.018715      0.093605      1.570043      -0.048059      0.040941      
234      0.426950      0.018845      0.093705      1.570157      -0.042940      0.035820      
235      0.427230      0.019075      0.093695      1.570343      -0.033069      0.025947      
236      0.427330      0.019105      0.093405      1.570442      -0.026488      0.019365      
237      0.427190      0.019085      0.093055      1.570544      -0.017520      0.010395      
238      0.426950      0.019265      0.092825      1.570614      -0.007602      0.000474      
239      0.426660      0.019695      0.092675      1.570629      -0.003722      -0.003406      
240      0.426450      0.019935      0.092435      1.570639      0.003605      -0.010734      
241      0.426420      0.019975      0.092335      1.570635      0.006715      -0.013845      
242      0.426410      0.020055      0.092355      1.570618      0.012228      -0.019359      
243      0.426460      0.020065      0.092335      1.570578      0.018857      -0.025988      
244      0.426450      0.020075      0.092335      1.570565      0.020561      -0.027692      
245      0.426430      0.020065      0.092315      1.570527      0.024708      -0.031839      
246      0.426330      0.020035      0.092185      1.570511      0.026223      -0.033355      
247      0.426200      0.020095      0.092095      1.570524      0.024943      -0.032075      
248      0.426090      0.020195      0.091985      1.570540      0.023357      -0.030488      
249      0.426010      0.020255      0.091895      1.570523      0.025077      -0.032209      
250      0.425960      0.020355      0.091895      1.570509      0.026404      -0.033536      
251      0.425960      0.020385      0.091895      1.570509      0.026404      -0.033536      
252      0.425950      0.020385      0.091885      1.570496      0.027519      -0.034651      
253      0.425930      0.020375      0.091885      1.570470      0.029734      -0.036866      
254      0.425830      0.020355      0.091795      1.570440      0.032019      -0.039152      
255      0.425770      0.020335      0.091735      1.570428      0.032891      -0.040024      
256      0.425740      0.020305      0.091745      1.570412      0.033998      -0.041131      
257      0.425650      0.020285      0.091645      1.570347      0.038200      -0.045333      
258      0.425540      0.020235      0.091525      1.570225      0.044954      -0.052087      
259      0.425370      0.020165      0.091475      1.570173      0.047538      -0.054671      
260      0.425150      0.020115      0.091275      1.570152      0.048535      -0.055669      
261      0.424970      0.020055      0.091045      1.570171      0.047671      -0.054805      
262      0.424800      0.020015      0.090885      1.570167      0.047820      -0.054954      
263      0.424640      0.019905      0.090685      1.570029      0.054040      -0.061174      
264      0.424480      0.019645      0.090455      1.569974      0.056302      -0.063436      
265      0.424320      0.019525      0.090275      1.569925      0.058210      -0.065344      
266      0.424130      0.019475      0.090125      1.569892      0.059490      -0.066625      
267      0.423960      0.019425      0.090025      1.569830      0.061799      -0.068933      
268      0.423820      0.019395      0.089915      1.569827      0.061917      -0.069051      
269      0.423710      0.019315      0.089795      1.569707      0.066142      -0.073276      
270      0.423520      0.019235      0.089635      1.569626      0.068843      -0.075978      
271      0.423400      0.019205      0.089545      1.569306      0.078565      -0.085700      
272      0.423270      0.019135      0.089415      1.569182      0.082012      -0.089147      
273      0.423120      0.019045      0.089225      1.569244      0.080316      -0.087451      
274      0.422910      0.018975      0.088965      1.569313      0.078369      -0.085503      
275      0.422730      0.018875      0.088765      1.569471      0.073728      -0.080862      
276      0.422480      0.018805      0.088535      1.569647      0.068144      -0.075279      
277      0.422290      0.018735      0.088355      1.569549      0.071325      -0.078459      
278      0.422240      0.018585      0.088275      1.569378      0.076492      -0.083626      
279      0.422240      0.018435      0.088225      1.569225      0.080834      -0.087969      
280      0.422220      0.018415      0.088205      1.568944      0.088247      -0.095381      
281      0.422230      0.018305      0.088185      1.568796      0.091914      -0.099048      
282      0.422230      0.018245      0.088175      1.568750      0.093029      -0.100163      
283      0.422270      0.018185      0.088165      1.568656      0.095251      -0.102385      
284      0.422330      0.017825      0.088135      1.568320      0.102773      -0.109907      
285      0.422320      0.017235      0.087985      1.568387      0.101329      -0.108462      
286      0.422180      0.016975      0.087985      1.568575      0.097112      -0.104246      
287      0.422000      0.016925      0.088115      1.568053      0.108379      -0.115513      
288      0.422020      0.016875      0.088145      1.567492      0.119269      -0.126401      
289      0.422110      0.016775      0.088135      1.567068      0.126876      -0.134008      
290      0.422180      0.016625      0.088125      1.566180      0.141461      -0.148591      
291      0.422200      0.016445      0.088115      1.565577      0.150535      -0.157663      
292      0.422180      0.016265      0.088145      1.565636      0.149663      -0.156792      
293      0.422220      0.016155      0.088155      1.565152      0.156609      -0.163737      
294      0.422300      0.016075      0.088145      1.564286      0.168303      -0.175428      
295      0.422320      0.016035      0.088145      1.564260      0.168640      -0.175766      
296      0.422320      0.016025      0.088145      1.564430      0.166419      -0.173545      
297      0.422390      0.016015      0.088205      1.563749      0.175153      -0.182277      
298      0.422420      0.016015      0.088215      1.563364      0.179893      -0.187016      
299      0.422410      0.016005      0.088205      1.563273      0.181007      -0.188129      
300      0.422410      0.015905      0.088195      1.562875      0.185754      -0.192875      
301      0.422380      0.015855      0.088155      1.562430      0.190916      -0.198036      
302      0.422380      0.015855      0.088155      1.562716      0.187613      -0.194734      
303      0.422420      0.015865      0.088175      1.562625      0.188664      -0.195785      
304      0.422490      0.015875      0.088155      1.562558      0.189441      -0.196562      
305      0.422560      0.015815      0.088225      1.562822      0.186373      -0.193495      
306      0.422690      0.015705      0.088405      1.563094      0.183157      -0.190279      
307      0.422810      0.015605      0.088535      1.562650      0.188382      -0.195503      
308      0.422970      0.015595      0.088675      1.562450      0.190688      -0.197809      
309      0.423200      0.015645      0.088925      1.562579      0.189198      -0.196319      
310      0.423440      0.015635      0.089125      1.562026      0.195482      -0.202601      
311      0.423620      0.015535      0.089215      1.561813      0.197851      -0.204970      
312      0.423810      0.015425      0.089375      1.561576      0.200447      -0.207565      
313      0.423940      0.015275      0.089425      1.561114      0.205421      -0.212537      
314      0.424010      0.015165      0.089415      1.560874      0.207954      -0.215070      
315      0.424080      0.015115      0.089495      1.560535      0.211476      -0.218591      
316      0.424120      0.015055      0.089545      1.560262      0.214276      -0.221390      
317      0.424200      0.014985      0.089615      1.559959      0.217342      -0.224455      
318      0.424290      0.014975      0.089715      1.559689      0.220032      -0.227145      
319      0.424350      0.014975      0.089765      1.559667      0.220252      -0.227364      
320      0.424430      0.014995      0.089835      1.559566      0.221248      -0.228360      
321      0.424580      0.015025      0.090045      1.559002      0.226729      -0.233839      
322      0.424710      0.015025      0.090165      1.558528      0.231238      -0.238347      
323      0.424790      0.015035      0.090195      1.558651      0.230077      -0.237186      
324      0.424830      0.015045      0.090285      1.558395      0.232484      -0.239593      
325      0.424860      0.015055      0.090295      1.557769      0.238278      -0.245385      
326      0.424950      0.015095      0.090365      1.557903      0.237047      -0.244154      
327      0.425060      0.015125      0.090445      1.557437      0.241289      -0.248394      
328      0.425060      0.015125      0.090415      1.557149      0.243868      -0.250973      
329      0.425030      0.015125      0.090425      1.556993      0.245263      -0.252367      
330      0.425050      0.015115      0.090465      1.557120      0.244135      -0.251239      
331      0.425050      0.015115      0.090475      1.557122      0.244111      -0.251216      
332      0.425210      0.015175      0.090655      1.557120      0.244127      -0.251231      
333      0.425500      0.015235      0.090955      1.557180      0.243594      -0.250698      
334      0.425710      0.015245      0.091135      1.557305      0.242473      -0.249578      
335      0.425930      0.015285      0.091345      1.557470      0.240991      -0.248097      
336      0.426140      0.015335      0.091535      1.557475      0.240944      -0.248049      
337      0.426280      0.015365      0.091515      1.557110      0.244221      -0.251325      
338      0.426470      0.015395      0.091595      1.556915      0.245945      -0.253049      
339      0.426660      0.015425      0.091725      1.556532      0.249308      -0.256411      
340      0.426810      0.015465      0.091805      1.555389      0.259082      -0.266181      
341      0.427050      0.015495      0.092065      1.554609      0.265540      -0.272636      
342      0.427330      0.015505      0.092355      1.554424      0.267052      -0.274148      
343      0.427590      0.015565      0.092555      1.554237      0.268564      -0.275660      
344      0.427990      0.015615      0.092935      1.553909      0.271205      -0.278299      
345      0.428380      0.015575      0.093265      1.554516      0.266300      -0.273396      
346      0.428750      0.015575      0.093515      1.554807      0.263917      -0.271015      
347      0.429140      0.015615      0.093735      1.554454      0.266801      -0.273897      
348      0.429460      0.015645      0.093865      1.554416      0.267115      -0.274210      
349      0.429880      0.015625      0.093795      1.554517      0.266292      -0.273388      
350      0.430010      0.015595      0.093835      1.554224      0.268666      -0.275761      
351      0.430240      0.015545      0.093915      1.554005      0.270429      -0.277524      
352      0.430490      0.015605      0.093965      1.553850      0.271675      -0.278769      
353      0.430770      0.015665      0.094135      1.553893      0.271330      -0.278424      
354      0.431140      0.015745      0.094505      1.554080      0.269834      -0.276928      
355      0.431840      0.015895      0.095215      1.554540      0.266104      -0.273200      
356      0.432660      0.016075      0.095625      1.554718      0.264646      -0.271743      
357      0.433470      0.016245      0.095465      1.554624      0.265422      -0.272519      
358      0.434310      0.016295      0.095125      1.555132      0.261229      -0.268328      
359      0.435160      0.016175      0.094795      1.555004      0.262287      -0.269385      
360      0.435820      0.016085      0.094535      1.554648      0.265218      -0.272315      
361      0.436310      0.016215      0.094345      1.554872      0.263385      -0.270482      
362      0.436860      0.016355      0.094335      1.554964      0.262624      -0.269722      
363      0.437480      0.016495      0.094525      1.553602      0.273650      -0.280743      
364      0.438110      0.016625      0.094785      1.552803      0.279910      -0.287000      
365      0.438700      0.016745      0.095085      1.552966      0.278640      -0.285731      
366      0.439210      0.016845      0.095305      1.552285      0.283897      -0.290986      
367      0.439650      0.016915      0.095515      1.550697      0.295764      -0.302847      
368      0.439950      0.016905      0.095615      1.549783      0.302381      -0.309461      
369      0.440040      0.016855      0.095605      1.549436      0.304855      -0.311934      
370      0.440070      0.016865      0.095785      1.547852      0.315895      -0.322968      
371      0.440100      0.016875      0.095995      1.544788      0.336197      -0.343260      
372      0.440170      0.016885      0.096085      1.543387      0.345077      -0.352135      
373      0.440180      0.016885      0.096085      1.543349      0.345312      -0.352370      
374      0.440170      0.016885      0.096085      1.543131      0.346673      -0.353730      
375      0.440200      0.016895      0.096155      1.541984      0.353737      -0.360789      
376      0.440230      0.016915      0.096295      1.541610      0.356005      -0.363056      
377      0.440260      0.016955      0.096335      1.541443      0.357014      -0.364064      
378      0.440440      0.016985      0.096535      1.540690      0.361534      -0.368582      
379      0.440580      0.017005      0.096715      1.540329      0.363677      -0.370723      
380      0.440660      0.017025      0.096805      1.539839      0.366570      -0.373615      
381      0.440670      0.017015      0.096805      1.539993      0.365663      -0.372708      
382      0.440680      0.017015      0.096815      1.539050      0.371175      -0.378217      
383      0.440680      0.017015      0.096815      1.538236      0.375865      -0.382904      
384      0.440670      0.017015      0.096805      1.538040      0.376983      -0.384021      
385      0.440660      0.017015      0.096815      1.537896      0.377804      -0.384842      
386      0.440650      0.017015      0.096805      1.537461      0.380274      -0.387310      
387      0.440610      0.017005      0.096815      1.536716      0.384463      -0.391496      
388      0.440590      0.016995      0.096825      1.536520      0.385557      -0.392590      
389      0.440560      0.016995      0.096845      1.535333      0.392121      -0.399149      
390      0.440550      0.016995      0.096835      1.534677      0.395700      -0.402725      
391      0.440540      0.016995      0.096845      1.534224      0.398153      -0.405177      
392      0.440540      0.016995      0.096825      1.534022      0.399239      -0.406262      
393      0.440500      0.016995      0.096845      1.532733      0.406112      -0.413131      
394      0.440460      0.016985      0.096865      1.532894      0.405261      -0.412280      
395      0.440380      0.016965      0.096895      1.532681      0.406386      -0.413404      
396      0.440310      0.016955      0.096925      1.532217      0.408830      -0.415847      
397      0.440230      0.016935      0.096975      1.531333      0.413446      -0.420459      
398      0.440260      0.016945      0.097055      1.529372      0.423494      -0.430500      
399      0.440290      0.016945      0.097135      1.527596      0.432384      -0.439383      
400      0.440350      0.016955      0.097255      1.523675      0.451374      -0.458358      
401      0.440320      0.016955      0.097355      1.521770      0.460303      -0.467280      
402      0.440260      0.016945      0.097485      1.520857      0.464521      -0.471494      
403      0.440220      0.016935      0.097515      1.519658      0.470001      -0.476970      
404      0.440240      0.016935      0.097645      1.517207      0.480997      -0.487956      
405      0.440160      0.016935      0.097705      1.517351      0.480358      -0.487318      
406      0.440190      0.016965      0.097725      1.515358      0.489122      -0.496075      
407      0.440250      0.016965      0.097825      1.510593      0.509437      -0.516371      
408      0.440150      0.016925      0.097885      1.508825      0.516760      -0.523687      
409      0.440020      0.016915      0.098035      1.508596      0.517701      -0.524627      
410      0.439910      0.016875      0.098195      1.507576      0.521872      -0.528794      
411      0.439800      0.016855      0.098275      1.505632      0.529720      -0.536635      
412      0.439720      0.016845      0.098305      1.505628      0.529736      -0.536650      
413      0.439740      0.016855      0.098325      1.505162      0.531602      -0.538515      
414      0.439750      0.016855      0.098325      1.505226      0.531345      -0.538258      
415      0.439800      0.016865      0.098405      1.504775      0.533142      -0.540053      
416      0.439840      0.016875      0.098475      1.505021      0.532162      -0.539074      
417      0.439860      0.016865      0.098465      1.504378      0.534720      -0.541630      
418      0.439890      0.016885      0.098575      1.504207      0.535397      -0.542306      
419      0.439910      0.016885      0.098775      1.504709      0.533406      -0.540317      
420      0.439920      0.016895      0.098785      1.504509      0.534199      -0.541110      
421      0.439940      0.016895      0.098795      1.504781      0.533118      -0.540030      
422      0.440020      0.016915      0.098895      1.504769      0.533165      -0.540076      
423      0.440050      0.016915      0.098955      1.506250      0.527239      -0.534156      
424      0.440090      0.016935      0.098985      1.509156      0.515398      -0.522326      
425      0.440160      0.016955      0.099105      1.514606      0.492386      -0.499335      
426      0.440180      0.017005      0.099145      1.520582      0.465783      -0.472756      
427      0.440230      0.017065      0.099215      1.524604      0.446951      -0.453939      
428      0.440250      0.017065      0.099265      1.527772      0.431510      -0.438510      
429      0.440220      0.017045      0.099285      1.529733      0.421659      -0.428667      
430      0.440190      0.017045      0.099305      1.530385      0.418333      -0.425343      
431      0.440140      0.017035      0.099325      1.531456      0.412805      -0.419819      
432      0.440120      0.017025      0.099385      1.533798      0.400442      -0.407464      
433      0.440170      0.017035      0.099505      1.534660      0.395793      -0.402819      
434      0.440210      0.017045      0.099675      1.537255      0.381438      -0.388474      
435      0.440340      0.017075      0.100005      1.540407      0.363215      -0.370262      
436      0.440380      0.017095      0.100105      1.547683      0.317054      -0.324126      
437      0.440400      0.017125      0.100095      1.553296      0.276063      -0.283155      
438      0.440420      0.017115      0.100135      1.556022      0.253721      -0.260822      
439      0.440480      0.017125      0.100195      1.555391      0.259066      -0.266165      
440      0.440550      0.017145      0.100245      1.552058      0.285620      -0.292708      
441      0.440700      0.017175      0.100595      1.545487      0.331682      -0.338747      
442      0.440840      0.017205      0.100785      1.540586      0.362152      -0.369199      
443      0.441040      0.017245      0.100845      1.531156      0.414359      -0.421372      
444      0.441190      0.017275      0.101035      1.521848      0.459944      -0.466921      
445      0.441240      0.017295      0.101125      1.517432      0.479999      -0.486960      
446      0.441300      0.017305      0.101195      1.513650      0.496505      -0.503451      
447      0.441400      0.017335      0.101325      1.509939      0.512161      -0.519092      
448      0.441480      0.017425      0.101305      1.509316      0.514737      -0.521666      
449      0.441580      0.017465      0.101295      1.508220      0.519242      -0.526167      
450      0.441590      0.017575      0.101245      1.507364      0.522735      -0.529656      
451      0.441570      0.017735      0.101245      1.506300      0.527037      -0.533954      
452      0.441400      0.018115      0.101145      1.504540      0.534075      -0.540985      
453      0.441250      0.018475      0.101175      1.503024      0.540062      -0.546966      
454      0.441290      0.018615      0.101255      1.502905      0.540528      -0.547432      
455      0.441400      0.018645      0.101395      1.503853      0.536796      -0.543704      
456      0.441540      0.018655      0.101595      1.503879      0.536695      -0.543603      
457      0.441600      0.018665      0.101665      1.504844      0.532870      -0.539781      
458      0.441650      0.018635      0.101765      1.506184      0.527503      -0.534420      
459      0.441820      0.018615      0.101995      1.508691      0.517312      -0.524239      
460      0.441930      0.018615      0.102145      1.513666      0.496435      -0.503381      
461      0.441970      0.018625      0.102155      1.518907      0.473399      -0.480365      
462      0.441970      0.018625      0.102205      1.526405      0.438244      -0.445239      
463      0.441900      0.018615      0.102235      1.536092      0.387941      -0.394972      
464      0.441800      0.018595      0.102275      1.543385      0.345085      -0.352143      
465      0.441710      0.018575      0.102325      1.549788      0.302350      -0.309430      
466      0.441630      0.018555      0.102485      1.554607      0.265555      -0.272652      
467      0.441460      0.018515      0.102625      1.560390      0.212974      -0.220088      
468      0.441280      0.018475      0.102825      1.564742      0.162252      -0.169379      
469      0.441040      0.018425      0.103355      1.567851      0.112431      -0.119564      
470      0.440790      0.018355      0.104025      1.568900      0.089354      -0.096489      
471      0.440360      0.018255      0.104615      1.569912      0.058713      -0.065847      
472      0.439920      0.018155      0.105245      1.570336      0.038836      -0.045969      
473      0.439360      0.018035      0.106075      1.570477      0.029106      -0.036238      
474      0.438710      0.017915      0.106715      1.570627      0.009888      -0.017018      
475      0.438030      0.017795      0.107405      1.570620      -0.006439      -0.000688      
476      0.437520      0.017685      0.108305      1.570474      -0.023975      0.016851      
477      0.437050      0.017575      0.109195      1.570309      -0.035071      0.027950      
478      0.436580      0.017475      0.109795      1.569924      -0.052912      0.045795      
479      0.436130      0.017365      0.110265      1.569416      -0.070012      0.062900      
480      0.435610      0.017255      0.110785      1.568937      -0.083076      0.075968      
481      0.435040      0.017125      0.111195      1.568271      -0.098454      0.091352      
482      0.434490      0.017005      0.111805      1.567009      -0.122533      0.115440      
483      0.433960      0.016885      0.112505      1.565708      -0.143241      0.136157      
484      0.433410      0.016785      0.113015      1.562920      -0.179840      0.172775      
485      0.432990      0.016695      0.113545      1.556022      -0.248332      0.241308      
486      0.432520      0.016595      0.113925      1.552067      -0.280153      0.273151      
487      0.432060      0.016495      0.114165      1.548731      -0.304418      0.297436      
488      0.431730      0.016425      0.114625      1.540361      -0.358069      0.351133      
489      0.431340      0.016345      0.115105      1.535859      -0.383799      0.376887      
490      0.430850      0.016275      0.115345      1.534468      -0.391401      0.384496      
491      0.430370      0.016205      0.115795      1.532065      -0.404189      0.397297      
492      0.429850      0.016155      0.116275      1.529936      -0.415186      0.408306      
493      0.429120      0.016215      0.116735      1.527639      -0.426724      0.419856      
494      0.428380      0.016375      0.117395      1.525580      -0.436801      0.429944      
495      0.427740      0.016425      0.118135      1.523170      -0.448300      0.441456      
496      0.427140      0.016395      0.118925      1.519108      -0.467026      0.460203      
497      0.426400      0.016385      0.119665      1.517389      -0.474723      0.467909      
498      0.425690      0.016475      0.120495      1.515585      -0.482659      0.475854      
499      0.424880      0.016725      0.121365      1.513192      -0.492987      0.486195      
500      0.423940      0.017075      0.122055      1.511456      -0.500342      0.493559      
501      0.423030      0.017625      0.122615      1.509537      -0.508340      0.501567      
502      0.422320      0.018315      0.123195      1.501827      -0.539240      0.532507      
503      0.421940      0.018595      0.123775      1.497840      -0.554516      0.547803      
504      0.421790      0.018595      0.124315      1.492815      -0.573160      0.566473      
505      0.421730      0.018615      0.124715      1.481632      -0.612510      0.605879      
506      0.421790      0.018535      0.125085      1.468780      -0.654652      0.648086      
507      0.421930      0.018175      0.125615      1.458526      -0.686294      0.679780      
508      0.421920      0.017945      0.126125      1.443797      -0.729161      0.722720      
509      0.421790      0.017935      0.126725      1.424016      -0.782720      0.776377      
510      0.421370      0.017945      0.127185      1.412768      -0.811441      0.805154      
511      0.420860      0.018065      0.127335      1.402648      -0.836344      0.830106      
512      0.420320      0.018025      0.127575      1.391686      -0.862403      0.856219      
513      0.419880      0.017915      0.127995      1.383586      -0.881100      0.874956      
514      0.419290      0.017775      0.128345      1.374593      -0.901340      0.895239      
515      0.418730      0.017765      0.128695      1.360308      -0.932450      0.926419      
516      0.418210      0.017775      0.129365      1.349606      -0.954990      0.949011      
517      0.417620      0.018045      0.129715      1.344273      -0.965990      0.960037      
518      0.417060      0.018495      0.129945      1.338188      -0.978366      0.972443      
519      0.416660      0.018925      0.130185      1.330215      -0.994304      0.988419      
520      0.416310      0.019405      0.130245      1.324817      -1.004925      0.999067      
