34      74.709597      0.087270      
35      74.163552      0.087270      
36      73.156836      0.087270      
37      72.784402      0.087270      
38      72.282477      0.087270      
39      71.972497      0.087270      
40      71.318733      0.087270      
41      70.517141      0.087270      
42      69.743626      0.087270      
43      68.873277      0.087270      
44      68.031577      0.087270      
45      67.677479      0.087270      
46      66.933758      0.087270      
47      66.382556      0.087270      
48      66.124145      0.087270      
49      65.868025      0.087270      
50      65.564348      0.087270      
51      65.178736      0.087270      
52      64.455642      0.087270      
53      63.729110      0.087270      
54      63.175617      0.087270      
55      62.583161      0.087270      
56      61.597644      0.087270      
57      61.010918      0.087270      
58      59.637498      0.087270      
59      58.753971      0.087270      
60      57.701417      0.087270      
61      56.383002      0.087270      
62      55.249658      0.087270      
63      54.739710      0.087270      
64      52.973229      0.087270      
65      51.504695      0.087270      
66      49.284991      0.087270      
67      47.784943      0.087270      
68      45.827089      0.087270      
69      44.588891      0.087270      
70      43.579309      0.087270      
71      43.052746      0.087270      
72      42.799491      0.087270      
73      42.725004      0.087270      
74      42.260322      0.087270      
75      41.958364      0.087270      
76      41.713131      0.087270      
77      41.421487      0.087270      
78      41.129842      0.087270      
79      40.918988      0.087270      
80      40.044055      0.087270      
81      39.383989      0.087270      
82      38.474678      0.087270      
83      37.718351      0.087270      
84      36.689862      0.087270      
85      35.859048      0.087270      
86      35.537036      0.087270      
87      34.704504      0.087270      
88      33.860512      0.087270      
89      33.292695      0.087270      
90      32.703104      0.087270      
91      31.007099      0.087270      
92      30.387140      0.087270      
93      29.757441      0.087270      
94      29.418813      0.087270      
95      28.977049      0.087270      
96      28.313544      0.087270      
97      27.758905      0.087270      
98      27.187076      0.087270      
99      26.366004      0.087270      
100      25.681299      0.087270      
101      25.029254      0.087270      
102      24.090721      0.087270      
103      22.821009      0.087270      
104      22.010250      0.087270      
105      21.024733      0.087270      
106      20.213974      0.087270      
107      19.975044      0.087270      
108      19.623810      0.087270      
109      18.756900      0.087270      
110      18.587299      0.087270      
111      18.236639      0.087270      
112      17.997135      0.087270      
113      17.838994      0.087270      
114      17.363998      0.087270      
115      17.154289      0.087270      
116      16.647780      0.087270      
117      16.160751      0.087270      
118      15.832437      0.087270      
119      14.897915      0.087270      
120      13.884896      0.087270      
121      13.517619      0.087270      
122      13.109661      0.087270      
123      12.539551      0.087270      
124      12.161388      0.087270      
125      11.684673      0.087270      
126      11.176444      0.087270      
127      10.481999      0.087270      
128      9.479866      0.087270      
129      8.841572      0.087270      
130      8.496642      0.087270      
131      7.779277      0.087270      
132      7.307146      0.087270      
133      7.249849      0.087270      
134      7.232087      0.087270      
135      7.016648      0.087270      
136      6.672290      0.087270      
137      6.556549      0.087270      
138      6.423046      0.087270      
139      6.274646      0.087270      
140      5.959510      0.087270      
141      5.478211      0.087270      
142      5.232405      0.087270      
143      4.879452      0.087270      
144      4.860544      0.087270      
145      4.770587      0.087270      
146      4.768295      0.087270      
147      4.790068      0.087270      
148      4.885755      0.087270      
149      5.099475      0.087270      
150      5.213497      0.087270      
151      5.447270      0.087270      
152      5.353303      0.087270      
153      5.274805      0.087270      
154      5.215789      0.087270      
155      4.991183      0.087270      
156      4.890339      0.087270      
157      4.772879      0.087270      
158      4.621041      0.087270      
159      4.560306      0.087270      
160      4.535668      0.087270      
161      4.649117      0.087270      
162      4.674901      0.087270      
163      4.549992      0.087270      
164      4.549419      0.087270      
165      4.419354      0.087270      
166      4.308197      0.087270      
167      4.240013      0.087270      
168      4.318510      0.087270      
169      4.418781      0.087270      
170      4.360337      0.087270      
171      4.303613      0.087270      
172      4.097342      0.087270      
173      3.747827      0.087270      
174      3.744963      0.087270      
175      3.698552      0.087270      
176      3.708292      0.087270      
177      3.616616      0.087270      
178      3.463059      0.087270      
179      3.448162      0.087270      
180      3.408053      0.087270      
181      3.472227      0.087270      
182      3.294604      0.087270      
183      3.271113      0.087270      
184      3.346172      0.087270      
185      3.325545      0.087270      
186      3.126150      0.087270      
187      3.197199      0.087270      
188      3.192615      0.087270      
189      2.611619      0.087270      
190      2.573229      0.087270      
191      2.604743      0.087270      
192      2.543435      0.087270      
193      2.430559      0.087270      
194      2.219704      0.087270      
195      2.040936      0.087270      
196      1.634697      0.087270      
197      1.196371      0.087270      
198      1.047398      0.087270      
199      0.861754      0.087270      
200      0.869203      0.087270      
201      0.788986      0.087270      
202      0.732262      0.087270      
203      0.614802      0.087270      
204      0.619959      0.087270      
205      0.483591      0.087270      
206      0.100271      0.087270      
207      0.125481      0.087270      
208      0.008595      0.087270      
209      0.020627      0.087270      
210      -0.042400      0.087270      
211      -0.009168      0.087270      
212      -0.008022      0.087270      
213      0.142671      0.087270      
214      -0.089384      0.087270      
215      -0.130065      0.087270      
216      -0.435461      0.087270      
217      -0.726532      0.087270      
218      -0.955149      0.087270      
219      -1.326436      0.087270      
220      -1.529269      0.087270      
221      -1.750438      0.087270      
222      -1.825497      0.087270      
223      -1.997963      0.087270      
224      -2.008849      0.087270      
225      -2.106828      0.087270      
226      -2.085055      0.087270      
227      -2.264969      0.087270      
228      -2.621932      0.087270      
229      -2.719911      0.087270      
230      -2.899825      0.087270      
231      -3.145058      0.087270      
232      -3.292886      0.087270      
233      -3.504313      0.087270      
234      -3.590259      0.087270      
235      -3.578227      0.087270      
236      -3.734649      0.087270      
237      -3.715741      0.087270      
238      -3.791374      0.087270      
239      -4.143753      0.087270      
240      -4.461754      0.087270      
241      -4.880598      0.087270      
242      -4.981442      0.087270      
243      -5.044469      0.087270      
244      -5.235843      0.087270      
245      -5.427216      0.087270      
246      -5.306892      0.087270      
247      -5.419768      0.087270      
248      -5.722871      0.087270      
249      -5.705682      0.087270      
250      -5.746363      0.087270      
251      -5.823142      0.087270      
252      -5.887315      0.087270      
253      -5.855228      0.087270      
254      -5.878720      0.087270      
255      -5.949196      0.087270      
256      -5.930288      0.087270      
257      -6.032851      0.087270      
258      -6.096451      0.087270      
259      -6.135413      0.087270      
260      -6.075251      0.087270      
261      -5.992169      0.087270      
262      -6.065510      0.087270      
263      -6.093013      0.087270      
264      -6.161770      0.087270      
265      -6.241986      0.087270      
266      -6.351424      0.087270      
267      -6.438517      0.087270      
268      -6.561706      0.087270      
269      -6.675155      0.087270      
270      -6.612128      0.087270      
271      -6.517014      0.087270      
272      -6.614420      0.087270      
273      -6.665415      0.087270      
274      -6.635620      0.087270      
275      -6.725577      0.087270      
276      -7.219481      0.087270      
277      -7.313449      0.087270      
278      -7.448098      0.087270      
279      -7.444087      0.087270      
280      -7.330065      0.087270      
281      -7.559255      0.087270      
282      -7.499666      0.087270      
283      -7.491071      0.087270      
284      -7.590769      0.087270      
285      -7.459558      0.087270      
286      -7.520866      0.087270      
287      -7.527742      0.087270      
288      -7.557536      0.087270      
289      -7.570142      0.087270      
290      -7.730002      0.087270      
291      -7.837148      0.087270      
292      -7.909343      0.087270      
293      -8.003883      0.087270      
294      -7.970078      0.087270      
295      -7.904759      0.087270      
296      -8.005602      0.087270      
297      -8.006175      0.087270      
298      -7.953462      0.087270      
299      -8.068057      0.087270      
300      -8.097851      0.087270      
301      -8.076078      0.087270      
302      -8.048003      0.087270      
303      -8.109311      0.087270      
304      -8.149419      0.087270      
305      -8.329333      0.087270      
306      -8.269744      0.087270      
307      -8.183798      0.087270      
308      -8.325895      0.087270      
309      -8.281203      0.087270      
310      -8.419290      0.087270      
311      -8.492058      0.087270      
312      -8.350533      0.087270      
313      -8.387777      0.087270      
314      -8.284068      0.087270      
315      -8.305841      0.087270      
316      -8.297820      0.087270      
317      -8.286360      0.087270      
318      -8.243387      0.087270      
319      -8.243387      0.087270      
320      -8.286360      0.087270      
321      -8.261149      0.087270      
322      -8.360274      0.087270      
323      -8.333917      0.087270      
324      -8.330479      0.087270      
325      -8.192965      0.087270      
326      -8.169473      0.087270      
327      -8.239376      0.087270      
328      -8.119051      0.087270      
329      -8.105300      0.087270      
330      -8.066338      0.087270      
331      -8.116760      0.087270      
332      -8.115614      0.087270      
333      -8.120770      0.087270      
334      -8.067484      0.087270      
335      -8.121343      0.087270      
336      -8.117332      0.087270      
337      -8.203279      0.087270      
338      -8.123062      0.087270      
339      -8.112176      0.087270      
340      -8.113322      0.087270      
341      -8.064046      0.087270      
342      -7.987267      0.087270      
343      -7.814229      0.087270      
344      -7.726564      0.087270      
345      -7.498520      0.087270      
346      -7.030972      0.087270      
347      -6.484928      0.087270      
348      -5.941748      0.087270      
349      -5.383670      0.087270      
350      -4.850804      0.087270      
351      -4.515614      0.087270      
352      -3.760433      0.087270      
353      -3.095209      0.087270      
354      -2.144071      0.087270      
355      -1.119020      0.087270      
356      0.173038      0.087270      
357      1.952125      0.087270      
358      3.639535      0.087270      
359      5.383097      0.087270      
360      7.281935      0.087270      
361      9.113163      0.087270      
362      9.848289      0.087270      
363      11.064714      0.087270      
364      11.956263      0.087270      
365      12.555021      0.087270      
366      13.356040      0.087270      
367      14.325513      0.087270      
368      15.130543      0.087270      
369      16.074232      0.087270      
370      16.645488      0.087270      
371      17.777113      0.087270      
372      18.999268      0.087270      
373      19.517237      0.087270      
374      19.472545      0.087270      
375      19.649021      0.087270      
376      19.722935      0.087270      
377      19.869043      0.087270      
378      20.101098      0.087270      
379      20.603597      0.087270      
380      21.402897      0.087270      
381      22.219959      0.087270      
382      23.786471      0.087270      
383      24.484355      0.087270      
384      25.110616      0.087270      
385      25.903040      0.087270      
386      26.270317      0.087270      
387      26.907465      0.087270      
388      27.381888      0.087270      
389      27.754894      0.087270      
390      29.229158      0.087270      
391      32.563298      0.087270      
392      36.617094      0.087270      
393      42.706669      0.097070      
394      49.161802      0.143480      
395      54.669807      0.189480      
396      60.852204      0.238620      
397      66.642114      0.284740      
398      71.594907      0.329080      
436      73.779086      0.436330      
437      70.395671      0.436330      
438      69.026261      0.436330      
439      68.590801      0.436330      
440      67.645392      0.436330      
441      66.691389      0.436330      
442      66.572784      0.436330      
443      66.565908      0.436330      
444      66.341302      0.436330      
445      66.587681      0.436330      
446      66.885055      0.436330      
447      69.709247      0.436330      
448      67.560592      0.436330      
449      64.316409      0.436330      
450      72.009168      0.436330      
460      74.652300      0.436330      
461      70.891294      0.436330      
462      71.429317      0.436330      
