42      0.018340      1636301038042      
43      0.016910      1636301038074      
44      0.021750      1636301038106      
45      0.020280      1636301038151      
46      0.012020      1636301038183      
47      0.008080      1636301038212      
48      0.010150      1636301038246      
49      0.002110      1636301038278      
50      0.007480      1636301038317      
51      0.010880      1636301038341      
52      0.010850      1636301038375      
53      0.013970      1636301038408      
54      0.015630      1636301038438      
55      0.012780      1636301038471      
56      0.013870      1636301038497      
57      0.021140      1636301038542      
58      0.010150      1636301038571      
59      0.008430      1636301038596      
60      0.007310      1636301038627      
61      0.010930      1636301038658      
62      0.009510      1636301038688      
63      0.015120      1636301038720      
64      0.008680      1636301038752      
65      0.005600      1636301038801      
66      0.016490      1636301038828      
67      0.016760      1636301038861      
68      0.024570      1636301038895      
69      0.010620      1636301038924      
70      0.021900      1636301038970      
71      0.022880      1636301038989      
72      0.012840      1636301039019      
73      0.025100      1636301039052      
74      0.019220      1636301039084      
75      0.012820      1636301039135      
76      0.022270      1636301039169      
77      0.010270      1636301039193      
78      0.003540      1636301039226      
79      0.016470      1636301039256      
80      0.011600      1636301039288      
81      0.020820      1636301039322      
82      0.029570      1636301039376      
83      0.016560      1636301039404      
84      0.016890      1636301039428      
85      0.011550      1636301039461      
86      0.010150      1636301039492      
87      0.003110      1636301039525      
88      0.010960      1636301039577      
89      0.022830      1636301039610      
90      0.020970      1636301039638      
91      0.005800      1636301039671      
92      0.004350      1636301039695      
93      0.007180      1636301039728      
94      0.003580      1636301039760      
95      0.000460      1636301039794      
96      0.013100      1636301039824      
97      0.008890      1636301039855      
98      0.013850      1636301039885      
99      0.008590      1636301039934      
100      0.007180      1636301039964      
101      0.008740      1636301039995      
102      0.008470      1636301040034      
103      0.008760      1636301040062      
104      0.022620      1636301040092      
105      0.005910      1636301040126      
106      0.010710      1636301040155      
107      0.005990      1636301040207      
108      0.013080      1636301040241      
109      0.008670      1636301040266      
110      0.010300      1636301040294      
111      0.005950      1636301040329      
112      0.012920      1636301040360      
113      0.003090      1636301040394      
114      0.011270      1636301040435      
115      0.006430      1636301040476      
116      -0.003910      1636301040503      
117      0.002220      1636301040540      
118      0.002910      1636301040566      
119      0.000120      1636301040594      
120      0.004660      1636301040639      
121      0.004290      1636301040662      
122      0.002630      1636301040692      
123      0.004680      1636301040741      
124      0.011740      1636301040774      
125      0.008580      1636301040807      
126      0.002480      1636301040840      
127      -0.001730      1636301040862      
128      0.005260      1636301040893      
129      0.002700      1636301040927      
130      0.001520      1636301040960      
131      0.001910      1636301041008      
132      0.011570      1636301041052      
133      -0.001150      1636301041072      
134      0.007230      1636301041105      
135      0.005560      1636301041135      
136      0.006110      1636301041167      
137      0.013770      1636301041200      
138      0.007180      1636301041231      
139      0.005750      1636301041288      
140      0.005370      1636301041311      
141      -0.000370      1636301041344      
142      0.002700      1636301041374      
143      0.001150      1636301041406      
144      0.001400      1636301041440      
145      0.004280      1636301041473      
146      0.002560      1636301041500      
147      0.003110      1636301041533      
148      0.001150      1636301041583      
149      0.001490      1636301041611      
150      0.009870      1636301041653      
151      0.001680      1636301041685      
152      0.001130      1636301041714      
153      0.001420      1636301041741      
154      0.008690      1636301041785      
155      -0.000280      1636301041802      
156      0.001150      1636301041857      
157      -0.001340      1636301041885      
158      0.001460      1636301041915      
159      0.000010      1636301041947      
160      0.007000      1636301041976      
161      0.006720      1636301042007      
162      0.001390      1636301042049      
163      0.000000      1636301042072      
164      0.011230      1636301042110      
165      0.009550      1636301042151      
166      0.007070      1636301042183      
167      -0.004510      1636301042210      
168      -0.001420      1636301042257      
169      -0.001140      1636301042283      
170      -0.002490      1636301042308      
171      -0.003600      1636301042339      
172      0.004590      1636301042386      
173      0.005640      1636301042436      
174      0.008450      1636301042470      
175      0.008120      1636301042501      
176      0.002530      1636301042527      
177      0.004210      1636301042546      
178      0.000390      1636301042576      
179      0.001160      1636301042609      
180      0.002630      1636301042657      
181      0.005620      1636301042692      
182      0.005340      1636301042720      
183      0.011220      1636301042750      
184      0.006720      1636301042780      
185      0.004250      1636301042812      
186      0.005940      1636301042843      
187      0.002810      1636301042901      
188      0.000020      1636301042923      
189      0.002810      1636301042955      
190      0.004510      1636301042986      
191      0.007000      1636301043021      
192      0.001430      1636301043050      
193      -0.000290      1636301043078      
194      -0.001090      1636301043132      
195      0.001110      1636301043157      
196      0.002730      1636301043188      
197      0.007010      1636301043220      
198      -0.001210      1636301043252      
199      0.002500      1636301043293      
200      0.001620      1636301043320      
201      -0.000020      1636301043361      
202      0.002520      1636301043394      
203      -0.000020      1636301043425      
204      -0.001170      1636301043460      
205      0.003930      1636301043500      
206      0.003090      1636301043526      
207      -0.002810      1636301043556      
208      0.005330      1636301043585      
209      -0.001020      1636301043617      
210      0.001210      1636301043662      
211      0.000240      1636301043705      
212      0.000110      1636301043727      
213      0.001530      1636301043760      
214      0.002920      1636301043790      
215      0.000040      1636301043822      
216      0.001460      1636301043856      
217      0.004280      1636301043889      
218      0.004260      1636301043920      
219      0.004630      1636301043949      
220      0.002810      1636301043980      
221      0.002840      1636301044016      
222      0.007030      1636301044041      
223      0.004270      1636301044077      
224      0.000420      1636301044108      
225      0.005710      1636301044136      
226      0.011630      1636301044167      
227      0.004880      1636301044200      
228      -0.001360      1636301044233      
229      -0.001410      1636301044267      
230      -0.000070      1636301044317      
231      -0.001120      1636301044340      
232      0.001120      1636301044373      
233      0.008780      1636301044405      
234      0.011240      1636301044435      
235      0.002770      1636301044466      
236      0.008640      1636301044499      
237      0.002780      1636301044531      
238      0.001450      1636301044561      
239      0.002890      1636301044608      
240      0.002540      1636301044641      
241      0.000260      1636301044673      
242      0.002300      1636301044704      
243      0.000320      1636301044740      
244      0.005720      1636301044769      
245      0.004210      1636301044799      
246      0.004210      1636301044829      
247      0.005920      1636301044861      
248      0.003890      1636301044922      
249      -0.002470      1636301044954      
250      -0.002740      1636301044975      
251      -0.004120      1636301045005      
252      0.000110      1636301045038      
253      0.002630      1636301045069      
254      0.000140      1636301045101      
255      0.008390      1636301045137      
256      0.004300      1636301045179      
257      0.005770      1636301045209      
258      0.004590      1636301045242      
259      0.007070      1636301045274      
260      0.005650      1636301045318      
261      0.002760      1636301045355      
262      0.002840      1636301045386      
263      0.007000      1636301045420      
264      0.002810      1636301045456      
265      0.007040      1636301045486      
266      0.008430      1636301045510      
267      0.001410      1636301045555      
268      0.001410      1636301045578      
269      0.007020      1636301045605      
270      0.005630      1636301045637      
271      0.002540      1636301045668      
272      0.001680      1636301045719      
273      0.005420      1636301045755      
274      0.005950      1636301045777      
275      0.001430      1636301045809      
276      0.002550      1636301045840      
277      0.002890      1636301045872      
278      0.003520      1636301045904      
279      0.005770      1636301045938      
280      0.009200      1636301045975      
281      0.005820      1636301046016      
282      0.006280      1636301046048      
283      0.002810      1636301046076      
284      0.001420      1636301046110      
285      0.004180      1636301046144      
286      0.003100      1636301046188      
287      0.002470      1636301046210      
288      0.004780      1636301046238      
289      0.009540      1636301046285      
290      0.008670      1636301046317      
291      0.008330      1636301046348      
292      0.005600      1636301046384      
293      0.002800      1636301046408      
294      0.001410      1636301046442      
295      0.004540      1636301046473      
296      0.007000      1636301046508      
297      0.004180      1636301046539      
298      0.004220      1636301046591      
299      0.010070      1636301046618      
300      0.001410      1636301046643      
301      0.007340      1636301046678      
302      0.005280      1636301046708      
303      0.000000      1636301046741      
304      0.006130      1636301046788      
305      0.005580      1636301046819      
306      0.006860      1636301046851      
307      0.006970      1636301046884      
308      0.003010      1636301046913      
309      0.009730      1636301046949      
310      0.005580      1636301046979      
311      0.007000      1636301047010      
312      0.002810      1636301047044      
313      0.007030      1636301047091      
314      0.008430      1636301047122      
315      0.004520      1636301047158      
316      0.002850      1636301047185      
317      0.005310      1636301047218      
318      0.005900      1636301047258      
319      0.005570      1636301047285      
320      0.015470      1636301047310      
321      0.006990      1636301047367      
322      0.005620      1636301047401      
323      0.008340      1636301047434      
324      0.007000      1636301047457      
325      0.008720      1636301047488      
326      0.008410      1636301047519      
327      0.002790      1636301047549      
328      0.003910      1636301047607      
329      0.001650      1636301047635      
330      0.006970      1636301047661      
331      0.008400      1636301047692      
332      -0.001130      1636301047725      
333      0.003930      1636301047755      
334      0.007280      1636301047802      
335      0.004060      1636301047840      
336      0.001490      1636301047871      
337      -0.003820      1636301047899      
338      -0.001680      1636301047928      
339      -0.001270      1636301047963      
340      -0.003120      1636301048001      
341      -0.002860      1636301048024      
342      0.002680      1636301048056      
343      0.002430      1636301048085      
344      0.006050      1636301048132      
345      0.002740      1636301048161      
346      0.000930      1636301048203      
347      -0.004060      1636301048230      
348      -0.001790      1636301048257      
349      -0.009790      1636301048289      
350      -0.009800      1636301048322      
351      -0.013980      1636301048367      
352      -0.025650      1636301048404      
353      -0.024050      1636301048433      
354      -0.022770      1636301048460      
355      -0.016920      1636301048494      
356      -0.014080      1636301048527      
357      -0.005530      1636301048558      
358      -0.008470      1636301048591      
359      -0.015280      1636301048640      
360      -0.013990      1636301048668      
361      -0.009830      1636301048699      
362      -0.009570      1636301048728      
363      -0.010970      1636301048760      
364      -0.007260      1636301048798      
365      -0.008260      1636301048834      
366      -0.026770      1636301048871      
367      -0.025200      1636301048902      
368      -0.018390      1636301048935      
369      -0.023940      1636301048966      
370      -0.034030      1636301049002      
371      -0.019710      1636301049038      
372      -0.015680      1636301049065      
373      -0.016800      1636301049105      
374      -0.041440      1636301049137      
375      -0.022970      1636301049170      
376      -0.024200      1636301049206      
377      -0.019600      1636301049239      
378      -0.024070      1636301049267      
379      -0.031090      1636301049293      
380      -0.026910      1636301049340      
381      -0.038130      1636301049372      
382      -0.037850      1636301049406      
383      -0.034050      1636301049442      
384      -0.060660      1636301049468      
385      -0.049670      1636301049498      
386      -0.007120      1636301049532      
387      -0.007140      1636301049562      
388      -0.012480      1636301049595      
389      -0.000310      1636301049634      
390      -0.008390      1636301049660      
391      -0.020220      1636301049699      
392      -0.011490      1636301049722      
393      -0.018570      1636301049752      
394      -0.024190      1636301049783      
395      -0.025750      1636301049815      
396      -0.041000      1636301049851      
397      -0.050740      1636301049879      
398      -0.021360      1636301049908      
399      -0.044580      1636301049939      
400      -0.032290      1636301049972      
401      -0.015590      1636301050022      
402      -0.039820      1636301050053      
403      -0.012880      1636301050084      
404      -0.011270      1636301050116      
405      -0.019740      1636301050149      
406      -0.013180      1636301050177      
407      -0.014090      1636301050209      
408      -0.018250      1636301050242      
409      -0.018490      1636301050275      
410      -0.007260      1636301050307      
411      -0.011490      1636301050339      
412      -0.018230      1636301050389      
413      -0.022860      1636301050419      
414      -0.010160      1636301050456      
415      -0.012720      1636301050486      
416      -0.013920      1636301050516      
417      -0.009780      1636301050542      
418      -0.007140      1636301050576      
419      -0.008480      1636301050607      
420      -0.016880      1636301050660      
421      -0.032820      1636301050685      
422      -0.021810      1636301050716      
423      -0.012910      1636301050748      
424      -0.024480      1636301050776      
425      -0.037710      1636301050808      
426      -0.020200      1636301050844      
427      -0.005520      1636301050881      
428      -0.015490      1636301050921      
429      -0.016020      1636301050952      
430      -0.016730      1636301050985      
431      -0.022010      1636301051017      
432      -0.017850      1636301051050      
433      -0.023340      1636301051085      
434      -0.020900      1636301051117      
435      -0.021040      1636301051142      
