0      0.013700      1640270564596      
0      0.010850      1640270564626      
0      0.008340      1640270564656      
0      0.011720      1640270564688      
0      0.011740      1640270564721      
0      0.006470      1640270564770      
0      0.013840      1640270564801      
0      0.011020      1640270564833      
0      0.014310      1640270564867      
0      0.013270      1640270564896      
0      0.011390      1640270564927      
0      0.011950      1640270564958      
0      0.011080      1640270564989      
0      0.007700      1640270565023      
0      0.011450      1640270565057      
0      0.006860      1640270565090      
0      0.014260      1640270565135      
0      0.027510      1640270565165      
0      0.018140      1640270565196      
0      0.012230      1640270565232      
0      0.014830      1640270565258      
0      0.018390      1640270565288      
0      0.006260      1640270565334      
0      0.024810      1640270565367      
0      0.018560      1640270565398      
0      0.015280      1640270565433      
0      0.012030      1640270565464      
0      0.005850      1640270565494      
0      0.008920      1640270565525      
0      0.004840      1640270565556      
0      0.006550      1640270565589      
0      0.013630      1640270565623      
0      0.010220      1640270565655      
0      0.004250      1640270565703      
0      0.022580      1640270565735      
0      0.018260      1640270565766      
0      0.015220      1640270565798      
0      0.011360      1640270565832      
0      0.011500      1640270565866      
0      0.015240      1640270565890      
0      0.010400      1640270565922      
0      0.008820      1640270565972      
0      0.010530      1640270566002      
0      0.007980      1640270566031      
0      0.011680      1640270566058      
0      0.011840      1640270566090      
0      0.006650      1640270566123      
0      0.007770      1640270566156      
0      0.007180      1640270566203      
0      0.006300      1640270566235      
0      0.007490      1640270566270      
0      0.010160      1640270566298      
0      0.007680      1640270566330      
0      0.004840      1640270566362      
0      0.008580      1640270566392      
0      0.005570      1640270566423      
0      0.008770      1640270566457      
0      0.005920      1640270566509      
0      0.011110      1640270566539      
0      0.012300      1640270566570      
0      0.004610      1640270566602      
0      0.006080      1640270566636      
0      0.014130      1640270566670      
0      0.007050      1640270566698      
0      0.007190      1640270566722      
0      0.013060      1640270566755      
0      0.010670      1640270566790      
0      0.013560      1640270566835      
0      0.020580      1640270566870      
0      0.015120      1640270566903      
0      0.008310      1640270566930      
0      0.010590      1640270566958      
0      0.007530      1640270566990      
0      0.009990      1640270567022      
0      0.009500      1640270567056      
0      0.013800      1640270567106      
0      0.021610      1640270567138      
0      0.011200      1640270567170      
0      0.020070      1640270567202      
0      0.021000      1640270567232      
0      0.009500      1640270567265      
0      0.007320      1640270567296      
0      0.006470      1640270567325      
0      -0.000230      1640270567358      
0      0.011860      1640270567405      
0      0.022110      1640270567436      
0      0.003810      1640270567470      
0      0.024890      1640270567503      
0      0.021130      1640270567532      
0      0.005280      1640270567564      
0      0.005320      1640270567593      
0      0.013780      1640270567638      
0      -0.001040      1640270567671      
0      0.000930      1640270567705      
0      0.012160      1640270567735      
0      0.005000      1640270567765      
0      0.003060      1640270567797      
0      0.018520      1640270567828      
0      0.008820      1640270567858      
0      -0.003890      1640270567915      
0      0.013780      1640270567942      
0      0.002310      1640270567971      
0      0.001720      1640270568001      
0      0.007190      1640270568034      
0      0.007090      1640270568065      
0      0.002800      1640270568100      
0      0.009280      1640270568134      
0      0.006480      1640270568160      
0      0.004980      1640270568206      
0      0.010750      1640270568238      
0      0.005210      1640270568270      
0      0.003210      1640270568304      
0      0.007990      1640270568336      
0      0.001450      1640270568371      
0      0.005190      1640270568399      
0      0.002840      1640270568431      
0      0.002050      1640270568462      
0      0.003620      1640270568507      
0      0.000860      1640270568540      
0      0.004310      1640270568572      
0      0.001880      1640270568604      
0      0.001560      1640270568637      
0      0.001300      1640270568665      
0      0.004190      1640270568697      
0      -0.000870      1640270568729      
0      -0.000220      1640270568774      
0      0.002970      1640270568805      
0      0.002980      1640270568837      
0      0.003950      1640270568870      
0      0.000890      1640270568903      
0      0.004530      1640270568935      
0      0.003790      1640270568967      
0      0.010420      1640270568999      
0      0.013720      1640270569030      
0      0.000900      1640270569062      
0      0.000210      1640270569095      
0      0.001440      1640270569141      
0      0.001350      1640270569180      
0      -0.000240      1640270569204      
0      0.001990      1640270569237      
0      0.002000      1640270569270      
0      0.009070      1640270569302      
0      0.000450      1640270569334      
0      -0.000400      1640270569366      
0      0.001820      1640270569414      
0      -0.001070      1640270569440      
0      -0.000470      1640270569472      
0      0.001610      1640270569505      
0      0.004180      1640270569536      
0      0.000520      1640270569572      
0      0.002100      1640270569603      
0      0.006170      1640270569632      
0      0.007430      1640270569680      
0      0.004250      1640270569708      
0      0.006940      1640270569741      
0      0.002400      1640270569773      
0      0.001880      1640270569805      
0      0.005730      1640270569837      
0      0.005410      1640270569869      
0      0.000750      1640270569901      
0      0.003560      1640270569950      
0      -0.000660      1640270569984      
0      0.003650      1640270570014      
0      0.000580      1640270570041      
0      0.001320      1640270570074      
0      0.006350      1640270570105      
0      0.000820      1640270570147      
0      0.004120      1640270570185      
0      0.007570      1640270570219      
0      -0.003400      1640270570249      
0      -0.000210      1640270570280      
0      -0.002840      1640270570308      
0      -0.000130      1640270570339      
0      0.000620      1640270570372      
0      -0.000920      1640270570422      
0      0.001260      1640270570456      
0      0.002210      1640270570485      
0      0.001710      1640270570516      
0      0.000540      1640270570549      
0      0.003410      1640270570580      
0      -0.000810      1640270570613      
0      0.003560      1640270570656      
0      0.004030      1640270570689      
0      0.004200      1640270570718      
0      0.005450      1640270570751      
0      0.001180      1640270570783      
0      0.002400      1640270570817      
0      0.005430      1640270570847      
0      -0.002350      1640270570891      
0      0.015740      1640270570923      
0      0.004760      1640270570955      
0      -0.002940      1640270570988      
0      -0.004250      1640270571023      
0      -0.000930      1640270571052      
0      0.000490      1640270571080      
0      0.001280      1640270571124      
0      0.006820      1640270571156      
0      0.008930      1640270571189      
0      -0.001590      1640270571223      
0      -0.004290      1640270571260      
0      0.008100      1640270571285      
0      0.002100      1640270571316      
0      0.001900      1640270571347      
0      0.003840      1640270571393      
0      0.003470      1640270571424      
0      0.002350      1640270571457      
0      0.000970      1640270571488      
0      0.008900      1640270571521      
0      0.000840      1640270571552      
0      0.009600      1640270571585      
0      0.012000      1640270571617      
0      -0.005780      1640270571669      
0      0.004930      1640270571696      
0      -0.003460      1640270571724      
0      -0.004930      1640270571756      
0      -0.001210      1640270571789      
0      -0.005710      1640270571821      
0      0.000980      1640270571859      
0      0.002880      1640270571898      
0      -0.001440      1640270571929      
0      0.007850      1640270571962      
0      0.002810      1640270571990      
0      -0.002060      1640270572021      
0      0.008490      1640270572062      
0      0.003990      1640270572086      
0      -0.002810      1640270572132      
0      0.006490      1640270572165      
0      0.000530      1640270572197      
0      0.003890      1640270572229      
0      0.013730      1640270572265      
0      0.001770      1640270572296      
0      -0.000820      1640270572322      
0      0.007550      1640270572355      
0      -0.001850      1640270572400      
0      -0.000090      1640270572432      
0      -0.000230      1640270572470      
0      -0.000080      1640270572496      
0      0.012560      1640270572525      
0      0.000660      1640270572558      
0      -0.003850      1640270572604      
0      0.004420      1640270572638      
0      -0.000930      1640270572671      
0      -0.002420      1640270572698      
0      0.000920      1640270572715      
0      -0.000210      1640270572747      
0      0.002470      1640270572779      
0      -0.000900      1640270572808      
0      0.002600      1640270572840      
0      0.002100      1640270572888      
0      -0.002450      1640270572905      
0      0.005460      1640270572937      
0      0.000230      1640270572970      
0      -0.002460      1640270573004      
0      0.001350      1640270573033      
0      -0.000290      1640270573085      
0      0.005660      1640270573120      
0      0.003450      1640270573146      
0      -0.000540      1640270573178      
0      0.002860      1640270573207      
0      -0.000750      1640270573239      
0      0.000480      1640270573275      
0      -0.000570      1640270573304      
0      0.000160      1640270573337      
0      0.001960      1640270573367      
0      0.001380      1640270573416      
0      0.002390      1640270573448      
0      0.001000      1640270573482      
0      0.000100      1640270573511      
0      -0.000350      1640270573545      
0      0.000770      1640270573573      
0      0.000020      1640270573604      
0      -0.000240      1640270573637      
0      -0.002740      1640270573697      
0      -0.000290      1640270573721      
0      0.000240      1640270573746      
0      -0.000280      1640270573778      
0      0.001360      1640270573807      
0      -0.003170      1640270573840      
0      0.004440      1640270573878      
0      0.000380      1640270573907      
0      -0.000250      1640270573937      
0      0.001410      1640270573970      
0      0.003330      1640270574017      
0      0.000460      1640270574049      
0      0.005470      1640270574084      
0      -0.000960      1640270574112      
0      -0.002020      1640270574145      
0      0.000270      1640270574173      
0      -0.001620      1640270574206      
0      0.003620      1640270574237      
0      0.003570      1640270574272      
0      -0.001550      1640270574317      
0      0.002850      1640270574348      
0      -0.001560      1640270574380      
0      0.002000      1640270574412      
0      0.003960      1640270574444      
0      -0.000650      1640270574480      
0      0.003380      1640270574505      
0      0.001970      1640270574553      
0      -0.001910      1640270574584      
0      0.003360      1640270574616      
0      -0.000040      1640270574647      
0      0.001390      1640270574684      
0      0.002220      1640270574711      
0      0.002500      1640270574740      
0      0.000630      1640270574772      
0      0.000740      1640270574820      
0      0.000410      1640270574853      
0      0.005460      1640270574888      
0      -0.000320      1640270574918      
0      -0.002040      1640270574950      
0      0.007860      1640270574982      
0      0.003210      1640270575014      
0      -0.002000      1640270575045      
0      0.005500      1640270575076      
0      0.000010      1640270575128      
0      0.006320      1640270575157      
0      0.002760      1640270575187      
0      -0.001390      1640270575220      
0      0.001380      1640270575252      
0      0.005070      1640270575286      
0      -0.000700      1640270575320      
0      0.001530      1640270575348      
0      0.000730      1640270575378      
0      -0.003800      1640270575424      
0      0.005260      1640270575456      
0      -0.003190      1640270575489      
0      0.008860      1640270575521      
0      0.003140      1640270575553      
0      -0.002000      1640270575587      
0      0.005120      1640270575618      
0      0.001220      1640270575649      
0      0.002040      1640270575681      
0      0.003560      1640270575731      
0      0.003180      1640270575756      
0      0.004330      1640270575789      
0      -0.001360      1640270575821      
0      0.001580      1640270575853      
0      0.002910      1640270575886      
0      -0.001710      1640270575920      
0      0.002790      1640270575952      
0      0.000420      1640270575983      
0      -0.000440      1640270576033      
0      0.004160      1640270576060      
0      0.000860      1640270576095      
0      0.006400      1640270576131      
0      -0.001570      1640270576155      
0      0.002660      1640270576188      
0      0.003770      1640270576220      
0      -0.001420      1640270576266      
0      0.004940      1640270576298      
0      0.002940      1640270576336      
0      -0.000620      1640270576359      
0      0.001710      1640270576389      
0      -0.001670      1640270576422      
0      0.000810      1640270576454      
0      0.000740      1640270576486      
0      -0.000720      1640270576546      
0      0.002540      1640270576571      
0      -0.000920      1640270576599      
0      -0.002370      1640270576630      
0      0.002220      1640270576657      
0      -0.001490      1640270576689      
0      0.000140      1640270576739      
0      0.001550      1640270576772      
0      -0.001070      1640270576802      
0      0.002000      1640270576833      
0      -0.000210      1640270576865      
0      -0.001710      1640270576896      
0      0.002270      1640270576931      
0      -0.003510      1640270576974      
0      0.000920      1640270577005      
0      -0.001310      1640270577037      
0      -0.001510      1640270577071      
0      0.002270      1640270577101      
0      0.000300      1640270577133      
0      -0.001110      1640270577162      
0      0.001470      1640270577195      
0      -0.000040      1640270577239      
0      0.003050      1640270577271      
0      0.000250      1640270577305      
0      -0.000640      1640270577337      
0      0.000660      1640270577370      
0      0.002400      1640270577401      
0      -0.000360      1640270577433      
0      0.002590      1640270577465      
0      0.001600      1640270577497      
0      0.002600      1640270577546      
0      0.002750      1640270577571      
0      0.004670      1640270577606      
0      0.000330      1640270577636      
0      0.000000      1640270577668      
0      0.005490      1640270577700      
0      0.001010      1640270577732      
0      0.007860      1640270577780      
0      -0.000380      1640270577806      
0      0.009030      1640270577838      
0      0.000720      1640270577872      
0      -0.001190      1640270577903      
0      0.000250      1640270577934      
0      -0.000840      1640270577970      
0      0.002670      1640270578013      
0      0.002050      1640270578045      
0      -0.000430      1640270578073      
0      0.003560      1640270578106      
0      -0.001790      1640270578139      
0      0.004390      1640270578172      
0      0.003680      1640270578204      
0      -0.001320      1640270578234      
0      0.002180      1640270578282      
0      0.013720      1640270578299      
0      -0.004020      1640270578316      
0      -0.002120      1640270578345      
0      0.001140      1640270578393      
0      -0.001080      1640270578422      
0      -0.000810      1640270578453      
0      0.002980      1640270578486      
0      0.000020      1640270578519      
0      0.000830      1640270578550      
0      0.000890      1640270578585      
0      -0.002360      1640270578617      
0      0.003090      1640270578650      
0      -0.000410      1640270578694      
0      0.000530      1640270578719      
0      -0.001140      1640270578753      
0      0.001530      1640270578788      
0      0.002550      1640270578817      
0      -0.000130      1640270578852      
0      0.002000      1640270578894      
0      0.015420      1640270578923      
0      -0.003250      1640270578955      
0      -0.002000      1640270578988      
0      -0.002040      1640270579020      
0      -0.002710      1640270579051      
0      -0.005560      1640270579083      
0      -0.010720      1640270579114      
0      -0.032210      1640270579147      
0      -0.033000      1640270579198      
0      -0.037890      1640270579224      
0      -0.028640      1640270579255      
0      -0.017760      1640270579289      
0      -0.027150      1640270579320      
0      -0.055230      1640270579351      
0      -0.028370      1640270579388      
0      -0.049280      1640270579422      
0      -0.035440      1640270579462      
0      -0.048230      1640270579490      
0      -0.039950      1640270579522      
0      -0.013980      1640270579553      
0      -0.030710      1640270579586      
0      -0.026500      1640270579620      
0      -0.057160      1640270579654      
0      -0.028970      1640270579682      
0      -0.023050      1640270579713      
0      -0.051110      1640270579762      
0      -0.047170      1640270579795      
0      -0.019520      1640270579821      
0      -0.037070      1640270579853      
0      -0.019170      1640270579886      
0      -0.002780      1640270579919      
0      -0.019230      1640270579949      
0      -0.031090      1640270579998      
0      -0.028990      1640270580030      
0      -0.031850      1640270580055      
0      -0.035380      1640270580089      
0      -0.035910      1640270580120      
0      -0.040950      1640270580153      
0      -0.053350      1640270580184      
0      -0.018050      1640270580234      
0      -0.049270      1640270580264      
0      -0.055230      1640270580296      
0      -0.047250      1640270580327      
0      -0.037910      1640270580356      
0      -0.036680      1640270580388      
0      -0.015280      1640270580429      
0      -0.001580      1640270580453      
0      -0.005410      1640270580485      
0      -0.024410      1640270580533      
0      -0.032910      1640270580564      
0      -0.030250      1640270580597      
0      -0.013960      1640270580632      
0      -0.006970      1640270580660      
0      -0.018790      1640270580689      
0      -0.033360      1640270580722      
0      -0.044350      1640270580754      
0      -0.038110      1640270580786      
0      -0.033040      1640270580844      
0      -0.035850      1640270580869      
0      -0.027700      1640270580898      
0      -0.013120      1640270580929      
0      -0.010180      1640270580961      
