0      0.015740      1640273385598      
0      0.007910      1640273385630      
0      0.019120      1640273385663      
0      0.016920      1640273385696      
0      0.016140      1640273385725      
0      0.023860      1640273385772      
0      0.021920      1640273385801      
0      0.016150      1640273385834      
0      0.024150      1640273385866      
0      0.018910      1640273385900      
0      0.007790      1640273385934      
0      0.012080      1640273385962      
0      0.017960      1640273385994      
0      0.012470      1640273386026      
0      0.010470      1640273386072      
0      0.018230      1640273386101      
0      0.013800      1640273386133      
0      0.010950      1640273386166      
0      0.013070      1640273386202      
0      0.007510      1640273386230      
0      0.011890      1640273386262      
0      0.016190      1640273386311      
0      0.012450      1640273386342      
0      0.013870      1640273386369      
0      0.016170      1640273386399      
0      0.017540      1640273386433      
0      0.007600      1640273386464      
0      0.014300      1640273386514      
0      0.022250      1640273386542      
0      0.009250      1640273386573      
0      0.005580      1640273386603      
0      0.003550      1640273386623      
0      0.002710      1640273386649      
0      0.001950      1640273386681      
0      0.007320      1640273386714      
0      0.006490      1640273386749      
0      0.011100      1640273386780      
0      0.004010      1640273386812      
0      0.007740      1640273386843      
0      0.008690      1640273386875      
0      0.006110      1640273386910      
0      0.004260      1640273386951      
0      0.030340      1640273386983      
0      0.015500      1640273387016      
0      0.004670      1640273387049      
0      0.020290      1640273387081      
0      0.011430      1640273387115      
0      0.011440      1640273387146      
0      0.005960      1640273387177      
0      0.015520      1640273387209      
0      0.018960      1640273387241      
0      0.006370      1640273387290      
0      0.018440      1640273387318      
0      0.022410      1640273387350      
0      0.003720      1640273387382      
0      0.004220      1640273387415      
0      0.018700      1640273387447      
0      0.016170      1640273387479      
0      0.003230      1640273387511      
0      0.006870      1640273387556      
0      0.020460      1640273387591      
0      0.024070      1640273387622      
0      0.004430      1640273387651      
0      0.021860      1640273387683      
0      0.019210      1640273387715      
0      0.012860      1640273387751      
0      0.011920      1640273387784      
0      0.025560      1640273387812      
0      0.010410      1640273387843      
0      0.004240      1640273387890      
0      0.010850      1640273387923      
0      0.005390      1640273387961      
0      0.015340      1640273387984      
0      0.008360      1640273388015      
0      0.001770      1640273388046      
0      0.006780      1640273388080      
0      0.010950      1640273388111      
0      -0.001110      1640273388144      
0      0.010090      1640273388191      
0      0.015390      1640273388223      
0      0.000690      1640273388252      
0      0.013220      1640273388283      
0      0.009920      1640273388316      
0      0.007030      1640273388348      
0      0.016070      1640273388382      
0      0.004690      1640273388412      
0      0.008490      1640273388459      
0      0.020250      1640273388491      
0      0.010410      1640273388523      
0      0.004630      1640273388555      
0      0.000800      1640273388584      
0      0.002630      1640273388615      
0      -0.000650      1640273388648      
0      -0.001020      1640273388681      
0      -0.000590      1640273388728      
0      0.005230      1640273388758      
0      0.010690      1640273388793      
0      0.000510      1640273388822      
0      0.001870      1640273388851      
0      0.005370      1640273388883      
0      0.008080      1640273388916      
0      0.000860      1640273388949      
0      -0.003490      1640273388998      
0      0.008740      1640273389032      
0      0.001380      1640273389061      
0      0.001240      1640273389090      
0      0.011950      1640273389121      
0      0.006680      1640273389152      
0      0.007550      1640273389201      
0      0.017600      1640273389239      
0      0.004970      1640273389264      
0      0.012140      1640273389292      
0      0.008300      1640273389325      
0      0.001530      1640273389357      
0      0.004030      1640273389389      
0      0.009390      1640273389435      
0      0.009870      1640273389467      
0      0.005350      1640273389500      
0      -0.000150      1640273389532      
0      0.001390      1640273389561      
0      -0.000200      1640273389594      
0      0.002140      1640273389629      
0      0.000700      1640273389657      
0      0.003730      1640273389689      
0      -0.002360      1640273389737      
0      -0.000800      1640273389767      
0      -0.000020      1640273389799      
0      -0.001090      1640273389839      
0      0.001080      1640273389863      
0      -0.001480      1640273389895      
0      0.000380      1640273389926      
0      0.002810      1640273389957      
0      0.005280      1640273390006      
0      0.006720      1640273390043      
0      0.009760      1640273390067      
0      0.009260      1640273390099      
0      0.000420      1640273390134      
0      -0.001280      1640273390163      
0      0.002500      1640273390195      
0      0.005010      1640273390229      
0      0.000010      1640273390275      
0      0.004020      1640273390306      
0      0.008200      1640273390337      
0      0.002850      1640273390367      
0      -0.000230      1640273390397      
0      0.006550      1640273390437      
0      0.006710      1640273390472      
0      -0.000630      1640273390496      
0      -0.000660      1640273390527      
0      0.002820      1640273390577      
0      -0.001380      1640273390607      
0      0.005190      1640273390642      
0      0.005450      1640273390673      
0      -0.000930      1640273390706      
0      -0.001200      1640273390730      
0      -0.002900      1640273390762      
0      0.000350      1640273390812      
0      -0.001200      1640273390843      
0      -0.002810      1640273390881      
0      -0.000110      1640273390906      
0      0.000210      1640273390938      
0      0.001580      1640273390968      
0      -0.001510      1640273390999      
0      -0.000100      1640273391050      
0      0.006950      1640273391081      
0      0.003020      1640273391112      
0      0.002920      1640273391142      
0      0.004920      1640273391174      
0      0.007780      1640273391206      
0      -0.000050      1640273391234      
0      -0.000070      1640273391289      
0      0.004690      1640273391313      
0      -0.001520      1640273391348      
0      0.000070      1640273391378      
0      0.002660      1640273391410      
0      0.000530      1640273391442      
0      0.003670      1640273391475      
0      0.009030      1640273391513      
0      0.002460      1640273391548      
0      0.006150      1640273391582      
0      0.003630      1640273391614      
0      -0.001150      1640273391648      
0      0.000120      1640273391680      
0      -0.002810      1640273391711      
0      -0.002800      1640273391741      
0      -0.000730      1640273391776      
0      -0.002090      1640273391817      
0      -0.001340      1640273391850      
0      -0.000640      1640273391884      
0      -0.000780      1640273391922      
0      -0.000300      1640273391949      
0      -0.001750      1640273391979      
0      0.001160      1640273392011      
0      0.001950      1640273392044      
0      -0.001590      1640273392076      
0      0.002270      1640273392125      
0      0.001590      1640273392154      
0      0.000490      1640273392183      
0      0.008740      1640273392216      
0      -0.000800      1640273392230      
0      0.001280      1640273392249      
0      0.001130      1640273392278      
0      0.000170      1640273392294      
0      0.001810      1640273392326      
0      -0.000300      1640273392358      
0      0.001820      1640273392390      
0      -0.001160      1640273392421      
0      -0.003780      1640273392466      
0      0.002070      1640273392498      
0      -0.002740      1640273392538      
0      0.001630      1640273392566      
0      0.001420      1640273392594      
0      -0.001110      1640273392625      
0      -0.000840      1640273392655      
0      -0.000360      1640273392686      
0      0.000710      1640273392733      
0      0.004610      1640273392765      
0      0.001170      1640273392797      
0      0.002660      1640273392830      
0      0.001780      1640273392863      
0      0.001990      1640273392893      
0      0.001420      1640273392930      
0      0.000390      1640273392958      
0      0.004080      1640273392990      
0      -0.000540      1640273393022      
0      0.001720      1640273393067      
0      0.007640      1640273393099      
0      -0.000350      1640273393134      
0      -0.000010      1640273393162      
0      0.001380      1640273393194      
0      0.000000      1640273393226      
0      0.001850      1640273393258      
0      0.001830      1640273393290      
0      0.001520      1640273393326      
0      0.003670      1640273393364      
0      0.011650      1640273393398      
0      -0.000060      1640273393429      
0      -0.000030      1640273393461      
0      0.001540      1640273393493      
0      0.001240      1640273393527      
0      0.000510      1640273393576      
0      0.003820      1640273393600      
0      0.002130      1640273393635      
0      0.005380      1640273393664      
0      -0.001650      1640273393697      
0      -0.000220      1640273393739      
0      0.006840      1640273393763      
0      0.004070      1640273393791      
0      0.001050      1640273393824      
0      -0.000010      1640273393855      
0      0.001530      1640273393900      
0      0.002110      1640273393933      
0      -0.002440      1640273393971      
0      0.001560      1640273393997      
0      -0.000020      1640273394031      
0      0.000230      1640273394062      
0      -0.001390      1640273394093      
0      0.002660      1640273394126      
0      -0.001260      1640273394180      
0      0.006750      1640273394206      
0      -0.001140      1640273394232      
0      0.000710      1640273394264      
0      -0.002710      1640273394297      
0      0.000370      1640273394329      
0      -0.000020      1640273394362      
0      -0.001310      1640273394397      
0      -0.002090      1640273394425      
0      0.001740      1640273394474      
0      0.000230      1640273394506      
0      0.002320      1640273394535      
0      -0.001780      1640273394572      
0      -0.000100      1640273394605      
0      0.005330      1640273394631      
0      0.001400      1640273394664      
0      -0.001330      1640273394697      
0      0.000350      1640273394742      
0      0.001120      1640273394776      
0      0.002360      1640273394812      
0      -0.002880      1640273394833      
0      0.002830      1640273394866      
0      -0.003110      1640273394897      
0      -0.001300      1640273394930      
0      0.002450      1640273394983      
0      -0.001260      1640273395026      
0      0.000150      1640273395048      
0      0.000150      1640273395074      
0      -0.001370      1640273395106      
0      0.001160      1640273395138      
0      -0.001520      1640273395165      
0      0.000350      1640273395215      
0      -0.001020      1640273395248      
0      -0.000220      1640273395278      
0      0.003030      1640273395310      
0      -0.001620      1640273395340      
0      0.001040      1640273395372      
0      0.004280      1640273395405      
0      0.001450      1640273395434      
0      -0.001260      1640273395484      
0      -0.000140      1640273395516      
0      -0.001400      1640273395548      
0      -0.000730      1640273395579      
0      0.001130      1640273395611      
0      -0.000600      1640273395645      
0      0.000460      1640273395673      
0      -0.000840      1640273395704      
0      0.000280      1640273395734      
0      -0.000360      1640273395783      
0      -0.000120      1640273395814      
0      0.000110      1640273395848      
0      0.000010      1640273395881      
0      -0.000100      1640273395913      
0      -0.000470      1640273395945      
0      -0.000140      1640273395976      
0      0.000780      1640273396007      
0      0.000360      1640273396042      
0      -0.001380      1640273396072      
0      0.003810      1640273396120      
0      -0.002450      1640273396150      
0      0.001400      1640273396182      
0      -0.001520      1640273396214      
0      0.000130      1640273396249      
0      0.000000      1640273396289      
0      0.000130      1640273396308      
0      0.002560      1640273396356      
0      -0.002750      1640273396388      
0      0.001520      1640273396421      
0      0.004220      1640273396449      
0      -0.001200      1640273396481      
0      -0.000010      1640273396517      
0      -0.001410      1640273396549      
0      -0.001030      1640273396576      
0      -0.000030      1640273396625      
0      -0.001420      1640273396654      
0      0.000490      1640273396694      
0      0.000100      1640273396716      
0      0.001400      1640273396749      
0      0.002800      1640273396782      
0      -0.001860      1640273396816      
0      0.003130      1640273396846      
0      -0.000030      1640273396896      
0      -0.005180      1640273396925      
0      0.000200      1640273396958      
0      -0.005850      1640273396989      
0      -0.009150      1640273397022      
0      -0.009400      1640273397050      
0      -0.019810      1640273397090      
0      -0.010290      1640273397114      
0      -0.008970      1640273397148      
0      -0.022110      1640273397195      
0      -0.024480      1640273397226      
0      -0.023030      1640273397259      
0      -0.028880      1640273397292      
0      -0.026870      1640273397322      
0      -0.016810      1640273397352      
0      -0.018270      1640273397397      
0      -0.031360      1640273397431      
0      -0.004350      1640273397462      
0      -0.010220      1640273397500      
0      -0.021370      1640273397526      
0      -0.017050      1640273397557      
0      -0.011780      1640273397590      
0      -0.019410      1640273397622      
0      -0.021930      1640273397654      
0      -0.023710      1640273397707      
0      -0.034010      1640273397730      
0      -0.022510      1640273397765      
0      -0.027410      1640273397795      
0      -0.012740      1640273397828      
0      -0.025790      1640273397860      
0      -0.032720      1640273397883      
0      -0.020500      1640273397921      
0      -0.040440      1640273397943      
0      -0.032930      1640273397968      
0      -0.032540      1640273398000      
0      -0.041560      1640273398032      
0      -0.036300      1640273398063      
0      -0.036280      1640273398099      
0      -0.042120      1640273398146      
0      -0.038690      1640273398177      
0      -0.030800      1640273398209      
0      -0.042460      1640273398240      
0      -0.048110      1640273398272      
0      -0.028790      1640273398309      
0      -0.014100      1640273398333      
0      -0.016910      1640273398363      
0      -0.016360      1640273398396      
0      -0.013600      1640273398445      
0      -0.016580      1640273398477      
0      -0.031960      1640273398513      
0      -0.035500      1640273398539      
0      -0.025070      1640273398571      
0      -0.021090      1640273398599      
0      -0.018580      1640273398647      
0      -0.068500      1640273398680      
0      -0.050840      1640273398723      
0      -0.019840      1640273398744      
0      -0.025480      1640273398775      
0      -0.019810      1640273398808      
