323      0.484651      0.014382      0.134529      1.321107      -1.012696      1.008864      
324      0.484871      0.014362      0.134529      1.322164      -1.010644      1.006808      
325      0.485461      0.014322      0.134709      1.326532      -1.002108      0.998256      
326      0.485821      0.014362      0.134819      1.329275      -0.996704      0.992842      
327      0.486111      0.014412      0.134759      1.331175      -0.992940      0.989070      
328      0.486351      0.014462      0.134709      1.335377      -0.984555      0.980669      
329      0.486561      0.014472      0.134739      1.338455      -0.978358      0.974461      
330      0.486761      0.014422      0.134629      1.342222      -0.970709      0.966798      
331      0.486921      0.014342      0.134729      1.344933      -0.965162      0.961240      
332      0.487051      0.014292      0.134649      1.345774      -0.963432      0.959508      
333      0.487241      0.014222      0.134649      1.348423      -0.957964      0.954030      
334      0.487521      0.014212      0.134649      1.352328      -0.949833      0.945883      
335      0.487821      0.014262      0.134589      1.355527      -0.943110      0.939148      
336      0.488101      0.014362      0.134519      1.359282      -0.935149      0.931173      
337      0.488231      0.014422      0.134489      1.361432      -0.930553      0.926569      
338      0.488511      0.014542      0.134389      1.363662      -0.925759      0.921766      
339      0.488801      0.014682      0.134249      1.367292      -0.917892      0.913886      
340      0.489081      0.014882      0.134219      1.369856      -0.912289      0.908272      
341      0.489201      0.015022      0.134159      1.374298      -0.902486      0.898452      
342      0.489271      0.015102      0.134159      1.377338      -0.895705      0.891660      
343      0.489341      0.015182      0.134109      1.381420      -0.886505      0.882444      
344      0.489381      0.015222      0.134089      1.382157      -0.884833      0.880769      
345      0.489511      0.015302      0.134089      1.385110      -0.878096      0.874021      
346      0.489581      0.015432      0.134129      1.387520      -0.872550      0.868466      
347      0.489611      0.015672      0.134099      1.389624      -0.867680      0.863587      
348      0.489761      0.015892      0.134019      1.392342      -0.861338      0.857234      
349      0.489871      0.016172      0.133979      1.395513      -0.853873      0.849757      
350      0.490001      0.016482      0.133839      1.397794      -0.848454      0.844329      
351      0.490281      0.016752      0.133659      1.399746      -0.843788      0.839656      
352      0.490901      0.017092      0.133479      1.404340      -0.832688      0.828538      
353      0.491131      0.017182      0.133369      1.405604      -0.829605      0.825450      
354      0.491481      0.017352      0.133229      1.407655      -0.824573      0.820410      
355      0.491661      0.017532      0.133219      1.409385      -0.820304      0.816134      
356      0.491841      0.017702      0.133079      1.410669      -0.817118      0.812943      
357      0.492031      0.017802      0.133069      1.412372      -0.812869      0.808688      
358      0.492191      0.017922      0.133089      1.414522      -0.807473      0.803283      
359      0.492481      0.018012      0.133209      1.417589      -0.799703      0.795501      
360      0.492651      0.018092      0.133219      1.420148      -0.793153      0.788941      
361      0.492751      0.018142      0.133169      1.421526      -0.789601      0.785384      
362      0.492931      0.018232      0.133019      1.423234      -0.785176      0.780952      
363      0.493181      0.018352      0.132799      1.424732      -0.781270      0.777040      
364      0.493471      0.018472      0.132489      1.427075      -0.775118      0.770879      
365      0.493901      0.018692      0.132169      1.431713      -0.762777      0.758518      
366      0.494171      0.018802      0.131899      1.434741      -0.754599      0.750329      
367      0.494391      0.018882      0.131659      1.438298      -0.744867      0.740583      
368      0.494631      0.018932      0.131569      1.440517      -0.738724      0.734430      
369      0.494721      0.018922      0.131549      1.441551      -0.735843      0.731546      
370      0.494801      0.018942      0.131469      1.443332      -0.730849      0.726544      
371      0.494981      0.018992      0.131459      1.447180      -0.719934      0.715613      
372      0.495141      0.018952      0.131459      1.449443      -0.713427      0.709097      
373      0.495201      0.018972      0.131429      1.451553      -0.707302      0.702964      
374      0.495281      0.019022      0.131299      1.453579      -0.701368      0.697022      
375      0.495391      0.019082      0.131169      1.455506      -0.695671      0.691316      
376      0.495451      0.019122      0.131189      1.456766      -0.691920      0.687561      
377      0.495391      0.019212      0.131159      1.459322      -0.684239      0.679869      
378      0.495451      0.019242      0.131159      1.461984      -0.676138      0.671757      
379      0.495491      0.019262      0.131179      1.464021      -0.669869      0.665480      
380      0.495571      0.019302      0.131199      1.467326      -0.659563      0.655160      
381      0.495641      0.019292      0.131149      1.469580      -0.652432      0.648020      
382      0.495671      0.019282      0.131039      1.472682      -0.642479      0.638054      
383      0.495731      0.019242      0.130979      1.473627      -0.639412      0.634983      
384      0.495891      0.019022      0.130899      1.477811      -0.625649      0.621203      
385      0.496161      0.018652      0.130909      1.480101      -0.617979      0.613523      
386      0.496261      0.018402      0.130909      1.481989      -0.611575      0.607111      
387      0.496381      0.018152      0.130899      1.484471      -0.603048      0.598574      
388      0.496501      0.017912      0.130889      1.486244      -0.596879      0.592397      
389      0.496611      0.017752      0.130769      1.488945      -0.587347      0.582854      
390      0.496831      0.017642      0.130789      1.490784      -0.580763      0.576261      
391      0.496941      0.017632      0.130759      1.492146      -0.575835      0.571328      
392      0.497251      0.017632      0.130629      1.494028      -0.568952      0.564437      
393      0.497541      0.017722      0.130589      1.495294      -0.564270      0.559749      
394      0.497801      0.017782      0.130679      1.496881      -0.558345      0.553818      
395      0.498001      0.017822      0.130759      1.497672      -0.555367      0.550836      
396      0.498201      0.017902      0.130709      1.499099      -0.549952      0.545415      
397      0.498341      0.017982      0.130659      1.500292      -0.545382      0.540840      
398      0.498511      0.018062      0.130569      1.501390      -0.541137      0.536590      
399      0.498701      0.018192      0.130449      1.502494      -0.536837      0.532285      
400      0.498981      0.018332      0.130199      1.503470      -0.533002      0.528445      
401      0.499121      0.018422      0.130149      1.504025      -0.530812      0.526253      
402      0.499481      0.018592      0.130159      1.505608      -0.524506      0.519941      
403      0.499731      0.018742      0.130089      1.506014      -0.522875      0.518308      
404      0.499891      0.018972      0.129909      1.507807      -0.515611      0.511036      
405      0.500221      0.019162      0.129709      1.510490      -0.504537      0.499950      
406      0.500421      0.019262      0.129649      1.512707      -0.495192      0.490594      
407      0.500461      0.019362      0.129489      1.514955      -0.485524      0.480917      
408      0.500471      0.019432      0.129429      1.516163      -0.480249      0.475636      
409      0.500521      0.019552      0.129359      1.518714      -0.468902      0.464278      
410      0.500501      0.019642      0.129349      1.519692      -0.464473      0.459844      
411      0.500451      0.019752      0.129219      1.521143      -0.457823      0.453188      
412      0.500451      0.019792      0.129079      1.523022      -0.449061      0.444417      
413      0.500421      0.019782      0.129049      1.524673      -0.441216      0.436564      
414      0.500411      0.019772      0.128959      1.526060      -0.434514      0.429856      
415      0.500581      0.019702      0.129019      1.528748      -0.421207      0.416536      
416      0.500651      0.019682      0.129079      1.529332      -0.418260      0.413586      
417      0.500641      0.019692      0.129049      1.530410      -0.412762      0.408083      
418      0.500601      0.019722      0.129019      1.531329      -0.408012      0.403328      
419      0.500621      0.019712      0.129029      1.531488      -0.407185      0.402501      
420      0.500641      0.019642      0.129019      1.532961      -0.399438      0.394747      
421      0.500641      0.019622      0.128979      1.533991      -0.393928      0.389232      
422      0.500651      0.019592      0.128959      1.534380      -0.391829      0.387131      
423      0.500681      0.019542      0.128929      1.535408      -0.386217      0.381514      
424      0.500701      0.019512      0.128919      1.535409      -0.386209      0.381506      
425      0.500761      0.019452      0.128899      1.536768      -0.378668      0.373958      
426      0.501141      0.019252      0.128989      1.538540      -0.368587      0.363869      
427      0.501371      0.019172      0.128889      1.540593      -0.356550      0.351821      
428      0.501561      0.019192      0.128839      1.542605      -0.344344      0.339606      
429      0.501631      0.019172      0.128769      1.543446      -0.339108      0.334365      
430      0.501821      0.019192      0.128559      1.544990      -0.329274      0.324523      
431      0.501991      0.019052      0.128509      1.545587      -0.325388      0.320634      
432      0.502091      0.018942      0.128379      1.546203      -0.321329      0.316572      
433      0.502291      0.018792      0.128379      1.547540      -0.312343      0.307579      
434      0.502441      0.018742      0.128329      1.548688      -0.304411      0.299641      
435      0.502591      0.018742      0.128299      1.549795      -0.296564      0.291787      
436      0.502831      0.018832      0.128169      1.551516      -0.283925      0.279139      
437      0.502981      0.018892      0.128139      1.552120      -0.279346      0.274557      
438      0.503041      0.018882      0.128109      1.552370      -0.277436      0.272646      
439      0.503161      0.018902      0.127999      1.553114      -0.271659      0.266864      
440      0.503461      0.018832      0.127859      1.554547      -0.260165      0.255362      
441      0.503571      0.018692      0.127789      1.555290      -0.253994      0.249186      
442      0.503611      0.018572      0.127679      1.556568      -0.243028      0.238213      
443      0.503631      0.018532      0.127619      1.557436      -0.235280      0.230460      
444      0.503731      0.018502      0.127589      1.558341      -0.226920      0.222094      
445      0.503741      0.018512      0.127609      1.558681      -0.223707      0.218880      
446      0.503751      0.018552      0.127629      1.559102      -0.219648      0.214818      
447      0.503721      0.018652      0.127629      1.559320      -0.217524      0.212693      
448      0.503691      0.018732      0.127649      1.559872      -0.212038      0.207203      
449      0.503641      0.018792      0.127639      1.560421      -0.206441      0.201603      
450      0.503621      0.018812      0.127629      1.560954      -0.200860      0.196018      
451      0.503651      0.018812      0.127619      1.561147      -0.198798      0.193955      
452      0.503661      0.018782      0.127629      1.561349      -0.196619      0.191774      
453      0.503711      0.018792      0.127629      1.561421      -0.195835      0.190990      
454      0.503811      0.018772      0.127629      1.561545      -0.194478      0.189633      
455      0.503811      0.018772      0.127659      1.561923      -0.190284      0.185436      
456      0.503761      0.018882      0.127619      1.562521      -0.183454      0.178602      
457      0.503731      0.018952      0.127629      1.562895      -0.179055      0.174200      
458      0.503711      0.019002      0.127619      1.563441      -0.172429      0.167570      
459      0.503701      0.018992      0.127549      1.563533      -0.171291      0.166432      
460      0.503711      0.018952      0.127509      1.563804      -0.167888      0.163026      
461      0.503741      0.018872      0.127509      1.563890      -0.166782      0.161920      
462      0.503871      0.018762      0.127529      1.563930      -0.166272      0.161410      
463      0.503851      0.018732      0.127389      1.564288      -0.161621      0.156756      
464      0.503851      0.018732      0.127189      1.564721      -0.155808      0.150940      
465      0.503791      0.018722      0.127029      1.565067      -0.150992      0.146121      
466      0.503851      0.018752      0.126629      1.565608      -0.143170      0.138295      
467      0.503991      0.018692      0.126529      1.566123      -0.135293      0.130414      
468      0.504041      0.018612      0.126339      1.566668      -0.126434      0.121551      
469      0.503991      0.018592      0.126279      1.566817      -0.123892      0.119007      
470      0.503851      0.018502      0.126159      1.567137      -0.118273      0.113386      
471      0.503761      0.018382      0.126079      1.567234      -0.116523      0.111635      
472      0.503591      0.018252      0.125959      1.567246      -0.116303      0.111415      
473      0.503241      0.018012      0.125659      1.567229      -0.116609      0.111721      
474      0.502861      0.017842      0.125239      1.567336      -0.114647      0.109758      
475      0.502521      0.017602      0.124879      1.567550      -0.110606      0.105715      
476      0.502411      0.017252      0.124649      1.567687      -0.107953      0.103061      
477      0.502441      0.016792      0.124439      1.567778      -0.106148      0.101255      
478      0.502501      0.016402      0.124279      1.567805      -0.105614      0.100721      
479      0.502541      0.016212      0.124209      1.567873      -0.104225      0.099331      
480      0.502721      0.015802      0.124069      1.568019      -0.101211      0.096315      
481      0.502921      0.015372      0.124049      1.568256      -0.096125      0.091227      
482      0.502971      0.015002      0.123989      1.568320      -0.094704      0.089806      
483      0.503151      0.014532      0.124009      1.568590      -0.088480      0.083578      
484      0.503031      0.014382      0.123939      1.568679      -0.086313      0.081411      
485      0.502901      0.014322      0.123859      1.569051      -0.076673      0.071767      
486      0.502711      0.014242      0.123949      1.569141      -0.074161      0.069254      
487      0.502541      0.014202      0.123889      1.569248      -0.071068      0.066159      
488      0.502291      0.014172      0.123769      1.569304      -0.069380      0.064471      
489      0.502201      0.014152      0.123719      1.569329      -0.068626      0.063717      
490      0.502021      0.014072      0.123649      1.569331      -0.068572      0.063662      
491      0.501851      0.013982      0.123529      1.569412      -0.066028      0.061117      
492      0.501601      0.013822      0.123389      1.569597      -0.059865      0.054951      
493      0.501601      0.013752      0.123349      1.569809      -0.051943      0.047026      
494      0.501621      0.013712      0.123349      1.570011      -0.043110      0.038190      
495      0.501651      0.013722      0.123349      1.570132      -0.036813      0.031890      
496      0.501671      0.013742      0.123369      1.570222      -0.031442      0.026518      
497      0.501671      0.013742      0.123369      1.570298      -0.026095      0.021168      
498      0.501671      0.013742      0.123369      1.570315      -0.024752      0.019825      
499      0.501671      0.013742      0.123369      1.570380      -0.018816      0.013887      
500      0.501671      0.013742      0.123369      1.570417      -0.014473      0.009543      
501      0.501671      0.013742      0.123369      1.570435      -0.011851      0.006919      
502      0.501671      0.013742      0.123369      1.570453      -0.008537      0.003604      
503      0.501671      0.013742      0.123369      1.570460      -0.007108      0.002175      
504      0.501671      0.013742      0.123369      1.570470      -0.004124      -0.000810      
505      0.501671      0.013742      0.123369      1.570478      0.001577      -0.006513      
506      0.501671      0.013742      0.123369      1.570476      0.004907      -0.009844      
507      0.501671      0.013742      0.123369      1.570472      0.007074      -0.012012      
508      0.501671      0.013742      0.123369      1.570446      0.013655      -0.018594      
509      0.501671      0.013742      0.123369      1.570431      0.016199      -0.021139      
510      0.501671      0.013742      0.123369      1.570388      0.021649      -0.026590      
511      0.501671      0.013742      0.123369      1.570330      0.027161      -0.032105      
512      0.501671      0.013742      0.123369      1.570271      0.031763      -0.036708      
513      0.501671      0.013742      0.123369      1.570164      0.038736      -0.043682      
514      0.501671      0.013742      0.123369      1.570123      0.041029      -0.045976      
515      0.501671      0.013742      0.123369      1.570082      0.043243      -0.048191      
516      0.501671      0.013742      0.123369      1.570057      0.044515      -0.049463      
517      0.501671      0.013742      0.123369      1.569989      0.047861      -0.052809      
518      0.501671      0.013742      0.123369      1.569931      0.050515      -0.055464      
519      0.501671      0.013742      0.123369      1.569897      0.051975      -0.056925      
520      0.501671      0.013742      0.123369      1.569777      0.056899      -0.061850      
521      0.501671      0.013742      0.123369      1.569610      0.063125      -0.068078      
522      0.501671      0.013742      0.123369      1.569513      0.066447      -0.071400      
523      0.501671      0.013742      0.123369      1.569088      0.079378      -0.084334      
524      0.501671      0.013742      0.123369      1.568963      0.082762      -0.087719      
525      0.501671      0.013742      0.123369      1.568969      0.082605      -0.087562      
526      0.501671      0.013742      0.123369      1.568926      0.083752      -0.088708      
527      0.501671      0.013742      0.123369      1.568785      0.087402      -0.092360      
528      0.501671      0.013742      0.123369      1.568754      0.088172      -0.093130      
529      0.501671      0.013742      0.123369      1.568837      0.086068      -0.091025      
530      0.501671      0.013742      0.123369      1.568838      0.086036      -0.090994      
531      0.501671      0.013742      0.123369      1.568834      0.086138      -0.091096      
532      0.501671      0.013742      0.123369      1.568601      0.091925      -0.096883      
533      0.501671      0.013742      0.123369      1.568601      0.091925      -0.096883      
534      0.501671      0.013742      0.123369      1.568510      0.094076      -0.099035      
535      0.501671      0.013742      0.123369      1.568370      0.097303      -0.102262      
536      0.501671      0.013742      0.123369      1.568278      0.099359      -0.104319      
537      0.501671      0.013742      0.123369      1.568183      0.101440      -0.106400      
538      0.501671      0.013742      0.123369      1.568050      0.104274      -0.109234      
539      0.501671      0.013742      0.123369      1.567878      0.107838      -0.112799      
540      0.501671      0.013742      0.123369      1.567371      0.117721      -0.122684      
541      0.501671      0.013742      0.123369      1.566987      0.124668      -0.129631      
542      0.501671      0.013742      0.123369      1.566922      0.125790      -0.130754      
543      0.501671      0.013742      0.123369      1.566734      0.129024      -0.133988      
544      0.501671      0.013742      0.123369      1.566676      0.130005      -0.134969      
545      0.501671      0.013742      0.123369      1.566449      0.133780      -0.138745      
546      0.501671      0.013742      0.123369      1.566097      0.139415      -0.144381      
547      0.501671      0.013742      0.123369      1.565787      0.144187      -0.149153      
548      0.501671      0.013742      0.123369      1.565640      0.146408      -0.151374      
549      0.501671      0.013742      0.123369      1.565315      0.151171      -0.156138      
550      0.501671      0.013742      0.123369      1.565035      0.155166      -0.160133      
551      0.501671      0.013742      0.123369      1.564967      0.156123      -0.161090      
552      0.501671      0.013742      0.123369      1.564871      0.157457      -0.162424      
553      0.501671      0.013742      0.123369      1.564733      0.159356      -0.164323      
554      0.501671      0.013742      0.123369      1.564467      0.162957      -0.167925      
555      0.501671      0.013742      0.123369      1.564232      0.166080      -0.171048      
556      0.501671      0.013742      0.123369      1.563770      0.172035      -0.177004      
557      0.501671      0.013742      0.123369      1.563684      0.173118      -0.178087      
558      0.501671      0.013742      0.123369      1.563411      0.176523      -0.181492      
559      0.501671      0.013742      0.123369      1.563243      0.178586      -0.183555      
560      0.501671      0.013742      0.123369      1.563060      0.180798      -0.185767      
561      0.501671      0.013742      0.123369      1.562926      0.182407      -0.187376      
562      0.501671      0.013742      0.123369      1.562919      0.182493      -0.187462      
563      0.501671      0.013742      0.123369      1.562931      0.182344      -0.187313      
564      0.501671      0.013742      0.123369      1.562931      0.182352      -0.187321      
565      0.501671      0.013742      0.123369      1.562847      0.183348      -0.188317      
566      0.501671      0.013742      0.123369      1.562880      0.182956      -0.187925      
567      0.501671      0.013742      0.123369      1.562789      0.184038      -0.189007      
568      0.501671      0.013742      0.123369      1.562812      0.183764      -0.188733      
569      0.501671      0.013742      0.123369      1.562711      0.184956      -0.189925      
570      0.501671      0.013742      0.123369      1.562630      0.185905      -0.190874      
571      0.501671      0.013742      0.123369      1.562427      0.188274      -0.193243      
572      0.501671      0.013742      0.123369      1.562234      0.190486      -0.195456      
573      0.501671      0.013742      0.123369      1.562039      0.192706      -0.197675      
574      0.501671      0.013742      0.123369      1.561529      0.198377      -0.203346      
575      0.501671      0.013742      0.123369      1.561015      0.203929      -0.208899      
576      0.501671      0.013742      0.123369      1.560903      0.205121      -0.210091      
577      0.501671      0.013742      0.123369      1.560466      0.209701      -0.214671      
578      0.501671      0.013742      0.123369      1.559976      0.214712      -0.219682      
579      0.501671      0.013742      0.123369      1.559545      0.219032      -0.224002      
580      0.501671      0.013742      0.123369      1.559050      0.223885      -0.228855      
581      0.501671      0.013742      0.123369      1.558548      0.228699      -0.233669      
582      0.501671      0.013742      0.123369      1.558154      0.232407      -0.237377      
583      0.501671      0.013742      0.123369      1.557695      0.236648      -0.241617      
584      0.501671      0.013742      0.123369      1.557390      0.239422      -0.244392      
585      0.501671      0.013742      0.123369      1.557253      0.240661      -0.245630      
586      0.501671      0.013742      0.123369      1.557087      0.242150      -0.247120      
587      0.501671      0.013742      0.123369      1.556956      0.243326      -0.248295      
588      0.501671      0.013742      0.123369      1.556830      0.244439      -0.249408      
589      0.501671      0.013742      0.123369      1.556715      0.245457      -0.250427      
590      0.501671      0.013742      0.123369      1.556109      0.250755      -0.255724      
591      0.501671      0.013742      0.123369      1.555578      0.255292      -0.260261      
592      0.501671      0.013742      0.123369      1.554881      0.261138      -0.266106      
593      0.501671      0.013742      0.123369      1.554620      0.263292      -0.268261      
594      0.501671      0.013742      0.123369      1.554242      0.266379      -0.271348      
595      0.501671      0.013742      0.123369      1.553911      0.269059      -0.274027      
596      0.501671      0.013742      0.123369      1.553470      0.272584      -0.277552      
597      0.501671      0.013742      0.123369      1.553049      0.275897      -0.280865      
598      0.501671      0.013742      0.123369      1.552712      0.278529      -0.283496      
599      0.501671      0.013742      0.123369      1.552607      0.279344      -0.284311      
600      0.501671      0.013742      0.123369      1.552321      0.281544      -0.286512      
601      0.501671      0.013742      0.123369      1.552186      0.282578      -0.287545      
602      0.501671      0.013742      0.123369      1.551756      0.285852      -0.290819      
603      0.501671      0.013742      0.123369      1.551345      0.288937      -0.293904      
604      0.501671      0.013742      0.123369      1.550809      0.292923      -0.297889      
605      0.501671      0.013742      0.123369      1.550479      0.295343      -0.300308      
606      0.501671      0.013742      0.123369      1.550307      0.296596      -0.301561      
607      0.501671      0.013742      0.123369      1.550140      0.297809      -0.302775      
608      0.501671      0.013742      0.123369      1.550306      0.296603      -0.301569      
609      0.501671      0.013742      0.123369      1.550556      0.294779      -0.299745      
610      0.501671      0.013742      0.123369      1.550742      0.293417      -0.298382      
611      0.501671      0.013742      0.123369      1.550862      0.292532      -0.297498      
612      0.501671      0.013742      0.123369      1.551143      0.290449      -0.295415      
613      0.501671      0.013742      0.123369      1.551554      0.287371      -0.292338      
614      0.501671      0.013742      0.123369      1.551969      0.284239      -0.289206      
615      0.501671      0.013742      0.123369      1.552693      0.278678      -0.283645      
616      0.501671      0.013742      0.123369      1.553537      0.272051      -0.277019      
617      0.501671      0.013742      0.123369      1.554366      0.265376      -0.270345      
618      0.501671      0.013742      0.123369      1.554775      0.262015      -0.266984      
619      0.501671      0.013742      0.123369      1.555366      0.257087      -0.262056      
620      0.501671      0.013742      0.123369      1.555898      0.252565      -0.257535      
621      0.501671      0.013742      0.123369      1.556545      0.246954      -0.251924      
622      0.501671      0.013742      0.123369      1.557201      0.241131      -0.246101      
623      0.501671      0.013742      0.123369      1.558070      0.233183      -0.238153      
624      0.501671      0.013742      0.123369      1.559247      0.221964      -0.226934      
625      0.501671      0.013742      0.123369      1.559695      0.217542      -0.222512      
626      0.501671      0.013742      0.123369      1.560188      0.212563      -0.217533      
627      0.501671      0.013742      0.123369      1.560448      0.209881      -0.214851      
628      0.501671      0.013742      0.123369      1.560936      0.204768      -0.209738      
629      0.501671      0.013742      0.123369      1.561554      0.198102      -0.203072      
630      0.501671      0.013742      0.123369      1.562043      0.192659      -0.197628      
631      0.501671      0.013742      0.123369      1.562420      0.188352      -0.193322      
632      0.501671      0.013742      0.123369      1.562927      0.182399      -0.187368      
633      0.501671      0.013742      0.123369      1.563323      0.177605      -0.182574      
634      0.501671      0.013742      0.123369      1.564052      0.168418      -0.173387      
635      0.501671      0.013742      0.123369      1.564513      0.162345      -0.167313      
636      0.501671      0.013742      0.123369      1.564767      0.158893      -0.163860      
637      0.501671      0.013742      0.123369      1.565189      0.152984      -0.157951      
638      0.501671      0.013742      0.123369      1.565259      0.151988      -0.156954      
639      0.501671      0.013742      0.123369      1.565744      0.144838      -0.149805      
640      0.501671      0.013742      0.123369      1.566547      0.132171      -0.137136      
641      0.501671      0.013742      0.123369      1.567760      0.110224      -0.115186      
642      0.501671      0.013742      0.123369      1.568474      0.094908      -0.099867      
643      0.501671      0.013742      0.123369      1.568882      0.084914      -0.089871      
644      0.501671      0.013742      0.123369      1.569273      0.074031      -0.078986      
645      0.501671      0.013742      0.123369      1.569469      0.067891      -0.072845      
646      0.501671      0.013742      0.123369      1.569817      0.055305      -0.060255      
647      0.501671      0.013742      0.123369      1.570093      0.042670      -0.047618      
648      0.501671      0.013742      0.123369      1.570256      0.032847      -0.037791      
649      0.501671      0.013742      0.123369      1.570319      0.028135      -0.033079      
650      0.501671      0.013742      0.123369      1.570387      0.021782      -0.026724      
651      0.501671      0.013742      0.123369      1.570425      0.017023      -0.021964      
652      0.501671      0.013742      0.123369      1.570465      0.009344      -0.014282      
653      0.501671      0.013742      0.123369      1.570473      -0.003024      -0.001910      
654      0.501671      0.013742      0.123369      1.570417      -0.014465      0.009535      
655      0.501671      0.013742      0.123369      1.570207      -0.032424      0.027499      
656      0.501671      0.013742      0.123369      1.569947      -0.046070      0.041151      
657      0.501671      0.013742      0.123369      1.569525      -0.062338      0.057425      
658      0.501671      0.013742      0.123369      1.569080      -0.075865      0.070958      
659      0.501671      0.013742      0.123369      1.568025      -0.101101      0.096206      
660      0.501671      0.013742      0.123369      1.566839      -0.123523      0.118638      
661      0.501671      0.013742      0.123369      1.565250      -0.148395      0.143523      
662      0.501671      0.013742      0.123369      1.564452      -0.159448      0.154582      
663      0.501671      0.013742      0.123369      1.563130      -0.176240      0.171384      
664      0.501671      0.013742      0.123369      1.562631      -0.182168      0.177315      
665      0.501671      0.013742      0.123369      1.562255      -0.186528      0.181678      
666      0.501671      0.013742      0.123369      1.561484      -0.195145      0.190300      
667      0.501671      0.013742      0.123369      1.560723      -0.203290      0.198450      
668      0.501671      0.013742      0.123369      1.560300      -0.207688      0.202850      
669      0.501671      0.013742      0.123369      1.559243      -0.218276      0.213445      
670      0.501671      0.013742      0.123369      1.557971      -0.230375      0.225552      
671      0.501671      0.013742      0.123369      1.556648      -0.242323      0.237508      
672      0.501671      0.013742      0.123369      1.556228      -0.245989      0.241176      
673      0.501671      0.013742      0.123369      1.555255      -0.254291      0.249484      
674      0.501671      0.013742      0.123369      1.553686      -0.267126      0.262328      
675      0.501671      0.013742      0.123369      1.552216      -0.278618      0.273829      
676      0.501671      0.013742      0.123369      1.550691      -0.290053      0.285272      
677      0.501671      0.013742      0.123369      1.549507      -0.298622      0.293847      
678      0.501671      0.013742      0.123369      1.547786      -0.310662      0.305896      
679      0.501671      0.013742      0.123369      1.545724      -0.324488      0.319734      
680      0.501671      0.013742      0.123369      1.543567      -0.338342      0.333598      
681      0.501671      0.013742      0.123369      1.542862      -0.342750      0.338010      
682      0.501671      0.013742      0.123369      1.541091      -0.353573      0.348842      
683      0.501671      0.013742      0.123369      1.539210      -0.364705      0.359983      
684      0.501671      0.013742      0.123369      1.537969      -0.371867      0.367151      
685      0.501671      0.013742      0.123369      1.537123      -0.376669      0.371958      
686      0.501671      0.013742      0.123369      1.535210      -0.387302      0.382600      
687      0.501671      0.013742      0.123369      1.534130      -0.393179      0.388483      
688      0.501671      0.013742      0.123369      1.533040      -0.399016      0.394325      
689      0.501671      0.013742      0.123369      1.531440      -0.407434      0.402751      
690      0.501671      0.013742      0.123369      1.529170      -0.419079      0.414406      
691      0.501671      0.013742      0.123369      1.528229      -0.423811      0.419143      
692      0.501671      0.013742      0.123369      1.526778      -0.430999      0.426337      
693      0.501671      0.013742      0.123369      1.527979      -0.425059      0.420391      
694      0.501671      0.013742      0.123369      1.528094      -0.424482      0.419814      
695      0.501671      0.013742      0.123369      1.527229      -0.428777      0.424114      
696      0.500901      0.013772      0.123559      1.525988      -0.434865      0.430207      
697      0.500341      0.013842      0.124079      1.525169      -0.438831      0.434177      
698      0.499981      0.013872      0.123999      1.523795      -0.445408      0.440760      
699      0.499411      0.013852      0.123739      1.521047      -0.458267      0.453632      
700      0.499071      0.013782      0.123729      1.518326      -0.470646      0.466023      
701      0.498761      0.013802      0.123569      1.515774      -0.481953      0.477342      
702      0.498421      0.013802      0.123469      1.513930      -0.489958      0.485355      
703      0.497451      0.014002      0.123199      1.510214      -0.505687      0.501101      
704      0.496611      0.014122      0.123069      1.508325      -0.513490      0.508912      
705      0.495731      0.014332      0.122829      1.506209      -0.522091      0.517522      
706      0.494801      0.014482      0.122559      1.502434      -0.537070      0.532518      
707      0.493971      0.014572      0.122509      1.497547      -0.555840      0.551310      
708      0.493621      0.014622      0.122569      1.495307      -0.564223      0.559703      
709      0.492831      0.014602      0.122449      1.488295      -0.589655      0.585164      
710      0.492141      0.014582      0.122299      1.480549      -0.616463      0.612006      
711      0.491631      0.014572      0.122269      1.477992      -0.625046      0.620599      
712      0.490871      0.014532      0.122389      1.475370      -0.633718      0.629282      
713      0.490161      0.014532      0.122219      1.473881      -0.638585      0.634156      
714      0.489431      0.014522      0.122159      1.474239      -0.637419      0.632988      
715      0.488941      0.014552      0.122199      1.474552      -0.636399      0.631966      
716      0.487651      0.014632      0.122009      1.473473      -0.639914      0.635486      
717      0.486291      0.014792      0.121739      1.473421      -0.640084      0.635656      
718      0.484681      0.014942      0.121749      1.472603      -0.642733      0.638309      
719      0.482961      0.015072      0.121439      1.471729      -0.645552      0.641131      
720      0.481281      0.015182      0.121219      1.470093      -0.650795      0.646381      
721      0.479011      0.015242      0.120949      1.468195      -0.656823      0.652417      
722      0.477521      0.015232      0.120849      1.465875      -0.664107      0.659711      
723      0.476211      0.015172      0.120729      1.464959      -0.666962      0.662569      
724      0.475561      0.015102      0.120709      1.463834      -0.670448      0.666059      
725      0.474161      0.015072      0.120559      1.461649      -0.677163      0.672784      
726      0.472811      0.014982      0.120429      1.460479      -0.680732      0.676358      
727      0.470601      0.014702      0.120489      1.459097      -0.684917      0.680548      
728      0.469201      0.014542      0.120279      1.456936      -0.691411      0.687052      
729      0.467701      0.014332      0.120299      1.455169      -0.696672      0.692319      
730      0.466441      0.014192      0.120189      1.454513      -0.698612      0.694262      
731      0.465121      0.014002      0.120139      1.453958      -0.700252      0.695904      
732      0.464481      0.013962      0.120079      1.453801      -0.700714      0.696367      
733      0.463251      0.013802      0.119909      1.451983      -0.706048      0.701708      
734      0.461921      0.013572      0.119829      1.449214      -0.714088      0.709760      
735      0.459811      0.013202      0.119579      1.445380      -0.725062      0.720749      
736      0.458501      0.012922      0.119519      1.444017      -0.728920      0.724613      
737      0.457141      0.012622      0.119359      1.440848      -0.737802      0.733507      
738      0.456471      0.012482      0.119159      1.438891      -0.743232      0.738945      
739      0.455311      0.012122      0.118819      1.436683      -0.749304      0.745026      
740      0.454231      0.011812      0.118709      1.432990      -0.759341      0.755077      
741      0.453251      0.011432      0.118569      1.427545      -0.773877      0.769636      
742      0.451741      0.010812      0.118599      1.414489      -0.807557      0.803367      
743      0.450841      0.010502      0.118679      1.409693      -0.819540      0.815369      
744      0.449721      0.010302      0.118599      1.405035      -0.830994      0.826841      
745      0.448601      0.010132      0.118449      1.398513      -0.846739      0.842611      
746      0.448111      0.010062      0.118399      1.395767      -0.853271      0.849154      
747      0.446991      0.009972      0.118419      1.390177      -0.866393      0.862298      
748      0.446061      0.009922      0.118369      1.384708      -0.879016      0.874942      
749      0.445261      0.009772      0.118319      1.377141      -0.896146      0.892101      
750      0.444611      0.009652      0.118309      1.372059      -0.907441      0.903416      
751      0.443881      0.009392      0.118369      1.361778      -0.929811      0.925825      
752      0.443371      0.009172      0.118319      1.349322      -0.956098      0.952160      
753      0.442871      0.009092      0.118379      1.343002      -0.969117      0.965203      
754      0.442311      0.009042      0.118419      1.339312      -0.976624      0.972723      
755      0.441631      0.009082      0.118439      1.332406      -0.990492      0.986618      
756      0.441251      0.009142      0.118459      1.329149      -0.996953      0.993091      
757      0.440351      0.009282      0.118489      1.323299      -1.008433      1.004594      
