323      0.006320      1637685361567      
324      0.002730      1637685361614      
325      0.011350      1637685361648      
326      0.007180      1637685361680      
327      0.005000      1637685361709      
328      0.011130      1637685361740      
329      0.008220      1637685361773      
330      0.010140      1637685361801      
331      0.007350      1637685361851      
332      0.002290      1637685361891      
333      0.007240      1637685361926      
334      0.010760      1637685361959      
335      0.008890      1637685361991      
336      0.010520      1637685362023      
337      0.006070      1637685362049      
338      0.006330      1637685362105      
339      0.010380      1637685362140      
340      0.007390      1637685362165      
341      0.012920      1637685362193      
342      0.008930      1637685362225      
343      0.012110      1637685362257      
344      0.002200      1637685362296      
345      0.008860      1637685362327      
346      0.007290      1637685362360      
347      0.006400      1637685362382      
348      0.008330      1637685362411      
349      0.009800      1637685362442      
350      0.007110      1637685362473      
351      0.006120      1637685362525      
352      0.014550      1637685362559      
353      0.004040      1637685362591      
354      0.006590      1637685362611      
355      0.005590      1637685362644      
356      0.004170      1637685362677      
357      0.005560      1637685362708      
358      0.007060      1637685362760      
359      0.010160      1637685362791      
360      0.008560      1637685362828      
361      0.004640      1637685362862      
362      0.005780      1637685362893      
363      0.005100      1637685362925      
364      0.008030      1637685362963      
365      0.016100      1637685362997      
366      0.010660      1637685363029      
367      0.012680      1637685363059      
368      0.008000      1637685363093      
369      0.003750      1637685363143      
370      0.006500      1637685363176      
371      0.014200      1637685363201      
372      0.008460      1637685363231      
373      0.007960      1637685363263      
374      0.007710      1637685363294      
375      0.007400      1637685363333      
376      0.004870      1637685363374      
377      0.009970      1637685363404      
378      0.010510      1637685363434      
379      0.008130      1637685363464      
380      0.013360      1637685363495      
381      0.009240      1637685363530      
382      0.012890      1637685363574      
383      0.003970      1637685363615      
384      0.017810      1637685363649      
385      0.009920      1637685363676      
386      0.008280      1637685363707      
387      0.011020      1637685363745      
388      0.007970      1637685363778      
389      0.012310      1637685363801      
390      0.008500      1637685363833      
391      0.006360      1637685363866      
392      0.008880      1637685363898      
393      0.006040      1637685363933      
394      0.007640      1637685363966      
395      0.003840      1637685363993      
396      0.006980      1637685364027      
397      0.005890      1637685364061      
398      0.005470      1637685364084      
399      0.005540      1637685364116      
400      0.004940      1637685364159      
401      0.002820      1637685364191      
402      0.008120      1637685364209      
403      0.002100      1637685364242      
404      0.009350      1637685364295      
405      0.014250      1637685364329      
406      0.012020      1637685364364      
407      0.012430      1637685364404      
408      0.006780      1637685364442      
409      0.014580      1637685364471      
410      0.005690      1637685364508      
411      0.008540      1637685364549      
412      0.011250      1637685364580      
413      0.010070      1637685364619      
414      0.008600      1637685364664      
415      0.017070      1637685364694      
416      0.003780      1637685364727      
417      0.007050      1637685364750      
418      0.006090      1637685364791      
419      0.001060      1637685364828      
420      0.009930      1637685364862      
421      0.007060      1637685364897      
422      0.002690      1637685364926      
423      0.007190      1637685364959      
424      0.000010      1637685365022      
425      0.009660      1637685365067      
426      0.012910      1637685365105      
427      0.015410      1637685365129      
428      0.015620      1637685365162      
429      0.006700      1637685365222      
430      0.012580      1637685365276      
431      0.004970      1637685365313      
432      0.005190      1637685365349      
433      0.011490      1637685365379      
434      0.010140      1637685365424      
435      0.010030      1637685365465      
436      0.016150      1637685365494      
437      0.005850      1637685365525      
438      0.002440      1637685365555      
439      0.007380      1637685365592      
440      0.014680      1637685365642      
441      0.007880      1637685365684      
442      0.014000      1637685365709      
443      0.009890      1637685365747      
444      0.010670      1637685365766      
445      0.004100      1637685365802      
446      0.005180      1637685365836      
447      0.002710      1637685365866      
448      0.007000      1637685365896      
449      0.007140      1637685365923      
450      0.007120      1637685365955      
451      0.002630      1637685365983      
452      0.002780      1637685366017      
453      0.001000      1637685366049      
454      0.001730      1637685366082      
455      0.005350      1637685366112      
456      0.008710      1637685366142      
457      0.005610      1637685366190      
458      0.008450      1637685366223      
459      0.001450      1637685366250      
460      0.004340      1637685366282      
461      0.001410      1637685366315      
462      0.000650      1637685366346      
463      0.005930      1637685366376      
464      0.007410      1637685366409      
465      0.006140      1637685366463      
466      0.009970      1637685366494      
467      0.010040      1637685366524      
468      0.011290      1637685366549      
469      0.003240      1637685366582      
470      0.007160      1637685366616      
471      0.002230      1637685366648      
472      0.000280      1637685366696      
473      -0.000390      1637685366726      
474      0.002500      1637685366755      
475      0.005150      1637685366788      
476      0.003380      1637685366816      
477      0.002300      1637685366849      
478      0.000680      1637685366881      
479      0.001770      1637685366914      
480      0.003840      1637685366945      
481      0.006480      1637685366978      
482      0.001810      1637685367030      
483      0.007930      1637685367062      
484      0.002760      1637685367095      
485      0.012280      1637685367122      
486      0.003200      1637685367157      
487      0.003940      1637685367181      
488      0.002150      1637685367214      
489      0.000960      1637685367249      
490      0.000070      1637685367292      
491      0.003240      1637685367328      
492      0.007850      1637685367358      
493      0.010090      1637685367389      
494      0.011250      1637685367418      
495      0.008020      1637685367454      
496      0.006840      1637685367482      
497      0.006810      1637685367514      
498      0.001710      1637685367547      
499      0.007560      1637685367583      
500      0.005530      1637685367614      
501      0.003340      1637685367643      
502      0.004220      1637685367673      
503      0.001820      1637685367708      
504      0.003800      1637685367750      
505      0.007260      1637685367781      
506      0.004240      1637685367814      
507      0.002760      1637685367847      
508      0.008380      1637685367880      
509      0.003240      1637685367913      
510      0.006940      1637685367945      
511      0.007020      1637685367972      
512      0.005860      1637685368016      
513      0.008880      1637685368049      
514      0.002920      1637685368090      
515      0.002820      1637685368125      
516      0.001620      1637685368148      
517      0.004260      1637685368177      
518      0.003380      1637685368209      
519      0.001860      1637685368242      
520      0.006270      1637685368272      
521      0.007930      1637685368310      
522      0.004230      1637685368352      
523      0.016470      1637685368381      
524      0.004310      1637685368415      
525      -0.000200      1637685368445      
526      0.001460      1637685368477      
527      0.004650      1637685368514      
528      0.000980      1637685368541      
529      -0.002680      1637685368572      
530      -0.000040      1637685368605      
531      0.000130      1637685368648      
532      0.007370      1637685368681      
533      0.000000      1637685368715      
534      0.002740      1637685368758      
535      0.004110      1637685368781      
536      0.002620      1637685368809      
537      0.002650      1637685368840      
538      0.003610      1637685368872      
539      0.004540      1637685368917      
540      0.012590      1637685368949      
541      0.008850      1637685368981      
542      0.001430      1637685369014      
543      0.004120      1637685369045      
544      0.001250      1637685369078      
545      0.004810      1637685369112      
546      0.007180      1637685369145      
547      0.006080      1637685369173      
548      0.002830      1637685369205      
549      0.006070      1637685369248      
550      0.005090      1637685369282      
551      0.001220      1637685369315      
552      0.001700      1637685369350      
553      0.002420      1637685369380      
554      0.004590      1637685369406      
555      0.003980      1637685369450      
556      0.007590      1637685369483      
557      0.001380      1637685369525      
558      0.004340      1637685369549      
559      0.002630      1637685369596      
560      0.002820      1637685369628      
561      0.002050      1637685369659      
562      0.000110      1637685369691      
563      -0.000190      1637685369727      
564      0.000010      1637685369752      
565      0.001270      1637685369782      
566      -0.000500      1637685369817      
567      0.001380      1637685369848      
568      -0.000350      1637685369883      
569      0.001520      1637685369914      
570      0.001210      1637685369944      
571      0.003020      1637685369979      
572      0.002820      1637685370009      
573      0.002830      1637685370050      
574      0.007230      1637685370083      
575      0.007080      1637685370115      
576      0.001520      1637685370157      
577      0.005840      1637685370189      
578      0.006390      1637685370213      
579      0.005510      1637685370244      
580      0.006190      1637685370278      
581      0.006140      1637685370306      
582      0.004730      1637685370358      
583      0.005410      1637685370396      
584      0.003540      1637685370415      
585      0.001580      1637685370449      
586      0.001900      1637685370480      
587      0.001500      1637685370513      
588      0.001420      1637685370544      
589      0.001300      1637685370580      
590      0.006760      1637685370617      
591      0.005790      1637685370649      
592      0.007460      1637685370683      
593      0.002750      1637685370715      
594      0.003940      1637685370743      
595      0.003420      1637685370782      
596      0.004500      1637685370824      
597      0.004230      1637685370855      
598      0.003360      1637685370883      
599      0.001040      1637685370918      
600      0.002810      1637685370949      
601      0.001320      1637685371000      
602      0.004180      1637685371040      
603      0.003940      1637685371080      
604      0.005090      1637685371107      
605      0.003090      1637685371139      
606      0.001600      1637685371168      
607      0.001550      1637685371210      
608      -0.001540      1637685371232      
609      -0.002330      1637685371263      
610      -0.001740      1637685371294      
611      -0.001130      1637685371327      
612      -0.002660      1637685371357      
613      -0.003930      1637685371399      
614      -0.004000      1637685371426      
615      -0.007100      1637685371451      
616      -0.008460      1637685371483      
617      -0.008520      1637685371519      
618      -0.004290      1637685371549      
619      -0.006290      1637685371581      
620      -0.005770      1637685371621      
621      -0.007160      1637685371643      
622      -0.007430      1637685371674      
623      -0.010140      1637685371718      
624      -0.014310      1637685371750      
625      -0.005640      1637685371783      
626      -0.006350      1637685371815      
627      -0.003420      1637685371849      
628      -0.006520      1637685371877      
629      -0.008500      1637685371909      
630      -0.006940      1637685371944      
631      -0.005490      1637685371983      
632      -0.007590      1637685372026      
633      -0.006110      1637685372050      
634      -0.011710      1637685372083      
635      -0.007740      1637685372115      
636      -0.004400      1637685372146      
637      -0.007530      1637685372177      
638      -0.001270      1637685372216      
639      -0.009110      1637685372247      
640      -0.016140      1637685372291      
641      -0.027960      1637685372325      
642      -0.019510      1637685372354      
643      -0.012730      1637685372383      
644      -0.013860      1637685372417      
645      -0.007820      1637685372473      
646      -0.016030      1637685372496      
647      -0.016090      1637685372527      
648      -0.012510      1637685372559      
649      -0.006000      1637685372590      
650      -0.008090      1637685372629      
651      -0.006060      1637685372658      
652      -0.009780      1637685372686      
653      -0.015750      1637685372716      
654      -0.014570      1637685372748      
655      -0.022870      1637685372780      
656      -0.017380      1637685372813      
657      -0.020720      1637685372849      
658      -0.017230      1637685372879      
659      -0.032150      1637685372907      
660      -0.028570      1637685372954      
661      -0.031700      1637685372984      
662      -0.014090      1637685373024      
663      -0.021410      1637685373049      
664      -0.007560      1637685373082      
665      -0.005560      1637685373115      
666      -0.010990      1637685373146      
667      -0.010390      1637685373177      
668      -0.005610      1637685373208      
669      -0.013510      1637685373258      
670      -0.015440      1637685373288      
671      -0.015250      1637685373316      
672      -0.004680      1637685373349      
673      -0.010600      1637685373383      
674      -0.016390      1637685373410      
675      -0.014680      1637685373442      
676      -0.014610      1637685373482      
677      -0.010950      1637685373520      
678      -0.015390      1637685373549      
679      -0.017680      1637685373584      
680      -0.017720      1637685373615      
681      -0.005640      1637685373649      
682      -0.013850      1637685373692      
683      -0.014250      1637685373717      
684      -0.009170      1637685373744      
685      -0.006150      1637685373791      
686      -0.013620      1637685373821      
687      -0.007530      1637685373850      
688      -0.007480      1637685373894      
689      -0.010790      1637685373915      
690      -0.014930      1637685373948      
691      -0.006070      1637685373981      
692      -0.009220      1637685374009      
693      0.007620      1637685374044      
694      0.000740      1637685374094      
695      -0.005510      1637685374126      
696      -0.007810      1637685374148      
697      -0.005090      1637685374181      
698      -0.008440      1637685374214      
699      -0.016510      1637685374245      
700      -0.015900      1637685374276      
701      -0.014530      1637685374314      
702      -0.010290      1637685374357      
703      -0.020230      1637685374388      
704      -0.010040      1637685374417      
705      -0.011070      1637685374449      
706      -0.019290      1637685374492      
707      -0.024190      1637685374526      
708      -0.010810      1637685374545      
709      -0.032820      1637685374577      
710      -0.034640      1637685374606      
711      -0.011100      1637685374655      
712      -0.011220      1637685374687      
713      -0.006300      1637685374728      
714      0.001510      1637685374750      
715      0.001320      1637685374782      
716      -0.004550      1637685374815      
717      -0.000220      1637685374846      
718      -0.003430      1637685374877      
719      -0.003650      1637685374913      
720      -0.006790      1637685374956      
721      -0.007810      1637685374987      
722      -0.009440      1637685375020      
723      -0.003700      1637685375049      
724      -0.004520      1637685375080      
725      -0.008710      1637685375121      
726      -0.004630      1637685375162      
727      -0.005430      1637685375194      
728      -0.008430      1637685375222      
729      -0.006830      1637685375249      
730      -0.002520      1637685375281      
731      -0.002130      1637685375319      
732      -0.000600      1637685375347      
733      -0.006930      1637685375382      
734      -0.010450      1637685375423      
735      -0.014270      1637685375454      
736      -0.005020      1637685375482      
737      -0.011560      1637685375524      
738      -0.007070      1637685375554      
739      -0.007910      1637685375580      
740      -0.013080      1637685375608      
741      -0.018960      1637685375659      
742      -0.044000      1637685375688      
743      -0.015680      1637685375723      
744      -0.015000      1637685375762      
745      -0.020640      1637685375781      
746      -0.008570      1637685375819      
747      -0.017230      1637685375850      
748      -0.016590      1637685375877      
749      -0.022540      1637685375908      
750      -0.014880      1637685375970      
751      -0.029510      1637685375989      
752      -0.034750      1637685376019      
753      -0.017240      1637685376053      
754      -0.009950      1637685376081      
755      -0.018400      1637685376114      
756      -0.008580      1637685376149      
757      -0.015260      1637685376188      
