36      74.260385      0.436330      
37      73.930352      0.436330      
38      73.251377      0.436330      
39      72.762629      0.436330      
40      72.456661      0.436330      
41      72.104281      0.436330      
42      71.135954      0.436330      
43      70.844310      0.436330      
44      69.816966      0.436330      
45      68.441254      0.436330      
46      67.667738      0.436330      
47      67.058666      0.436330      
48      65.673786      0.436330      
49      64.585707      0.436330      
50      63.490180      0.436330      
51      62.956740      0.436330      
52      61.896737      0.436330      
53      60.609263      0.436330      
54      58.988891      0.436330      
55      57.701989      0.436330      
56      56.847111      0.436330      
57      55.446761      0.436330      
58      54.343785      0.436330      
59      53.947286      0.436330      
60      53.230495      0.436330      
61      53.160019      0.436330      
62      52.974375      0.436330      
63      52.821391      0.436330      
64      52.697056      0.436330      
65      52.758937      0.436330      
66      52.678147      0.436330      
67      52.490785      0.436330      
68      52.460417      0.436330      
69      52.343530      0.436330      
70      52.153876      0.436330      
71      51.977399      0.436330      
72      51.696642      0.436330      
73      51.307019      0.436330      
74      50.653828      0.436330      
75      49.833901      0.436330      
76      48.520643      0.436330      
77      47.546013      0.436330      
78      45.845424      0.436330      
79      44.853032      0.436330      
80      44.490339      0.436330      
81      43.975808      0.436330      
82      43.755212      0.436330      
83      43.375330      0.436330      
84      43.232087      0.436330      
85      43.301417      0.436330      
86      43.247557      0.436330      
87      43.382779      0.436330      
88      43.493363      0.436330      
89      43.377622      0.436330      
90      43.167340      0.436330      
91      43.238962      0.436330      
92      43.097438      0.436330      
93      42.598377      0.436330      
94      42.374916      0.436330      
95      41.911380      0.436330      
96      40.766004      0.436330      
97      40.245170      0.436330      
98      40.015980      0.436330      
99      39.595989      0.436330      
100      38.766895      0.436330      
101      38.615629      0.436330      
102      38.531402      0.436330      
103      38.419672      0.436330      
104      37.987649      0.436330      
105      37.873054      0.436330      
106      37.934936      0.436330      
107      37.120166      0.436330      
108      36.622251      0.436330      
109      36.197103      0.436330      
110      35.539901      0.436330      
111      35.155435      0.436330      
112      35.097565      0.436330      
113      34.375617      0.436330      
114      34.220341      0.436330      
115      33.768264      0.436330      
116      33.642209      0.436330      
117      33.007353      0.436330      
118      31.835620      0.436330      
119      30.996785      0.436330      
120      30.102944      0.436330      
121      30.015279      0.436330      
122      30.206653      0.436330      
123      30.406621      0.436330      
124      30.631227      0.436330      
125      30.673627      0.436330      
126      30.530384      0.436330      
127      30.484546      0.436330      
128      30.082890      0.436330      
129      29.970587      0.436330      
130      29.696132      0.436330      
131      29.270985      0.436330      
132      28.800000      0.436330      
133      28.329588      0.436330      
134      26.366004      0.436330      
135      25.870953      0.436330      
136      25.749483      0.436330      
137      24.655674      0.436330      
138      22.853096      0.436330      
139      22.065828      0.436330      
140      21.129015      0.436330      
141      20.374407      0.436330      
142      20.287315      0.436330      
143      20.399618      0.436330      
144      20.405348      0.436330      
145      20.265542      0.436330      
146      20.404775      0.436330      
147      20.211682      0.436330      
148      20.082763      0.436330      
149      20.214547      0.436330      
150      19.851854      0.436330      
151      19.726946      0.436330      
152      19.697724      0.436330      
153      19.359096      0.436330      
154      19.158555      0.436330      
155      19.166004      0.436330      
156      18.767213      0.436330      
157      17.788572      0.436330      
158      17.460831      0.436330      
159      17.059176      0.436330      
160      16.899889      0.436330      
161      16.816807      0.436330      
162      16.608244      0.436330      
163      16.208881      0.436330      
164      15.989432      0.436330      
165      15.376349      0.436330      
166      14.515741      0.436330      
167      14.307178      0.436330      
168      14.226962      0.436330      
169      14.192583      0.436330      
170      14.089448      0.436330      
171      13.600127      0.436330      
172      13.596117      0.436330      
173      13.263791      0.436330      
174      13.158364      0.436330      
175      13.016266      0.436330      
176      12.450740      0.436330      
177      12.115550      0.436330      
178      11.821614      0.436330      
179      11.347764      0.436330      
180      11.267547      0.436330      
181      11.250358      0.436330      
182      10.922617      0.436330      
183      10.496323      0.436330      
184      9.781824      0.436330      
185      9.502785      0.436330      
186      8.788286      0.436330      
187      8.645615      0.436330      
188      8.887410      0.436330      
189      8.961897      0.436330      
190      8.902308      0.436330      
191      8.632437      0.436330      
192      8.130511      0.436330      
193      7.665828      0.436330      
194      7.684164      0.436330      
195      7.699061      0.436330      
196      7.543785      0.436330      
197      7.391374      0.436330      
198      6.955340      0.436330      
199      6.713544      0.436330      
200      5.893045      0.436330      
201      5.719433      0.436330      
202      5.981856      0.436330      
203      6.209900      0.436330      
204      6.292408      0.436330      
205      6.439663      0.436330      
206      6.652236      0.436330      
207      6.409295      0.436330      
208      6.351997      0.436330      
209      6.115359      0.436330      
210      6.108483      0.436330      
211      6.108483      0.436330      
212      5.697087      0.436330      
213      5.258189      0.436330      
214      5.121248      0.436330      
215      4.193029      0.436330      
216      3.532389      0.436330      
217      3.173707      0.436330      
218      2.746841      0.436330      
219      2.310807      0.436330      
220      1.875919      0.436330      
221      1.783097      0.436330      
222      1.484577      0.436330      
223      1.439312      0.436330      
224      1.492026      0.436330      
225      1.348209      0.436330      
226      1.336177      0.436330      
227      1.177463      0.436330      
228      1.091517      0.436330      
229      0.933949      0.436330      
230      0.533439      0.436330      
231      0.360401      0.436330      
232      0.084800      0.436330      
233      -0.140952      0.436330      
234      -0.322012      0.436330      
235      -0.709343      0.436330      
236      -0.809040      0.436330      
237      -0.803311      0.436330      
238      -1.040522      0.436330      
239      -1.363680      0.436330      
240      -1.704027      0.436330      
241      -2.093077      0.436330      
242      -2.684959      0.436330      
243      -3.148496      0.436330      
244      -3.444151      0.436330      
245      -3.546140      0.436330      
246      -3.719752      0.436330      
247      -3.785644      0.436330      
248      -3.810282      0.436330      
249      -3.810282      0.436330      
250      -3.787363      0.436330      
251      -4.097342      0.436330      
252      -4.280694      0.436330      
253      -4.486965      0.436330      
254      -4.784912      0.436330      
255      -5.015247      0.436330      
256      -5.289129      0.436330      
257      -5.673022      0.436330      
258      -6.059207      0.436330      
259      -6.142862      0.436330      
260      -6.229381      0.436330      
261      -6.596658      0.436330      
262      -6.677447      0.436330      
263      -6.981697      0.436330      
264      -7.385071      0.436330      
265      -7.463568      0.436330      
266      -7.490498      0.436330      
267      -7.786153      0.436330      
268      -8.069776      0.436330      
269      -8.659940      0.436330      
270      -8.893713      0.436330      
271      -9.089098      0.436330      
272      -9.132071      0.436330      
273      -9.039822      0.436330      
274      -8.987681      0.436330      
275      -9.117746      0.436330      
276      -9.138373      0.436330      
277      -9.157282      0.436330      
278      -9.152125      0.436330      
279      -9.287920      0.436330      
280      -9.297660      0.436330      
281      -9.298233      0.436330      
282      -9.639153      0.436330      
283      -9.633996      0.436330      
284      -9.678116      0.436330      
285      -9.753748      0.436330      
286      -10.060863      0.436330      
287      -10.201814      0.436330      
288      -10.534713      0.436330      
289      -11.068152      0.436330      
290      -11.382715      0.436330      
291      -12.235302      0.436330      
292      -13.144039      0.436330      
293      -13.764571      0.436330      
294      -14.404584      0.436330      
295      -14.782747      0.436330      
296      -14.904218      0.436330      
297      -14.814261      0.436330      
298      -14.788477      0.436330      
299      -14.540952      0.436330      
300      -14.325513      0.436330      
301      -14.253891      0.436330      
302      -14.303167      0.436330      
303      -14.278529      0.436330      
304      -14.589082      0.436330      
305      -14.488238      0.436330      
306      -14.387968      0.436330      
307      -14.298583      0.436330      
308      -14.009804      0.436330      
309      -13.808690      0.436330      
310      -13.149196      0.436330      
311      -12.843228      0.436330      
312      -12.586535      0.436330      
313      -12.333853      0.436330      
314      -12.102944      0.436330      
315      -11.935636      0.436330      
316      -11.701862      0.436330      
317      -11.598727      0.436330      
318      -11.589559      0.436330      
319      -11.434283      0.436330      
320      -11.163266      0.436330      
321      -11.132325      0.436330      
322      -11.225720      0.436330      
323      -11.342607      0.436330      
324      -11.364953      0.436330      
325      -11.451472      0.436330      
326      -11.794111      0.436330      
327      -12.184880      0.436330      
328      -12.985325      0.436330      
329      -13.554289      0.436330      
330      -13.927296      0.436330      
331      -15.196435      0.436330      
332      -15.908642      0.436330      
333      -16.487347      0.436330      
334      -17.381187      0.436330      
335      -18.495050      0.436330      
336      -18.900716      0.436330      
337      -19.744708      0.436330      
338      -20.003120      0.436330      
339      -19.895400      0.436330      
340      -19.873054      0.436330      
341      -19.960719      0.436330      
342      -19.842687      0.436330      
343      -19.569378      0.436330      
344      -19.360242      0.436330      
345      -19.341907      0.436330      
346      -19.471972      0.436330      
347      -19.484577      0.436330      
348      -19.505777      0.436330      
349      -19.797995      0.436330      
350      -19.848989      0.436330      
351      -19.765908      0.436330      
352      -19.974471      0.436330      
353      -20.046093      0.436330      
354      -20.108547      0.436330      
355      -20.177304      0.436330      
356      -20.385867      0.436330      
357      -20.556040      0.436330      
358      -20.949674      0.436330      
359      -21.579946      0.436330      
360      -21.761579      0.436330      
361      -21.822887      0.436330      
362      -21.915709      0.436330      
363      -22.296164      0.436330      
364      -22.247461      0.436330      
365      -22.144326      0.436330      
366      -22.169537      0.436330      
367      -21.943785      0.436330      
368      -21.632087      0.436330      
369      -21.454464      0.436330      
370      -20.533121      0.436330      
371      -18.854305      0.436330      
372      -17.128505      0.436330      
373      -15.182110      0.436330      
374      -12.728060      0.436330      
375      -11.198217      0.436330      
376      -9.321725      0.436330      
377      -8.269171      0.436330      
378      -5.914818      0.436330      
379      -2.705587      0.436330      
380      -0.642305      0.436330      
381      1.851281      0.436330      
382      5.085150      0.436330      
383      7.531179      0.436330      
384      9.543466      0.436330      
385      11.704154      0.436330      
386      13.696960      0.436330      
387      15.322489      0.436330      
388      17.232214      0.436330      
389      19.250804      0.436330      
390      20.902117      0.436330      
391      22.902944      0.436330      
392      24.297565      0.436330      
393      24.721566      0.436330      
394      25.888716      0.436330      
395      27.655770      0.436330      
396      29.241763      0.436330      
397      30.999650      0.436330      
398      33.635906      0.436330      
399      35.504950      0.436330      
400      38.121152      0.436330      
401      40.016553      0.436330      
402      42.215057      0.436330      
403      44.186089      0.436330      
404      44.863919      0.436330      
405      46.254528      0.436330      
406      47.702435      0.436330      
407      49.189877      0.436330      
408      51.043451      0.436330      
409      51.928696      0.436330      
410      52.466720      0.436330      
411      53.440777      0.436330      
412      54.061308      0.436330      
413      54.256693      0.436330      
414      55.475983      0.436330      
415      57.453891      0.436330      
416      59.230113      0.436330      
417      61.297406      0.436330      
418      63.502212      0.436330      
419      65.440586      0.436330      
420      67.585803      0.436330      
421      68.155913      0.436330      
422      70.074805      0.436330      
423      71.806335      0.436330      
424      73.057711      0.436330      
425      73.339615      0.436330      
426      73.977909      0.436330      
427      74.530829      0.436330      
428      74.527391      0.436330      
429      74.639121      0.436330      
