0      74.534267      0.087270      
0      73.736686      0.087270      
0      73.185485      0.087270      
0      72.786121      0.087270      
0      71.768518      0.087270      
0      71.015057      0.087270      
0      70.522871      0.087270      
0      69.288684      0.087270      
0      68.616011      0.087270      
0      67.445997      0.087270      
0      66.832914      0.087270      
0      65.856565      0.087270      
0      64.765049      0.087270      
0      64.467102      0.087270      
0      63.703899      0.087270      
0      63.283336      0.087270      
0      62.483463      0.087270      
0      61.786153      0.087270      
0      61.429763      0.087270      
0      60.751934      0.087270      
0      60.462582      0.087270      
0      60.213911      0.087270      
0      59.721152      0.087270      
0      59.559000      0.087270      
0      59.457584      0.087270      
0      58.795798      0.087270      
0      58.034315      0.087270      
0      57.633806      0.087270      
0      57.187458      0.087270      
0      56.678084      0.087270      
0      56.199650      0.087270      
0      55.619799      0.087270      
0      55.217571      0.087270      
0      54.679548      0.087270      
0      54.306541      0.087270      
0      53.225911      0.087270      
0      52.575012      0.087270      
0      51.936718      0.087270      
0      51.261754      0.087270      
0      50.372497      0.087270      
0      49.668311      0.087270      
0      48.493713      0.087270      
0      47.079039      0.087270      
0      46.593729      0.087270      
0      45.182492      0.087270      
0      43.747764      0.087270      
0      42.704950      0.087270      
0      41.989304      0.087270      
0      41.031864      0.087270      
0      40.532803      0.087270      
0      39.695687      0.087270      
0      38.820754      0.087270      
0      38.346904      0.087270      
0      36.996976      0.087270      
0      36.111730      0.087270      
0      35.269457      0.087270      
0      33.743053      0.087270      
0      32.792488      0.087270      
0      31.734776      0.087270      
0      29.349483      0.087270      
0      28.437307      0.087270      
0      28.100398      0.087270      
0      27.328028      0.087270      
0      26.583734      0.087270      
0      26.345376      0.087270      
0      25.594207      0.087270      
0      25.050454      0.087270      
0      24.058061      0.087270      
0      23.527487      0.087270      
0      23.182556      0.087270      
0      22.390132      0.087270      
0      21.718606      0.087270      
0      21.374248      0.087270      
0      20.896960      0.087270      
0      20.296483      0.087270      
0      20.215120      0.087270      
0      19.796276      0.087270      
0      19.197517      0.087270      
0      18.824511      0.087270      
0      18.288779      0.087270      
0      18.315709      0.087270      
0      18.197103      0.087270      
0      17.652777      0.087270      
0      17.523285      0.087270      
0      17.334203      0.087270      
0      16.696483      0.087270      
0      16.446093      0.087270      
0      15.521311      0.087270      
0      15.503549      0.087270      
0      15.285246      0.087270      
0      14.862391      0.087270      
0      14.961515      0.087270      
0      14.909947      0.087270      
0      14.257329      0.087270      
0      14.259048      0.087270      
0      13.910680      0.087270      
0      13.855674      0.087270      
0      13.625338      0.087270      
0      13.115964      0.087270      
0      12.997358      0.087270      
0      12.907974      0.087270      
0      11.834219      0.087270      
0      11.759733      0.087270      
0      11.356358      0.087270      
0      10.935795      0.087270      
0      10.952411      0.087270      
0      10.697438      0.087270      
0      10.597740      0.087270      
0      10.526691      0.087270      
0      9.911316      0.087270      
0      9.967468      0.087270      
0      9.650040      0.087270      
0      8.924654      0.087270      
0      8.894286      0.087270      
0      8.168900      0.087270      
0      7.840586      0.087270      
0      7.516855      0.087270      
0      6.892313      0.087270      
0      7.038994      0.087270      
0      6.552539      0.087270      
0      6.155467      0.087270      
0      5.817985      0.087270      
0      5.268502      0.087270      
0      5.061085      0.087270      
0      4.492695      0.087270      
0      4.490976      0.087270      
0      4.092758      0.087270      
0      3.725481      0.087270      
0      3.600573      0.087270      
0      3.171988      0.087270      
0      2.703868      0.087270      
0      2.625943      0.087270      
0      2.094795      0.087270      
0      1.257679      0.087270      
0      0.696164      0.087270      
0      0.049849      0.087270      
0      -0.226898      0.087270      
0      -0.386758      0.087270      
0      -0.589018      0.087270      
0      -0.739137      0.087270      
0      -0.859462      0.087270      
0      -1.371701      0.087270      
0      -1.741843      0.087270      
0      -1.983065      0.087270      
0      -2.205953      0.087270      
0      -2.454051      0.087270      
0      -2.774343      0.087270      
0      -3.259080      0.087270      
0      -3.267675      0.087270      
0      -3.485405      0.087270      
0      -3.779341      0.087270      
0      -3.893363      0.087270      
0      -4.292726      0.087270      
0      -4.448576      0.087270      
0      -4.384975      0.087270      
0      -4.549992      0.087270      
0      -4.603852      0.087270      
0      -5.022696      0.087270      
0      -5.015820      0.087270      
0      -5.400286      0.087270      
0      -5.709120      0.087270      
0      -5.663282      0.087270      
0      -5.665001      0.087270      
0      -5.826007      0.087270      
0      -6.239121      0.087270      
0      -6.333089      0.087270      
0      -6.769123      0.087270      
0      -6.766831      0.087270      
0      -7.055037      0.087270      
0      -7.186249      0.087270      
0      -7.270476      0.087270      
0      -7.383352      0.087270      
0      -7.566704      0.087270      
0      -7.546077      0.087270      
0      -7.697342      0.087270      
0      -7.936272      0.087270      
0      -8.185516      0.087270      
0      -8.559096      0.087270      
0      -9.010027      0.087270      
0      -9.322298      0.087270      
0      -9.317714      0.087270      
0      -9.439185      0.087270      
0      -9.302244      0.087270      
0      -9.379596      0.087270      
0      -9.720516      0.087270      
0      -9.659780      0.087270      
0      -9.838548      0.087270      
0      -10.192074      0.087270      
0      -10.287761      0.087270      
0      -10.551902      0.087270      
0      -10.555913      0.087270      
0      -10.736400      0.087270      
0      -10.813751      0.087270      
0      -10.734108      0.087270      
0      -10.840681      0.087270      
0      -10.841254      0.087270      
0      -10.616648      0.087270      
0      -10.490594      0.087270      
0      -9.883240      0.087270      
0      -9.715359      0.087270      
0      -9.287347      0.087270      
0      -8.674837      0.087270      
0      -8.409550      0.087270      
0      -8.212446      0.087270      
0      -7.943721      0.087270      
0      -8.149992      0.087270      
0      -8.015343      0.087270      
0      -7.970651      0.087270      
0      -7.802769      0.087270      
0      -7.510552      0.087270      
0      -7.760369      0.087270      
0      -7.632596      0.087270      
0      -7.684737      0.087270      
0      -8.098997      0.087270      
0      -8.127073      0.087270      
0      -8.512112      0.087270      
0      -8.646761      0.087270      
0      -8.764221      0.087270      
0      -9.000286      0.087270      
0      -9.132071      0.087270      
0      -8.984243      0.087270      
0      -9.558364      0.087270      
0      -9.468980      0.087270      
0      -10.050549      0.087270      
0      -10.038517      0.087270      
0      -10.400637      0.087270      
0      -10.755881      0.087270      
0      -10.619513      0.087270      
0      -10.780519      0.087270      
0      -11.146650      0.087270      
0      -11.237753      0.087270      
0      -11.675505      0.087270      
0      -11.538564      0.087270      
0      -11.983766      0.087270      
0      -12.059971      0.087270      
0      -12.014706      0.087270      
0      -12.198631      0.087270      
0      -12.052523      0.087270      
0      -12.292599      0.087270      
0      -12.516059      0.087270      
0      -12.264523      0.087270      
0      -12.525800      0.087270      
0      -12.521789      0.087270      
0      -12.415216      0.087270      
0      -12.809422      0.087270      
0      -12.817444      0.087270      
0      -12.889066      0.087270      
0      -13.112526      0.087270      
0      -12.914277      0.087270      
0      -13.055228      0.087270      
0      -13.109088      0.087270      
0      -13.046634      0.087270      
0      -13.105077      0.087270      
0      -13.258061      0.087270      
0      -13.177845      0.087270      
0      -13.260353      0.087270      
0      -13.309629      0.087270      
0      -13.398440      0.087270      
0      -13.420786      0.087270      
0      -13.211078      0.087270      
0      -13.189877      0.087270      
0      -13.209359      0.087270      
0      -12.992774      0.087270      
0      -13.110234      0.087270      
0      -12.955531      0.087270      
0      -13.039185      0.087270      
0      -13.034028      0.087270      
0      -12.991055      0.087270      
0      -12.928028      0.087270      
0      -12.920579      0.087270      
0      -12.843228      0.087270      
0      -12.563616      0.087270      
0      -12.503454      0.087270      
0      -11.221136      0.087270      
0      -10.495750      0.087270      
0      -10.144517      0.087270      
0      -9.498774      0.087270      
0      -8.877097      0.087270      
0      -7.797040      0.087270      
0      -6.825848      0.087270      
0      -5.637498      0.087270      
0      -5.018685      0.087270      
0      -3.168550      0.087270      
0      -2.256947      0.087270      
0      -1.144230      0.087270      
0      0.299093      0.087270      
0      1.202674      0.087270      
0      2.290753      0.087270      
0      3.900812      0.087270      
0      4.824447      0.087270      
0      6.047748      0.087270      
0      7.856629      0.087270      
0      9.898711      0.087270      
0      11.554035      0.087270      
0      13.370937      0.087270      
0      15.091007      0.087270      
0      17.107305      0.087270      
0      18.041254      0.087270      
0      18.976922      0.087270      
0      19.924622      0.087270      
0      21.786790      0.087270      
0      23.004934      0.087270      
0      23.924558      0.087270      
0      25.493936      0.087270      
0      26.411269      0.087270      
0      27.942257      0.087270      
0      29.284164      0.087270      
0      29.908706      0.087270      
0      31.022569      0.087270      
0      32.218940      0.087270      
0      33.506414      0.087270      
0      34.966354      0.087270      
0      36.231482      0.087270      
0      37.690275      0.087270      
0      40.032596      0.087270      
0      40.975139      0.087270      
0      41.518892      0.087270      
0      43.395384      0.087270      
0      45.146968      0.087270      
0      46.335890      0.087270      
0      47.586121      0.087270      
0      49.389846      0.087270      
0      51.048607      0.087270      
0      52.084546      0.087270      
0      52.875251      0.087270      
0      53.300398      0.087270      
0      53.777686      0.087270      
0      54.430877      0.087270      
0      55.865606      0.087270      
0      57.424670      0.087270      
0      58.575203      0.087270      
0      59.338405      0.087270      
0      60.264332      0.087270      
0      60.786885      0.087270      
0      61.478466      0.087270      
0      62.257711      0.087270      
0      62.712653      0.087270      
0      63.055865      0.087270      
0      63.282763      0.087270      
0      63.650040      0.087270      
0      64.253382      0.087270      
0      64.871049      0.087270      
0      65.720770      0.087270      
0      66.288015      0.087270      
0      66.479389      0.087270      
0      66.957823      0.087270      
0      67.618463      0.087270      
0      68.488811      0.087270      
0      69.048607      0.087270      
0      69.600382      0.087270      
0      70.450676      0.087270      
0      70.717683      0.087270      
0      71.475155      0.087270      
0      72.669807      0.087270      
0      73.477702      0.087270      
0      74.289607      0.087270      
