100      74.950247      0.087270      
101      74.645997      0.087270      
102      74.439726      0.087270      
103      74.101671      0.087270      
104      73.847843      0.087270      
105      73.329301      0.087270      
106      73.046252      0.087270      
107      72.563234      0.087270      
108      71.864778      0.087270      
109      71.120484      0.087270      
110      70.029540      0.087270      
111      68.909947      0.087270      
112      68.273946      0.087270      
113      67.586949      0.087270      
114      66.931466      0.087270      
115      66.173993      0.087270      
116      65.534554      0.087270      
117      65.237753      0.087270      
118      64.958714      0.087270      
119      64.522107      0.087270      
120      64.268279      0.087270      
121      63.625402      0.087270      
122      63.504504      0.087270      
123      63.056438      0.087270      
124      62.888556      0.087270      
125      62.780264      0.087270      
126      62.243960      0.087270      
127      62.109884      0.087270      
128      61.775267      0.087270      
129      61.110043      0.087270      
130      60.890594      0.087270      
131      60.436225      0.087270      
132      59.796785      0.087270      
133      59.189432      0.087270      
134      58.523062      0.087270      
135      58.022282      0.087270      
136      57.410918      0.087270      
137      56.557759      0.087270      
138      55.825497      0.087270      
139      54.594175      0.087270      
140      53.360560      0.087270      
141      52.482763      0.087270      
142      51.265765      0.087270      
143      50.122107      0.087270      
144      49.514181      0.087270      
145      48.770460      0.087270      
146      48.152220      0.087270      
147      46.864746      0.087270      
148      45.954289      0.087270      
149      44.714945      0.087270      
150      43.436639      0.087270      
151      42.656820      0.087270      
152      41.805953      0.087270      
153      40.846220      0.087270      
154      40.299602      0.087270      
155      39.315232      0.087270      
156      39.060831      0.087270      
157      38.160115      0.087270      
158      37.810027      0.087270      
159      37.707465      0.087270      
160      37.375139      0.087270      
161      36.829667      0.087270      
162      36.241795      0.087270      
163      35.119911      0.087270      
164      34.764094      0.087270      
165      34.225497      0.087270      
166      33.670285      0.087270      
167      33.053191      0.087270      
168      32.528919      0.087270      
169      31.807544      0.087270      
170      31.534808      0.087270      
171      30.998504      0.087270      
172      30.556167      0.087270      
173      30.235302      0.087270      
174      29.930479      0.087270      
175      29.668630      0.087270      
176      29.760306      0.087270      
177      29.584975      0.087270      
178      29.586121      0.087270      
179      29.346045      0.087270      
180      29.194780      0.087270      
181      29.087060      0.087270      
182      28.870476      0.087270      
183      28.592010      0.087270      
184      27.872354      0.087270      
185      27.595607      0.087270      
186      27.438039      0.087270      
187      26.659367      0.087270      
188      26.099570      0.087270      
189      25.630877      0.087270      
190      24.910648      0.087270      
191      24.152029      0.087270      
192      23.500557      0.087270      
193      22.783193      0.087270      
194      22.215375      0.087270      
195      21.405762      0.087270      
196      20.688970      0.087270      
197      20.275855      0.087270      
198      19.434156      0.087270      
199      19.175744      0.087270      
200      18.780965      0.087270      
201      18.545472      0.087270      
202      18.671526      0.087270      
203      18.584434      0.087270      
204      18.438326      0.087270      
205      18.426866      0.087270      
206      17.985676      0.087270      
207      18.032660      0.087270      
208      17.896865      0.087270      
209      17.410982      0.087270      
210      17.062613      0.087270      
211      16.479898      0.087270      
212      15.836448      0.087270      
213      15.497820      0.087270      
214      15.042305      0.087270      
215      14.591374      0.087270      
216      14.082572      0.087270      
217      13.132580      0.087270      
218      12.691962      0.087270      
219      12.292026      0.087270      
220      11.615916      0.087270      
221      11.382715      0.087270      
222      11.189623      0.087270      
223      10.950692      0.087270      
224      10.940379      0.087270      
225      10.576540      0.087270      
226      10.398918      0.087270      
227      9.982938      0.087270      
228      9.880949      0.087270      
229      10.039663      0.087270      
230      9.856884      0.087270      
231      9.934235      0.087270      
232      9.574980      0.087270      
233      9.287347      0.087270      
234      9.376158      0.087270      
235      8.970492      0.087270      
236      8.707496      0.087270      
237      8.475442      0.087270      
238      8.295528      0.087270      
239      8.246825      0.087270      
240      7.682445      0.087270      
241      7.332930      0.087270      
242      7.204584      0.087270      
243      6.840745      0.087270      
244      6.586344      0.087270      
245      5.899920      0.087270      
246      5.725736      0.087270      
247      5.494827      0.087270      
248      5.327519      0.087270      
249      5.298870      0.087270      
250      4.824447      0.087270      
251      4.236002      0.087270      
252      4.061818      0.087270      
253      3.974152      0.087270      
254      4.113385      0.087270      
255      4.007385      0.087270      
256      4.013115      0.087270      
257      3.997071      0.087270      
258      3.866433      0.087270      
259      3.852682      0.087270      
260      3.782779      0.087270      
261      3.538119      0.087270      
262      3.463059      0.087270      
263      3.301480      0.087270      
264      3.273977      0.087270      
265      2.883782      0.087270      
266      2.768614      0.087270      
267      2.756008      0.087270      
268      2.427694      0.087270      
269      2.172720      0.087270      
270      2.248353      0.087270      
271      2.005984      0.087270      
272      2.055260      0.087270      
273      1.774503      0.087270      
274      1.509215      0.087270      
275      1.065733      0.087270      
276      0.856597      0.087270      
277      0.537450      0.087270      
278      0.033233      0.087270      
279      0.048703      0.087270      
280      -0.183925      0.087270      
281      -0.606780      0.087270      
282      -0.517396      0.087270      
283      -0.572975      0.087270      
284      -0.646315      0.087270      
285      -0.540315      0.087270      
286      -0.845711      0.087270      
287      -0.854305      0.087270      
288      -1.013019      0.087270      
289      -1.404934      0.087270      
290      -1.386026      0.087270      
291      -1.524686      0.087270      
292      -1.857011      0.087270      
293      -1.914308      0.087270      
294      -2.136623      0.087270      
295      -2.102817      0.087270      
296      -2.365240      0.087270      
297      -2.515932      0.087270      
298      -2.522808      0.087270      
299      -2.782938      0.087270      
300      -2.933057      0.087270      
301      -3.285437      0.087270      
302      -3.551870      0.087270      
303      -3.577081      0.087270      
304      -3.738660      0.087270      
305      -3.888206      0.087270      
306      -4.091612      0.087270      
307      -4.293299      0.087270      
308      -4.520197      0.087270      
309      -4.666306      0.087270      
310      -4.835333      0.087270      
311      -4.947064      0.087270      
312      -5.003788      0.087270      
313      -5.281681      0.087270      
314      -5.334394      0.087270      
315      -5.486806      0.087270      
316      -5.666720      0.087270      
317      -5.585930      0.087270      
318      -5.804807      0.087270      
319      -5.780169      0.087270      
320      -5.820850      0.087270      
321      -5.864969      0.087270      
322      -5.871272      0.087270      
323      -6.032851      0.087270      
324      -6.072959      0.087270      
325      -6.051186      0.087270      
326      -6.288970      0.087270      
327      -6.412733      0.087270      
328      -6.573739      0.087270      
329      -6.815534      0.087270      
330      -6.886583      0.087270      
331      -7.037848      0.087270      
332      -7.210314      0.087270      
333      -7.224638      0.087270      
334      -7.647493      0.087270      
335      -7.673277      0.087270      
336      -7.909916      0.087270      
337      -7.997581      0.087270      
338      -7.750629      0.087270      
339      -7.875537      0.087270      
340      -7.964921      0.087270      
341      -8.170046      0.087270      
342      -8.356263      0.087270      
343      -8.463409      0.087270      
344      -8.689161      0.087270      
345      -8.681140      0.087270      
346      -8.773389      0.087270      
347      -9.039249      0.087270      
348      -9.042687      0.087270      
349      -9.122330      0.087270      
350      -9.208849      0.087270      
351      -9.447780      0.087270      
352      -9.585867      0.087270      
353      -9.711921      0.087270      
354      -9.952570      0.087270      
355      -10.062582      0.087270      
356      -10.143944      0.087270      
357      -10.058571      0.087270      
358      -10.422983      0.087270      
359      -10.583416      0.087270      
360      -10.851568      0.087270      
361      -10.983925      0.087270      
362      -11.041795      0.087270      
363      -11.284164      0.087270      
364      -11.303072      0.087270      
365      -11.470380      0.087270      
366      -11.545440      0.087270      
367      -11.652013      0.087270      
368      -12.038771      0.087270      
369      -12.138469      0.087270      
370      -12.357918      0.087270      
371      -12.631800      0.087270      
372      -12.737800      0.087270      
373      -12.884482      0.087270      
374      -13.170969      0.087270      
375      -13.237434      0.087270      
376      -13.477511      0.087270      
377      -13.591533      0.087270      
378      -13.724463      0.087270      
379      -13.817858      0.087270      
380      -14.011523      0.087270      
381      -13.887761      0.087270      
382      -14.185134      0.087270      
383      -14.081999      0.087270      
384      -14.170237      0.087270      
385      -14.343276      0.087270      
386      -14.746650      0.087270      
387      -14.763266      0.087270      
388      -14.866974      0.087270      
389      -14.787331      0.087270      
390      -14.881299      0.087270      
391      -14.930002      0.087270      
392      -14.952348      0.087270      
393      -15.107624      0.087270      
394      -15.264046      0.087270      
395      -15.510998      0.087270      
396      -15.712112      0.087270      
397      -15.736177      0.087270      
398      -16.062773      0.087270      
399      -15.963648      0.087270      
400      -16.075378      0.087270      
401      -16.423747      0.087270      
402      -16.497087      0.087270      
403      -16.848894      0.087270      
404      -16.931975      0.087270      
405      -16.887283      0.087270      
406      -17.253414      0.087270      
407      -17.435047      0.087270      
408      -17.408117      0.087270      
409      -17.609231      0.087270      
410      -17.691740      0.087270      
411      -17.809199      0.087270      
412      -17.820659      0.087270      
413      -17.816648      0.087270      
414      -18.013178      0.087270      
415      -17.966194      0.087270      
416      -18.118033      0.087270      
417      -18.454942      0.087270      
418      -18.343785      0.087270      
419      -18.548910      0.087270      
420      -18.597040      0.087270      
421      -18.670380      0.087270      
422      -18.829094      0.087270      
423      -19.114436      0.087270      
424      -19.250804      0.087270      
425      -19.244501      0.087270      
426      -19.367118      0.087270      
427      -19.507496      0.087270      
428      -19.657616      0.087270      
429      -19.677097      0.087270      
430      -19.771638      0.087270      
431      -19.769346      0.087270      
432      -19.946968      0.087270      
433      -20.167563      0.087270      
434      -20.141779      0.087270      
435      -20.235174      0.087270      
436      -20.235174      0.087270      
437      -20.378991      0.087270      
438      -20.427694      0.087270      
439      -20.364667      0.087270      
440      -20.553175      0.087270      
441      -20.535413      0.087270      
442      -20.556613      0.087270      
443      -20.755435      0.087270      
444      -20.814452      0.087270      
445      -20.915868      0.087270      
446      -20.799554      0.087270      
447      -20.612192      0.087270      
448      -20.859144      0.087270      
449      -20.805284      0.087270      
450      -20.722203      0.087270      
451      -20.908420      0.087270      
452      -20.832214      0.087270      
453      -21.021296      0.087270      
454      -21.098647      0.087270      
455      -21.023014      0.087270      
456      -21.152507      0.087270      
457      -21.299761      0.087270      
458      -21.404616      0.087270      
459      -21.522648      0.087270      
460      -21.589113      0.087270      
461      -21.858985      0.087270      
462      -21.840649      0.087270      
463      -21.901385      0.087270      
464      -21.981028      0.087270      
465      -21.881331      0.087270      
466      -22.048639      0.087270      
467      -22.083018      0.087270      
468      -22.042909      0.087270      
469      -22.194748      0.087270      
470      -22.139742      0.087270      
471      -22.182142      0.087270      
472      -22.218240      0.087270      
473      -22.285851      0.087270      
474      -22.365494      0.087270      
475      -22.577495      0.087270      
476      -22.556295      0.087270      
477      -22.686360      0.087270      
478      -22.818144      0.087270      
479      -22.798663      0.087270      
480      -22.835906      0.087270      
481      -22.641095      0.087270      
482      -22.798090      0.087270      
483      -22.743657      0.087270      
484      -22.638230      0.087270      
485      -22.488111      0.087270      
486      -22.367786      0.087270      
487      -22.413624      0.087270      
488      -22.553430      0.087270      
489      -22.417062      0.087270      
490      -22.600987      0.087270      
491      -22.681776      0.087270      
492      -22.668025      0.087270      
493      -22.915550      0.087270      
494      -23.234697      0.087270      
495      -23.349292      0.087270      
496      -23.456438      0.087270      
497      -23.646093      0.087270      
498      -24.040299      0.087270      
499      -24.406430      0.087270      
500      -24.239694      0.087270      
501      -24.927264      0.087270      
502      -25.389655      0.087270      
503      -25.253287      0.087270      
504      -25.181665      0.087270      
505      -25.423460      0.087270      
506      -25.425179      0.087270      
507      -25.339806      0.087270      
508      -25.271622      0.087270      
509      -25.464714      0.087270      
510      -25.435493      0.087270      
511      -25.595926      0.087270      
512      -26.426739      0.087270      
513      -26.535604      0.087270      
514      -26.693745      0.087270      
515      -26.973357      0.087270      
516      -26.960751      0.087270      
517      -26.467420      0.087270      
518      -25.533471      0.087270      
519      -25.046443      0.087270      
520      -24.381792      0.087270      
521      -22.535095      0.087270      
522      -21.990769      0.087270      
523      -21.826325      0.087270      
524      -21.264810      0.087270      
525      -20.862582      0.087270      
526      -20.483845      0.087270      
527      -19.277161      0.087270      
528      -18.276174      0.087270      
529      -17.449944      0.087270      
530      -16.532612      0.087270      
531      -16.020372      0.087270      
532      -15.155181      0.087270      
533      -14.634347      0.087270      
534      -14.261340      0.087270      
535      -13.696387      0.087270      
536      -12.989336      0.087270      
537      -12.218112      0.087270      
538      -11.402769      0.087270      
539      -10.839535      0.087270      
540      -10.321566      0.087270      
541      -9.498201      0.087270      
542      -8.627853      0.087270      
543      -8.101862      0.087270      
544      -6.861945      0.087270      
545      -5.979564      0.087270      
546      -5.493108      0.087270      
547      -4.622187      0.087270      
548      -3.709438      0.087270      
549      -1.991087      0.087270      
550      -0.751743      0.087270      
551      0.230336      0.087270      
552      1.768200      0.087270      
553      2.819035      0.087270      
554      3.334713      0.087270      
555      3.877320      0.087270      
556      3.966131      0.087270      
557      4.178131      0.087270      
558      5.454146      0.087270      
559      5.842050      0.087270      
560      6.537068      0.087270      
561      7.203438      0.087270      
562      7.671558      0.087270      
563      8.247398      0.087270      
564      9.396785      0.087270      
565      10.096387      0.087270      
566      10.988509      0.087270      
567      11.692122      0.087270      
568      12.387713      0.087270      
569      13.075855      0.087270      
570      14.865255      0.087270      
571      15.471463      0.087270      
572      16.392806      0.087270      
573      17.464269      0.087270      
574      18.176476      0.087270      
575      19.014738      0.087270      
576      20.163552      0.087270      
577      20.730797      0.087270      
578      21.756422      0.087270      
579      22.750533      0.087270      
580      23.280535      0.087270      
581      23.878720      0.087270      
582      24.752507      0.087270      
583      25.526023      0.087270      
584      25.986694      0.087270      
585      26.770524      0.087270      
586      27.517110      0.087270      
587      28.127328      0.087270      
588      28.926054      0.087270      
589      29.562056      0.087270      
590      29.639408      0.087270      
591      30.137896      0.087270      
592      30.633519      0.087270      
593      30.925163      0.087270      
594      31.434538      0.087270      
595      32.857807      0.087270      
596      33.496674      0.087270      
597      34.193984      0.087270      
598      35.349674      0.087270      
599      36.294509      0.087270      
600      37.278307      0.087270      
601      38.016298      0.087270      
602      38.753716      0.087270      
603      39.464205      0.087270      
604      40.030304      0.087270      
605      40.445711      0.087270      
606      40.829031      0.087270      
607      41.415184      0.087270      
608      42.081553      0.087270      
609      42.729588      0.087270      
610      43.301989      0.087270      
611      43.869807      0.087270      
612      44.513258      0.087270      
613      45.060449      0.087270      
614      45.913608      0.087270      
615      46.298647      0.087270      
616      47.739678      0.087270      
617      48.394589      0.087270      
618      48.905682      0.087270      
619      49.688938      0.087270      
620      50.383384      0.087270      
621      50.932293      0.087270      
622      51.600382      0.087270      
623      52.813942      0.087270      
624      53.318733      0.087270      
625      54.426293      0.087270      
626      55.314977      0.087270      
627      55.988222      0.087270      
628      56.962279      0.087270      
629      57.667611      0.087270      
630      58.233710      0.087270      
631      58.729333      0.087270      
632      59.161929      0.087270      
633      59.677606      0.087270      
634      61.126086      0.087270      
635      62.227917      0.087270      
636      63.517110      0.087270      
637      64.846984      0.087270      
638      65.389591      0.087270      
639      65.759160      0.087270      
640      66.355626      0.087270      
641      67.022569      0.087270      
642      67.619035      0.087270      
643      68.187426      0.087270      
644      68.498552      0.087270      
645      68.839472      0.087270      
646      68.967245      0.087270      
647      69.610696      0.087270      
648      70.042145      0.087270      
649      70.601942      0.087270      
650      71.243673      0.087270      
651      71.584593      0.087270      
652      71.927232      0.087270      
653      72.395926      0.087270      
654      72.746013      0.087270      
655      73.482859      0.087270      
656      73.929779      0.087270      
657      74.647716      0.087270      
