0      0.469991      0.047372      0.140099      1.323241      -1.008546      1.004707      
0      0.471521      0.047502      0.140219      1.326877      -1.001430      0.997577      
0      0.472311      0.047512      0.140369      1.328345      -0.998541      0.994682      
0      0.473951      0.047592      0.140819      1.326640      -1.001897      0.998045      
0      0.475621      0.047782      0.140649      1.329766      -0.995733      0.991869      
0      0.477311      0.047922      0.140209      1.332433      -0.990439      0.986565      
0      0.478971      0.048062      0.139789      1.331327      -0.992638      0.988768      
0      0.480421      0.048092      0.139239      1.332837      -0.989633      0.985757      
0      0.481921      0.047972      0.139429      1.332319      -0.990665      0.986791      
0      0.484861      0.048092      0.139399      1.333347      -0.988616      0.984738      
0      0.486601      0.048192      0.139039      1.337502      -0.980281      0.976387      
0      0.488211      0.048302      0.138449      1.339201      -0.976850      0.972950      
0      0.488961      0.048362      0.138029      1.340395      -0.974429      0.970524      
0      0.490201      0.048472      0.137229      1.347057      -0.960789      0.956860      
0      0.491061      0.048442      0.136639      1.352021      -0.950475      0.946527      
0      0.491641      0.048352      0.136289      1.357708      -0.938494      0.934524      
0      0.491931      0.048232      0.136109      1.366205      -0.920257      0.916255      
0      0.492311      0.048252      0.135769      1.376598      -0.897361      0.893319      
0      0.492491      0.048032      0.135619      1.389856      -0.867139      0.863046      
0      0.492861      0.048092      0.135489      1.396015      -0.852684      0.848566      
0      0.492921      0.048032      0.135459      1.402308      -0.837617      0.833475      
0      0.493291      0.048162      0.135249      1.406278      -0.827956      0.823798      
0      0.493531      0.048252      0.135089      1.407637      -0.824619      0.820456      
0      0.493831      0.048302      0.134779      1.413138      -0.810951      0.806766      
0      0.494551      0.048442      0.134379      1.416512      -0.802441      0.798243      
0      0.495251      0.048542      0.134109      1.417129      -0.800873      0.796673      
0      0.496271      0.048702      0.133449      1.425548      -0.779133      0.774900      
0      0.496831      0.048772      0.133319      1.428032      -0.772590      0.768346      
0      0.497301      0.048732      0.133369      1.429087      -0.769792      0.765544      
0      0.497731      0.048832      0.133249      1.433220      -0.758719      0.754455      
0      0.498051      0.048802      0.133259      1.436809      -0.748959      0.744680      
0      0.498571      0.048812      0.133519      1.438899      -0.743209      0.738922      
0      0.498841      0.048832      0.133679      1.441047      -0.737249      0.732953      
0      0.499441      0.048862      0.133879      1.448357      -0.716557      0.712232      
0      0.500001      0.048932      0.134189      1.451677      -0.706941      0.702602      
0      0.500401      0.048892      0.134659      1.455275      -0.696356      0.692003      
0      0.500971      0.049012      0.134609      1.460808      -0.679730      0.675355      
0      0.501421      0.049052      0.134819      1.465306      -0.665882      0.661487      
0      0.501991      0.049142      0.134559      1.470190      -0.650486      0.646072      
0      0.502771      0.049342      0.134279      1.475784      -0.632358      0.627920      
0      0.503101      0.049332      0.134409      1.477920      -0.625286      0.620839      
0      0.504261      0.049572      0.133899      1.482867      -0.608573      0.604106      
0      0.504811      0.049732      0.133309      1.487799      -0.591413      0.586924      
0      0.505381      0.049842      0.132819      1.491248      -0.579089      0.574586      
0      0.506031      0.050092      0.132199      1.494038      -0.568914      0.564398      
0      0.506211      0.050112      0.131659      1.497795      -0.554902      0.550370      
0      0.506491      0.050272      0.130749      1.500867      -0.543163      0.538618      
0      0.506521      0.050382      0.130189      1.503964      -0.531053      0.526494      
0      0.506591      0.050392      0.129849      1.507515      -0.516800      0.512226      
0      0.506801      0.050462      0.129569      1.510524      -0.504397      0.499809      
0      0.506901      0.050432      0.129469      1.512594      -0.495674      0.491077      
0      0.506941      0.050442      0.129249      1.516012      -0.480910      0.476298      
0      0.506791      0.050472      0.128939      1.518109      -0.471619      0.466997      
0      0.506831      0.050442      0.128919      1.518577      -0.469517      0.464893      
0      0.506981      0.050442      0.128849      1.520427      -0.461117      0.456485      
0      0.507061      0.050482      0.128709      1.523214      -0.448158      0.443512      
0      0.507251      0.050382      0.128889      1.524743      -0.440881      0.436229      
0      0.507281      0.050352      0.128889      1.525811      -0.435722      0.431065      
0      0.507371      0.050182      0.128739      1.527601      -0.426938      0.422272      
0      0.507381      0.049942      0.128669      1.529587      -0.416965      0.412290      
0      0.507241      0.049802      0.128239      1.532636      -0.401162      0.396472      
0      0.507391      0.049532      0.128149      1.534735      -0.389901      0.385202      
0      0.507461      0.049122      0.128279      1.535257      -0.387045      0.382342      
0      0.507551      0.048862      0.128009      1.536543      -0.379925      0.375217      
0      0.507691      0.048412      0.127829      1.538311      -0.369907      0.365190      
0      0.507931      0.048202      0.127509      1.538959      -0.366166      0.361445      
0      0.507981      0.048132      0.127299      1.539788      -0.361323      0.356598      
0      0.507921      0.047842      0.127039      1.541320      -0.352190      0.347458      
0      0.507911      0.047532      0.126629      1.542447      -0.345313      0.340575      
0      0.507871      0.047112      0.126539      1.543917      -0.336137      0.331392      
0      0.507941      0.046612      0.126189      1.545635      -0.325075      0.320320      
0      0.508031      0.046222      0.125999      1.546822      -0.317200      0.312440      
0      0.508121      0.045922      0.125759      1.547882      -0.310005      0.305238      
0      0.508121      0.045792      0.125549      1.548338      -0.306852      0.302083      
0      0.508021      0.045472      0.125119      1.548786      -0.303723      0.298952      
0      0.508101      0.045262      0.124639      1.549923      -0.295641      0.290863      
0      0.508191      0.045102      0.124199      1.550566      -0.290969      0.286188      
0      0.508031      0.044892      0.123729      1.551802      -0.281765      0.276978      
0      0.508091      0.044792      0.122749      1.553516      -0.268480      0.263683      
0      0.507961      0.044492      0.122409      1.553817      -0.266077      0.261278      
0      0.507971      0.044352      0.121849      1.554366      -0.261645      0.256843      
0      0.508071      0.044022      0.121799      1.554518      -0.260400      0.255597      
0      0.508061      0.043872      0.121779      1.554827      -0.257855      0.253050      
0      0.507991      0.043692      0.121429      1.556046      -0.247563      0.242752      
0      0.507911      0.043512      0.121209      1.557161      -0.237764      0.232945      
0      0.507561      0.043302      0.120389      1.558723      -0.223300      0.218472      
0      0.507241      0.043172      0.119719      1.560142      -0.209302      0.204466      
0      0.506921      0.043122      0.118929      1.560834      -0.202130      0.197289      
0      0.506881      0.043132      0.118459      1.560910      -0.201322      0.196481      
0      0.507031      0.043092      0.118189      1.560810      -0.202381      0.197540      
0      0.507191      0.042972      0.117839      1.561113      -0.199159      0.194316      
0      0.507231      0.042912      0.117609      1.561256      -0.197622      0.192778      
0      0.507171      0.042832      0.117469      1.561556      -0.194353      0.189507      
0      0.506981      0.042822      0.117089      1.562110      -0.188175      0.183325      
0      0.506871      0.042782      0.117019      1.562256      -0.186512      0.181662      
0      0.506721      0.042722      0.116959      1.562724      -0.181086      0.176233      
0      0.506631      0.042762      0.116719      1.563183      -0.175597      0.170740      
0      0.506461      0.042772      0.116479      1.563884      -0.166868      0.162006      
0      0.506421      0.042722      0.116499      1.564003      -0.165339      0.160476      
0      0.506371      0.042722      0.116249      1.564208      -0.162672      0.157808      
0      0.506321      0.042702      0.116079      1.564614      -0.157259      0.152392      
0      0.506061      0.042782      0.115499      1.565590      -0.143429      0.138555      
0      0.505921      0.042922      0.114929      1.565913      -0.138557      0.133680      
0      0.505841      0.042922      0.114949      1.566150      -0.134861      0.129982      
0      0.505531      0.043062      0.114549      1.567212      -0.116931      0.112043      
0      0.505381      0.043252      0.113999      1.567689      -0.107922      0.103029      
0      0.505171      0.043272      0.113749      1.567754      -0.106627      0.101734      
0      0.505001      0.043402      0.113179      1.568130      -0.098864      0.093968      
0      0.504921      0.043252      0.113359      1.568459      -0.091541      0.086641      
0      0.504921      0.043252      0.113249      1.568578      -0.088754      0.083853      
0      0.504871      0.043222      0.113249      1.568721      -0.085293      0.080390      
0      0.504831      0.043172      0.113189      1.569061      -0.076398      0.071492      
0      0.504801      0.043172      0.113079      1.569233      -0.071500      0.066591      
0      0.504691      0.043172      0.112819      1.569348      -0.068038      0.063127      
0      0.504641      0.043172      0.112749      1.569367      -0.067441      0.062531      
0      0.504591      0.043172      0.112659      1.569516      -0.062621      0.057708      
0      0.504461      0.043072      0.112669      1.569711      -0.055727      0.050812      
0      0.504471      0.043002      0.112619      1.569795      -0.052508      0.047592      
0      0.504411      0.042892      0.112259      1.569879      -0.049038      0.044120      
0      0.504321      0.042702      0.112349      1.569961      -0.045426      0.040507      
0      0.504261      0.042652      0.111989      1.570033      -0.042019      0.037098      
0      0.504221      0.042462      0.111919      1.570058      -0.040778      0.035857      
0      0.504191      0.042342      0.112009      1.570102      -0.038493      0.033571      
0      0.504171      0.042282      0.111849      1.570183      -0.033853      0.028929      
0      0.504181      0.042162      0.111709      1.570192      -0.033327      0.028403      
0      0.504121      0.042012      0.111709      1.570212      -0.032070      0.027146      
0      0.504001      0.041962      0.111429      1.570246      -0.029856      0.024931      
0      0.503971      0.041772      0.111439      1.570249      -0.029636      0.024711      
0      0.503891      0.041732      0.111139      1.570264      -0.028592      0.023666      
0      0.503801      0.041562      0.111029      1.570291      -0.026597      0.021671      
0      0.503771      0.041422      0.110909      1.570312      -0.024995      0.020069      
0      0.503741      0.041182      0.110869      1.570339      -0.022687      0.017759      
0      0.503721      0.040952      0.110839      1.570357      -0.021077      0.016149      
0      0.503701      0.040842      0.110779      1.570367      -0.020096      0.015167      
0      0.503721      0.040532      0.110839      1.570405      -0.015965      0.011035      
0      0.503691      0.040242      0.110879      1.570413      -0.014905      0.009975      
0      0.503701      0.040012      0.110819      1.570442      -0.010610      0.005678      
0      0.503701      0.039752      0.110909      1.570473      -0.002844      -0.002091      
0      0.503771      0.039392      0.111049      1.570474      -0.002577      -0.002358      
0      0.503771      0.039312      0.111069      1.570478      0.000384      -0.005319      
0      0.503741      0.039242      0.111119      1.570477      0.004420      -0.009357      
0      0.503691      0.039162      0.111249      1.570469      0.008393      -0.013331      
0      0.503691      0.039032      0.111329      1.570463      0.009956      -0.014894      
0      0.503641      0.038952      0.111369      1.570453      0.012367      -0.017306      
0      0.503571      0.038872      0.111369      1.570391      0.021256      -0.026198      
0      0.503571      0.038862      0.111319      1.570370      0.023502      -0.028444      
0      0.503561      0.038682      0.111519      1.570337      0.026596      -0.031539      
0      0.503611      0.038692      0.111489      1.570213      0.035728      -0.040674      
0      0.503761      0.038612      0.111839      1.570055      0.044641      -0.049589      
0      0.503801      0.038622      0.111879      1.570052      0.044798      -0.049746      
0      0.503761      0.038662      0.111739      1.570060      0.044374      -0.049322      
0      0.503751      0.038692      0.111859      1.570063      0.044201      -0.049149      
0      0.503701      0.038862      0.111689      1.570101      0.042254      -0.047201      
0      0.503721      0.038892      0.111649      1.570139      0.040165      -0.045112      
0      0.503691      0.038882      0.111699      1.570040      0.045395      -0.050343      
0      0.503771      0.038882      0.111739      1.569874      0.052980      -0.057930      
0      0.504031      0.038882      0.112059      1.569817      0.055328      -0.060279      
0      0.504181      0.038882      0.112249      1.569839      0.054417      -0.059368      
0      0.504271      0.039012      0.112259      1.569823      0.055061      -0.060012      
0      0.504561      0.039042      0.112759      1.569839      0.054402      -0.059352      
0      0.504791      0.039162      0.112899      1.569845      0.054166      -0.059116      
0      0.504931      0.039212      0.113119      1.569807      0.055705      -0.060656      
0      0.505171      0.039192      0.113379      1.569833      0.054684      -0.059635      
0      0.505111      0.039252      0.113429      1.569689      0.060259      -0.065211      
0      0.505261      0.039292      0.113549      1.569571      0.064491      -0.069444      
0      0.505471      0.039412      0.113529      1.569614      0.062976      -0.067928      
0      0.505551      0.039442      0.113619      1.569560      0.064837      -0.069790      
0      0.505641      0.039532      0.113529      1.569565      0.064672      -0.069625      
0      0.505721      0.039582      0.113869      1.569352      0.071637      -0.076591      
0      0.505881      0.039632      0.114179      1.569009      0.081538      -0.086494      
0      0.506011      0.039722      0.114419      1.569069      0.079897      -0.084853      
0      0.506011      0.039762      0.114519      1.568908      0.084238      -0.089195      
0      0.506101      0.039752      0.114829      1.568568      0.092718      -0.097676      
0      0.506251      0.039782      0.114989      1.568595      0.092066      -0.097024      
0      0.506201      0.039822      0.114829      1.568723      0.088933      -0.093891      
0      0.506161      0.039802      0.114779      1.568744      0.088423      -0.093381      
0      0.506241      0.039742      0.114839      1.568710      0.089279      -0.094237      
0      0.506251      0.039712      0.114859      1.568723      0.088933      -0.093891      
0      0.506271      0.039682      0.115039      1.568577      0.092498      -0.097456      
0      0.506361      0.039702      0.115129      1.568486      0.094625      -0.099584      
0      0.506381      0.039752      0.115329      1.568377      0.097138      -0.102097      
0      0.506381      0.039802      0.115329      1.568273      0.099461      -0.104421      
0      0.506451      0.039882      0.115329      1.568124      0.102712      -0.107672      
0      0.506461      0.039902      0.115369      1.568166      0.101809      -0.106769      
0      0.506421      0.039912      0.115299      1.568145      0.102264      -0.107224      
0      0.506421      0.039862      0.115439      1.568009      0.105137      -0.110098      
0      0.506411      0.039722      0.115929      1.567824      0.108945      -0.113906      
0      0.506471      0.039692      0.116029      1.567618      0.113019      -0.117981      
0      0.506451      0.039662      0.116049      1.567606      0.113247      -0.118209      
0      0.506451      0.039642      0.115919      1.567603      0.113309      -0.118271      
0      0.506401      0.039662      0.115719      1.567243      0.120076      -0.125039      
0      0.506381      0.039552      0.115789      1.567160      0.121575      -0.126538      
0      0.506401      0.039522      0.115579      1.567275      0.119495      -0.124458      
0      0.506341      0.039392      0.115539      1.567123      0.122242      -0.127206      
0      0.506411      0.039252      0.115609      1.567089      0.122855      -0.127818      
0      0.506441      0.039252      0.115519      1.567201      0.120845      -0.125808      
0      0.506411      0.039152      0.115659      1.567114      0.122407      -0.127370      
0      0.506531      0.039172      0.115919      1.566843      0.127164      -0.132128      
0      0.506541      0.039172      0.115999      1.566794      0.128004      -0.132968      
0      0.506491      0.039222      0.116059      1.566480      0.133262      -0.138227      
0      0.506531      0.039272      0.116119      1.565986      0.141142      -0.146108      
0      0.506521      0.039272      0.116159      1.566022      0.140585      -0.145550      
0      0.506391      0.039262      0.115849      1.566097      0.139415      -0.144381      
0      0.506391      0.039112      0.115829      1.566122      0.139015      -0.143981      
0      0.506471      0.038982      0.115769      1.566409      0.134424      -0.139389      
0      0.506471      0.038822      0.115739      1.566466      0.133506      -0.138470      
0      0.506531      0.038642      0.115869      1.566449      0.133780      -0.138745      
0      0.506601      0.038552      0.116009      1.566437      0.133969      -0.138934      
0      0.506581      0.038532      0.116039      1.566444      0.133859      -0.138824      
0      0.506571      0.038532      0.116009      1.566281      0.136496      -0.141461      
0      0.506581      0.038582      0.115999      1.565953      0.141660      -0.146626      
0      0.506551      0.038622      0.116149      1.565897      0.142515      -0.147481      
0      0.506681      0.038632      0.116259      1.565658      0.146133      -0.151100      
0      0.506851      0.038602      0.116479      1.565399      0.149963      -0.154930      
0      0.506911      0.038562      0.116649      1.565300      0.151391      -0.156358      
0      0.506991      0.038562      0.116549      1.565142      0.153659      -0.158626      
0      0.507121      0.038522      0.116709      1.565065      0.154742      -0.159709      
0      0.507201      0.038542      0.116619      1.565294      0.151485      -0.156452      
0      0.507201      0.038562      0.116619      1.565192      0.152945      -0.157912      
0      0.507291      0.038582      0.116779      1.565096      0.154310      -0.159277      
0      0.507401      0.038692      0.116859      1.565164      0.153337      -0.158304      
0      0.507531      0.038732      0.116999      1.565089      0.154405      -0.159372      
0      0.507631      0.038752      0.117229      1.564799      0.158454      -0.163421      
0      0.507851      0.038772      0.117619      1.564512      0.162361      -0.167329      
0      0.508011      0.038782      0.117729      1.564512      0.162353      -0.167321      
0      0.508001      0.038832      0.117649      1.564566      0.161631      -0.166599      
0      0.507991      0.038832      0.117659      1.564169      0.166896      -0.171864      
0      0.508041      0.038862      0.117689      1.563512      0.175268      -0.180236      
0      0.508081      0.038862      0.117709      1.563414      0.176484      -0.181452      
0      0.508071      0.038892      0.117649      1.563562      0.174648      -0.179616      
0      0.508091      0.038962      0.117599      1.563293      0.177966      -0.182935      
0      0.508261      0.038982      0.117829      1.563161      0.179582      -0.184551      
0      0.508251      0.039042      0.117789      1.563145      0.179779      -0.184747      
0      0.508251      0.039112      0.117739      1.562685      0.185262      -0.190231      
0      0.508371      0.039112      0.117969      1.562525      0.187137      -0.192106      
0      0.508351      0.039242      0.117889      1.562377      0.188847      -0.193816      
0      0.508371      0.039262      0.117899      1.562391      0.188682      -0.193651      
0      0.508401      0.039352      0.117729      1.562423      0.188313      -0.193283      
0      0.508471      0.039422      0.117649      1.562313      0.189576      -0.194546      
0      0.508681      0.039482      0.117569      1.562250      0.190306      -0.195275      
0      0.508871      0.039582      0.117369      1.562247      0.190337      -0.195307      
0      0.508931      0.039622      0.117289      1.562329      0.189396      -0.194365      
0      0.508981      0.039652      0.117249      1.562281      0.189945      -0.194914      
0      0.509021      0.039692      0.117109      1.562267      0.190110      -0.195079      
0      0.509011      0.039672      0.117119      1.562280      0.189961      -0.194930      
0      0.509011      0.039692      0.116979      1.562326      0.189435      -0.194404      
0      0.509021      0.039672      0.116979      1.562421      0.188337      -0.193306      
0      0.509021      0.039622      0.116949      1.562412      0.188439      -0.193408      
0      0.509031      0.039592      0.116939      1.562316      0.189553      -0.194522      
0      0.509131      0.039562      0.116859      1.562330      0.189388      -0.194357      
0      0.509191      0.039522      0.116799      1.562324      0.189451      -0.194420      
0      0.509261      0.039502      0.116659      1.562285      0.189906      -0.194875      
0      0.509251      0.039442      0.116569      1.562178      0.191121      -0.196091      
0      0.509261      0.039432      0.116479      1.562046      0.192627      -0.197597      
0      0.509271      0.039412      0.116359      1.561928      0.193945      -0.198915      
0      0.509231      0.039412      0.116289      1.561887      0.194408      -0.199377      
0      0.509191      0.039412      0.116169      1.561854      0.194776      -0.199746      
0      0.509141      0.039322      0.116099      1.561806      0.195310      -0.200280      
0      0.509081      0.039262      0.115929      1.561707      0.196416      -0.201385      
0      0.509071      0.039192      0.115759      1.561584      0.197765      -0.202735      
0      0.509071      0.039102      0.115739      1.561465      0.199075      -0.204044      
0      0.509051      0.039082      0.115499      1.561485      0.198855      -0.203825      
0      0.509051      0.039002      0.115459      1.561265      0.201247      -0.206217      
0      0.509001      0.038932      0.115439      1.561244      0.201474      -0.206444      
0      0.508971      0.038882      0.115309      1.561277      0.201122      -0.206091      
0      0.508881      0.038852      0.115109      1.561295      0.200925      -0.205895      
0      0.508881      0.038822      0.115099      1.561300      0.200871      -0.205840      
0      0.508861      0.038742      0.115079      1.561396      0.199827      -0.204797      
0      0.508871      0.038662      0.114969      1.561361      0.200204      -0.205174      
0      0.508861      0.038512      0.115029      1.561293      0.200949      -0.205919      
0      0.508841      0.038382      0.114929      1.561276      0.201129      -0.206099      
0      0.508811      0.038242      0.114799      1.561231      0.201616      -0.206585      
0      0.508821      0.038022      0.114859      1.560975      0.204360      -0.209330      
0      0.508771      0.037742      0.114639      1.560913      0.205011      -0.209981      
0      0.508771      0.037442      0.114729      1.560652      0.207764      -0.212734      
0      0.508751      0.037362      0.114729      1.560576      0.208556      -0.213526      
0      0.508771      0.037202      0.114719      1.560707      0.207184      -0.212154      
0      0.508771      0.036992      0.114769      1.560396      0.210422      -0.215392      
0      0.508751      0.036902      0.114669      1.560368      0.210712      -0.215683      
0      0.508741      0.036712      0.114539      1.560316      0.211246      -0.216216      
0      0.508681      0.036482      0.114599      1.559807      0.216421      -0.221391      
0      0.508661      0.036342      0.114429      1.559628      0.218209      -0.223179      
0      0.508621      0.036152      0.114359      1.559601      0.218475      -0.223445      
0      0.508611      0.035812      0.114349      1.559059      0.223791      -0.228761      
0      0.508691      0.035652      0.114359      1.559148      0.222929      -0.227899      
0      0.508721      0.035562      0.114559      1.558901      0.225320      -0.230290      
0      0.508711      0.035532      0.114539      1.558792      0.226370      -0.231340      
0      0.508711      0.035542      0.114539      1.558705      0.227201      -0.232171      
0      0.508721      0.035542      0.114729      1.557959      0.234218      -0.239187      
0      0.508781      0.035692      0.114649      1.557941      0.234382      -0.239352      
0      0.508761      0.035742      0.114669      1.557899      0.234774      -0.239744      
0      0.508711      0.035802      0.114559      1.557819      0.235511      -0.240481      
0      0.508721      0.035832      0.114099      1.557747      0.236169      -0.241139      
0      0.508711      0.035752      0.114119      1.557050      0.242487      -0.247457      
0      0.508721      0.035722      0.114089      1.557037      0.242597      -0.247566      
0      0.508711      0.035692      0.114079      1.557165      0.241452      -0.246422      
0      0.508721      0.035642      0.114149      1.556573      0.246711      -0.251681      
0      0.508791      0.035642      0.114129      1.555857      0.252918      -0.257887      
0      0.508781      0.035662      0.114139      1.556147      0.250426      -0.255395      
0      0.508721      0.035642      0.114169      1.556126      0.250606      -0.255576      
0      0.508711      0.035672      0.114119      1.556109      0.250747      -0.255717      
0      0.508721      0.035592      0.114389      1.556106      0.250779      -0.255748      
0      0.508631      0.035642      0.114119      1.556136      0.250520      -0.255489      
0      0.508621      0.035622      0.114089      1.556147      0.250426      -0.255395      
0      0.508621      0.035602      0.114089      1.556019      0.251531      -0.256500      
0      0.508651      0.035612      0.114069      1.556154      0.250363      -0.255333      
0      0.508651      0.035612      0.114099      1.556038      0.251366      -0.256336      
0      0.508661      0.035622      0.114149      1.556054      0.251225      -0.256195      
0      0.508651      0.035652      0.114129      1.556060      0.251178      -0.256148      
0      0.508621      0.035642      0.114159      1.556175      0.250183      -0.255152      
0      0.508601      0.035602      0.114179      1.556335      0.248788      -0.253758      
0      0.508591      0.035602      0.114189      1.556320      0.248921      -0.253891      
0      0.508581      0.035592      0.114189      1.556405      0.248177      -0.253146      
0      0.508531      0.035592      0.113979      1.556549      0.246923      -0.251892      
0      0.508461      0.035582      0.113919      1.556567      0.246758      -0.251728      
0      0.508391      0.035602      0.113799      1.556522      0.247158      -0.252128      
0      0.508391      0.035582      0.113799      1.556505      0.247307      -0.252276      
0      0.508331      0.035582      0.113659      1.556634      0.246171      -0.251140      
0      0.508321      0.035612      0.113929      1.556405      0.248185      -0.253154      
0      0.508371      0.035822      0.114059      1.556484      0.247487      -0.252457      
0      0.508381      0.036112      0.114099      1.556533      0.247064      -0.252033      
0      0.508281      0.036372      0.114399      1.556335      0.248788      -0.253758      
0      0.508221      0.036612      0.114359      1.556301      0.249086      -0.254055      
0      0.508191      0.037072      0.114189      1.556407      0.248161      -0.253131      
0      0.508231      0.037342      0.114219      1.556259      0.249454      -0.254424      
0      0.508351      0.037652      0.113999      1.556410      0.248138      -0.253107      
0      0.508451      0.037842      0.113859      1.556375      0.248443      -0.253413      
0      0.508431      0.038022      0.113829      1.556434      0.247926      -0.252896      
0      0.508331      0.038272      0.113529      1.556467      0.247636      -0.252606      
0      0.508281      0.038312      0.113559      1.556321      0.248914      -0.253883      
0      0.508291      0.038332      0.113509      1.556469      0.247620      -0.252590      
0      0.508291      0.038332      0.113509      1.556343      0.248718      -0.253687      
0      0.508271      0.038252      0.113589      1.555885      0.252675      -0.257644      
0      0.508271      0.038252      0.113559      1.556119      0.250669      -0.255638      
0      0.508261      0.038312      0.113539      1.555996      0.251727      -0.256696      
0      0.508301      0.038352      0.113659      1.555566      0.255394      -0.260363      
0      0.508261      0.038442      0.113529      1.555608      0.255042      -0.260011      
0      0.508081      0.038512      0.113449      1.555363      0.257110      -0.262079      
0      0.508071      0.038512      0.113429      1.555483      0.256100      -0.261069      
0      0.508101      0.038502      0.113459      1.555285      0.257769      -0.262737      
0      0.508171      0.038482      0.113579      1.554604      0.263426      -0.268394      
0      0.508221      0.038502      0.113629      1.553757      0.270296      -0.275264      
0      0.508261      0.038552      0.113569      1.554013      0.268236      -0.273204      
0      0.508241      0.038552      0.113629      1.554128      0.267312      -0.272280      
0      0.508331      0.038632      0.113669      1.553622      0.271370      -0.276338      
0      0.508541      0.038722      0.113799      1.553666      0.271017      -0.275985      
0      0.508601      0.038902      0.113719      1.553904      0.269113      -0.274082      
0      0.509091      0.039032      0.113789      1.553897      0.269168      -0.274136      
0      0.509671      0.039192      0.113769      1.553863      0.269442      -0.274411      
0      0.510371      0.039312      0.113529      1.554078      0.267711      -0.272679      
0      0.510721      0.039382      0.113239      1.554105      0.267492      -0.272460      
0      0.511341      0.039572      0.112629      1.554316      0.265784      -0.270752      
0      0.511971      0.039742      0.112059      1.554223      0.266536      -0.271504      
0      0.512381      0.039892      0.111699      1.554191      0.266794      -0.271763      
0      0.512711      0.040102      0.111329      1.554305      0.265870      -0.270838      
0      0.513011      0.040152      0.111209      1.554276      0.266105      -0.271073      
0      0.513241      0.040162      0.111079      1.554307      0.265854      -0.270823      
0      0.513371      0.040092      0.111229      1.553797      0.269975      -0.274943      
0      0.513541      0.039982      0.111599      1.553718      0.270602      -0.275570      
0      0.513551      0.039932      0.111629      1.553760      0.270273      -0.275241      
0      0.513631      0.039842      0.111819      1.553670      0.270986      -0.275954      
0      0.513771      0.039682      0.112149      1.553764      0.270234      -0.275202      
0      0.513771      0.039662      0.112109      1.553793      0.270006      -0.274975      
0      0.513881      0.039492      0.112379      1.553726      0.270539      -0.275507      
0      0.513961      0.039342      0.112569      1.553739      0.270437      -0.275405      
0      0.514001      0.039222      0.112669      1.553460      0.272662      -0.277630      
0      0.514341      0.038822      0.113549      1.552488      0.280260      -0.285227      
0      0.514561      0.038702      0.113839      1.552549      0.279790      -0.284757      
0      0.514781      0.038412      0.114399      1.551876      0.284944      -0.289910      
0      0.515011      0.038322      0.114749      1.549836      0.300009      -0.304974      
0      0.515201      0.038282      0.115049      1.549808      0.300205      -0.305170      
0      0.515441      0.038172      0.115529      1.550352      0.296267      -0.301232      
0      0.515501      0.038182      0.115669      1.549648      0.301356      -0.306321      
0      0.515781      0.038172      0.116189      1.548761      0.307642      -0.312606      
0      0.516001      0.038182      0.116579      1.549301      0.303830      -0.308794      
0      0.515941      0.038212      0.116479      1.549025      0.305787      -0.310751      
0      0.516151      0.038172      0.116869      1.548763      0.307626      -0.312590      
0      0.516241      0.038172      0.116979      1.548755      0.307681      -0.312645      
0      0.516361      0.038162      0.117239      1.548846      0.307047      -0.312011      
0      0.516451      0.038182      0.117399      1.548969      0.306178      -0.311143      
0      0.516531      0.038182      0.117529      1.548628      0.308573      -0.313538      
0      0.516861      0.038182      0.117929      1.547388      0.317121      -0.322083      
0      0.517161      0.038192      0.118049      1.548008      0.312879      -0.317842      
0      0.517221      0.038192      0.117959      1.548576      0.308934      -0.313898      
0      0.517261      0.038162      0.117959      1.548213      0.311462      -0.316425      
0      0.517301      0.038142      0.117979      1.548408      0.310108      -0.315072      
0      0.517351      0.038132      0.117989      1.547967      0.313160      -0.318124      
0      0.517621      0.038112      0.118289      1.547833      0.314084      -0.319047      
0      0.517681      0.038122      0.118319      1.547925      0.313450      -0.318413      
0      0.517681      0.038142      0.118409      1.547536      0.316111      -0.321074      
0      0.517761      0.038142      0.118619      1.547091      0.319132      -0.324094      
0      0.517901      0.038182      0.118909      1.546601      0.322426      -0.327388      
0      0.517821      0.038282      0.118739      1.547256      0.318021      -0.322983      
0      0.517821      0.038352      0.118759      1.546761      0.321354      -0.326317      
0      0.517831      0.038452      0.118729      1.547003      0.319727      -0.324689      
0      0.517801      0.038482      0.118709      1.547441      0.316761      -0.321723      
0      0.517811      0.038532      0.118729      1.548053      0.312565      -0.317529      
0      0.517811      0.038562      0.118699      1.548356      0.310468      -0.315432      
0      0.517801      0.038612      0.118759      1.548649      0.308425      -0.313389      
0      0.517791      0.038682      0.118809      1.548677      0.308229      -0.313193      
0      0.517811      0.038782      0.118769      1.549285      0.303947      -0.308912      
0      0.517781      0.038862      0.118769      1.551177      0.290190      -0.295157      
0      0.517731      0.038982      0.118849      1.555667      0.254540      -0.259509      
0      0.517641      0.038992      0.118939      1.558683      0.227413      -0.232383      
0      0.517471      0.038982      0.119149      1.561154      0.202439      -0.207409      
0      0.517301      0.038992      0.119299      1.563382      0.176884      -0.181853      
0      0.517111      0.038982      0.119599      1.563593      0.174256      -0.179224      
0      0.517091      0.038972      0.119839      1.563897      0.170419      -0.175387      
0      0.517001      0.039012      0.120109      1.565906      0.142374      -0.147340      
0      0.516801      0.039102      0.120239      1.566988      0.124644      -0.129608      
0      0.516641      0.039082      0.121039      1.567846      0.108489      -0.113451      
0      0.516501      0.039162      0.121299      1.568671      0.090213      -0.095171      
0      0.516401      0.039292      0.121609      1.569258      0.074487      -0.079442      
0      0.516331      0.039382      0.122069      1.569995      0.047562      -0.052511      
0      0.516151      0.039472      0.122239      1.570138      0.040220      -0.045167      
0      0.515901      0.039582      0.122529      1.570192      0.037016      -0.041962      
0      0.515741      0.039752      0.122829      1.570473      0.006524      -0.011462      
0      0.515711      0.039952      0.122849      1.570405      -0.015965      0.011035      
0      0.515551      0.040042      0.123139      1.570101      -0.038525      0.033603      
0      0.515321      0.040232      0.123189      1.569598      -0.059826      0.054912      
0      0.515231      0.040372      0.123319      1.569186      -0.072881      0.067973      
0      0.515101      0.040402      0.123599      1.568937      -0.079758      0.074853      
0      0.514801      0.040482      0.123829      1.568243      -0.096407      0.091510      
0      0.514421      0.040592      0.123929      1.566551      -0.128388      0.123506      
0      0.513861      0.040602      0.124389      1.564655      -0.156710      0.151843      
0      0.512891      0.040532      0.125069      1.563723      -0.168907      0.164047      
0      0.511081      0.040382      0.126249      1.562251      -0.186575      0.181725      
0      0.509931      0.040312      0.126929      1.560375      -0.206912      0.202073      
0      0.508931      0.040272      0.127589      1.558572      -0.224741      0.219915      
0      0.508091      0.040252      0.128419      1.556705      -0.241822      0.237006      
0      0.507131      0.040342      0.129119      1.554574      -0.259938      0.255135      
0      0.506511      0.040362      0.129449      1.553439      -0.269091      0.264294      
0      0.505241      0.040342      0.130059      1.551107      -0.286978      0.282194      
0      0.504141      0.040312      0.130649      1.548216      -0.307697      0.302929      
0      0.503081      0.040262      0.131339      1.544831      -0.330298      0.325548      
0      0.502021      0.040222      0.132169      1.540382      -0.357808      0.353080      
0      0.500911      0.040222      0.133169      1.534191      -0.392851      0.388154      
0      0.500301      0.040212      0.134119      1.529099      -0.419437      0.414765      
0      0.499711      0.040272      0.134629      1.524085      -0.444029      0.439379      
0      0.499121      0.040272      0.135379      1.517064      -0.476273      0.471656      
0      0.498561      0.040242      0.136149      1.509996      -0.506597      0.502012      
0      0.498261      0.040222      0.136469      1.507673      -0.516155      0.511580      
0      0.497711      0.040182      0.137219      1.502236      -0.537846      0.533295      
0      0.497251      0.040132      0.138079      1.494593      -0.566867      0.562349      
0      0.497121      0.040092      0.138579      1.488904      -0.587494      0.583001      
0      0.496861      0.040062      0.139399      1.482655      -0.609300      0.604834      
0      0.496861      0.040122      0.139719      1.478354      -0.623840      0.619392      
0      0.496941      0.040262      0.140089      1.471780      -0.645390      0.640969      
0      0.496861      0.040442      0.140539      1.463981      -0.669993      0.665604      
0      0.496871      0.040682      0.140929      1.456621      -0.692351      0.687992      
0      0.496891      0.040782      0.141129      1.451930      -0.706202      0.701862      
0      0.496841      0.040932      0.141529      1.440338      -0.739223      0.734930      
0      0.496721      0.041182      0.141599      1.432176      -0.761534      0.757274      
0      0.496691      0.041332      0.142289      1.414947      -0.806402      0.802211      
0      0.496521      0.041392      0.142949      1.405229      -0.830521      0.826367      
0      0.496031      0.041352      0.143489      1.398880      -0.845862      0.841733      
0      0.495041      0.041272      0.144119      1.391857      -0.862472      0.858371      
0      0.494571      0.041262      0.144229      1.389899      -0.867040      0.862947      
0      0.493521      0.041182      0.144269      1.386986      -0.873783      0.869700      
0      0.492011      0.041052      0.144609      1.380662      -0.888222      0.884164      
0      0.490791      0.040952      0.144669      1.370133      -0.911682      0.907664      
0      0.489541      0.040892      0.144829      1.361082      -0.931303      0.927320      
0      0.487761      0.041002      0.145739      1.340384      -0.974451      0.970547      
0      0.486851      0.041272      0.145939      1.328211      -0.998804      0.994946      
0      0.485511      0.041632      0.146059      1.320932      -1.013034      1.009203      
