151      0.002860      1637691059426      
152      0.001150      1637691059454      
153      0.001760      1637691059487      
154      0.002170      1637691059518      
155      0.003210      1637691059551      
156      0.000730      1637691059585      
157      0.000320      1637691059623      
158      -0.000020      1637691059652      
159      0.003310      1637691059677      
160      0.001920      1637691059710      
161      0.004650      1637691059740      
162      0.003390      1637691059771      
163      0.002290      1637691059809      
164      0.003030      1637691059838      
165      -0.000020      1637691059862      
166      0.001120      1637691059895      
167      0.003110      1637691059928      
168      0.003670      1637691059960      
169      0.000140      1637691059994      
170      0.000090      1637691060050      
171      0.002220      1637691060075      
172      0.002040      1637691060102      
173      0.000870      1637691060133      
174      0.004330      1637691060161      
175      0.003370      1637691060194      
176      0.004870      1637691060228      
177      0.002880      1637691060264      
178      0.008140      1637691060309      
179      0.006520      1637691060340      
180      0.004420      1637691060375      
181      0.004970      1637691060402      
182      0.006140      1637691060435      
183      0.007800      1637691060487      
184      0.017410      1637691060518      
185      0.006760      1637691060552      
186      0.005270      1637691060575      
187      0.009430      1637691060606      
188      0.012600      1637691060638      
189      0.006230      1637691060675      
190      0.002060      1637691060701      
191      0.002770      1637691060737      
192      0.000510      1637691060770      
193      0.007090      1637691060801      
194      0.007240      1637691060843      
195      0.003700      1637691060887      
196      0.012500      1637691060921      
197      0.007010      1637691060950      
198      0.008160      1637691060983      
199      0.005490      1637691061010      
200      0.004530      1637691061041      
201      0.007590      1637691061086      
202      0.010200      1637691061123      
203      0.003350      1637691061154      
204      0.006680      1637691061189      
205      0.006600      1637691061224      
206      0.006610      1637691061278      
207      0.006620      1637691061307      
208      0.011120      1637691061344      
209      0.009970      1637691061369      
210      0.006370      1637691061402      
211      0.002530      1637691061435      
212      0.008520      1637691061484      
213      0.008420      1637691061511      
214      0.008070      1637691061541      
215      0.012560      1637691061577      
216      0.010460      1637691061603      
217      0.008260      1637691061638      
218      0.007590      1637691061674      
219      0.008220      1637691061721      
220      0.003920      1637691061751      
221      0.011820      1637691061787      
222      0.007590      1637691061818      
223      0.008020      1637691061843      
224      0.006350      1637691061902      
225      0.011070      1637691061941      
226      0.012700      1637691061973      
227      0.007490      1637691062000      
228      0.005680      1637691062034      
229      0.005690      1637691062069      
230      0.008540      1637691062106      
231      0.008290      1637691062143      
232      0.009360      1637691062172      
233      0.008420      1637691062205      
234      0.007090      1637691062236      
235      0.006000      1637691062268      
236      0.001910      1637691062306      
237      0.008840      1637691062342      
238      0.013250      1637691062373      
239      0.008420      1637691062404      
240      0.006340      1637691062436      
241      0.007840      1637691062468      
242      0.003460      1637691062509      
243      0.005480      1637691062552      
244      0.011700      1637691062577      
245      0.007350      1637691062608      
246      0.006710      1637691062640      
247      0.009140      1637691062671      
248      0.005480      1637691062708      
249      0.002190      1637691062737      
250      0.004170      1637691062769      
251      0.004470      1637691062795      
252      0.001050      1637691062829      
253      0.006810      1637691062870      
254      0.004040      1637691062908      
255      0.006610      1637691062946      
256      0.003790      1637691062994      
257      0.006230      1637691063020      
258      0.004140      1637691063055      
259      0.000980      1637691063083      
260      0.003810      1637691063139      
261      0.008460      1637691063176      
262      0.013710      1637691063208      
263      0.016040      1637691063242      
264      0.018290      1637691063272      
265      0.011080      1637691063302      
266      0.004420      1637691063342      
267      0.014240      1637691063387      
268      0.007620      1637691063419      
269      0.008270      1637691063443      
270      0.007150      1637691063470      
271      0.010120      1637691063505      
272      0.009540      1637691063556      
273      0.004430      1637691063600      
274      0.013460      1637691063630      
275      0.008480      1637691063659      
276      0.008520      1637691063691      
277      0.005940      1637691063742      
278      0.005250      1637691063770      
279      0.012770      1637691063807      
280      0.008030      1637691063839      
281      0.007800      1637691063871      
282      0.004090      1637691063906      
283      0.008030      1637691063944      
284      0.007330      1637691063983      
285      0.012460      1637691064010      
286      0.007050      1637691064042      
287      0.009220      1637691064074      
288      0.008800      1637691064107      
289      0.009860      1637691064140      
290      0.008400      1637691064174      
291      0.004200      1637691064205      
292      0.007830      1637691064235      
293      0.007970      1637691064261      
294      0.010270      1637691064293      
295      0.009490      1637691064326      
296      0.004310      1637691064375      
297      0.004220      1637691064407      
298      0.002000      1637691064436      
299      0.001490      1637691064470      
300      0.007260      1637691064501      
301      0.004100      1637691064535      
302      0.005680      1637691064568      
303      0.007750      1637691064601      
304      0.007750      1637691064644      
305      0.011080      1637691064670      
306      0.005780      1637691064701      
307      0.003620      1637691064736      
308      0.005340      1637691064770      
309      0.005470      1637691064806      
310      0.006930      1637691064835      
311      0.002810      1637691064867      
312      0.009450      1637691064902      
313      0.012810      1637691064935      
314      0.007820      1637691064975      
315      0.005510      1637691065011      
316      0.010650      1637691065032      
317      0.009540      1637691065061      
318      0.015050      1637691065094      
319      0.006660      1637691065130      
320      0.013430      1637691065170      
321      0.007870      1637691065203      
322      0.007550      1637691065225      
323      0.007890      1637691065254      
324      0.004200      1637691065287      
325      0.010680      1637691065321      
326      0.012070      1637691065346      
327      0.012360      1637691065385      
328      0.010360      1637691065410      
329      0.007750      1637691065443      
330      0.001970      1637691065474      
331      0.006920      1637691065510      
332      0.002590      1637691065538      
333      0.002840      1637691065577      
334      0.009780      1637691065625      
335      0.005290      1637691065655      
336      0.003430      1637691065688      
337      0.004980      1637691065725      
338      0.002050      1637691065758      
339      0.006440      1637691065788      
340      0.002830      1637691065832      
341      0.005410      1637691065863      
342      0.004080      1637691065895      
343      0.004140      1637691065926      
344      0.005260      1637691065953      
345      0.003630      1637691065987      
346      0.004210      1637691066022      
347      0.001270      1637691066060      
348      0.005500      1637691066104      
349      0.004650      1637691066133      
350      0.002830      1637691066165      
351      0.005390      1637691066234      
352      0.001420      1637691066287      
353      0.011360      1637691066326      
354      0.006960      1637691066358      
355      0.005630      1637691066403      
356      0.001280      1637691066449      
357      0.005750      1637691066487      
358      0.006900      1637691066528      
359      0.004240      1637691066554      
360      0.006890      1637691066585      
361      0.002810      1637691066617      
362      0.001410      1637691066654      
363      0.005860      1637691066697      
364      0.002000      1637691066730      
365      0.004250      1637691066760      
366      0.005960      1637691066809      
367      0.004230      1637691066854      
368      0.005720      1637691066899      
369      0.012720      1637691066938      
370      0.003980      1637691066970      
371      0.005890      1637691066989      
372      0.005410      1637691067019      
373      0.001150      1637691067051      
374      0.002700      1637691067087      
375      -0.000420      1637691067115      
376      0.003440      1637691067144      
377      0.002000      1637691067177      
378      -0.001050      1637691067209      
379      0.002740      1637691067266      
380      -0.000810      1637691067305      
381      0.001040      1637691067336      
382      0.003200      1637691067366      
383      0.000110      1637691067400      
384      -0.001400      1637691067432      
385      0.001390      1637691067467      
386      0.000110      1637691067505      
387      -0.000200      1637691067525      
388      0.004400      1637691067555      
389      0.003940      1637691067588      
390      0.000360      1637691067619      
391      0.001770      1637691067650      
392      0.003290      1637691067684      
393      0.008560      1637691067735      
394      0.005620      1637691067767      
395      0.003050      1637691067794      
396      0.002810      1637691067824      
397      0.004620      1637691067855      
398      0.007050      1637691067886      
399      0.006550      1637691067922      
400      0.000120      1637691067967      
401      0.008200      1637691067993      
402      0.000290      1637691068028      
403      0.000120      1637691068060      
404      0.002700      1637691068090      
405      0.003000      1637691068133      
406      0.001090      1637691068153      
407      0.002680      1637691068184      
408      0.002250      1637691068217      
409      0.002420      1637691068266      
410      0.005520      1637691068294      
411      0.000040      1637691068336      
412      0.002920      1637691068370      
413      0.002560      1637691068392      
414      0.002020      1637691068427      
415      0.001450      1637691068458      
416      0.003110      1637691068486      
417      0.001540      1637691068523      
418      0.001530      1637691068565      
419      0.000510      1637691068594      
420      0.003250      1637691068626      
421      0.000000      1637691068657      
422      0.001720      1637691068687      
423      0.000360      1637691068739      
424      0.001400      1637691068768      
425      0.000040      1637691068795      
426      0.000550      1637691068827      
427      0.001400      1637691068860      
428      -0.000120      1637691068892      
429      0.000000      1637691068926      
430      0.003050      1637691068977      
431      0.001730      1637691069004      
432      0.001260      1637691069034      
433      -0.000070      1637691069063      
434      0.002710      1637691069095      
435      0.001150      1637691069128      
436      0.000000      1637691069170      
437      0.004550      1637691069210      
438      0.002500      1637691069238      
439      0.004530      1637691069268      
440      0.002720      1637691069300      
441      0.000150      1637691069330      
442      0.001830      1637691069372      
443      -0.000290      1637691069396      
444      0.000110      1637691069449      
445      0.003140      1637691069473      
446      0.002380      1637691069504      
447      0.001520      1637691069536      
448      0.003010      1637691069571      
449      0.002500      1637691069610      
450      0.003900      1637691069645      
451      0.002460      1637691069674      
452      0.002820      1637691069704      
453      0.001430      1637691069737      
454      0.001410      1637691069788      
455      0.000660      1637691069818      
456      0.000850      1637691069851      
457      0.001910      1637691069876      
458      -0.000180      1637691069909      
459      0.002880      1637691069940      
460      0.001590      1637691069986      
461      0.001300      1637691070019      
462      0.001370      1637691070046      
463      -0.001440      1637691070077      
464      0.001530      1637691070110      
465      0.002570      1637691070141      
466      0.001280      1637691070176      
467      0.004220      1637691070209      
468      0.002590      1637691070235      
469      0.004210      1637691070277      
470      0.005800      1637691070311      
471      0.001390      1637691070344      
472      -0.000310      1637691070383      
473      0.003490      1637691070419      
474      0.002580      1637691070443      
475      0.004210      1637691070472      
476      0.004100      1637691070505      
477      0.002690      1637691070546      
478      0.003970      1637691070586      
479      0.001380      1637691070622      
480      0.000080      1637691070651      
481      0.001390      1637691070679      
482      0.002680      1637691070712      
483      0.002680      1637691070749      
484      0.000080      1637691070774      
485      0.001600      1637691070810      
486      -0.000370      1637691070837      
487      0.000210      1637691070867      
488      0.001130      1637691070902      
489      0.000000      1637691070934      
490      0.000240      1637691070961      
491      0.001300      1637691070994      
492      0.001510      1637691071042      
493      0.002780      1637691071076      
494      0.005200      1637691071107      
495      0.000430      1637691071140      
496      -0.000210      1637691071171      
497      0.001320      1637691071205      
498      0.001510      1637691071240      
499      0.001400      1637691071263      
500      0.003010      1637691071293      
501      -0.000360      1637691071326      
502      -0.000120      1637691071360      
503      0.002360      1637691071389      
504      0.002690      1637691071423      
505      0.000550      1637691071456      
506      0.000100      1637691071489      
507      0.001440      1637691071531      
508      0.002590      1637691071566      
509      0.001400      1637691071593      
510      0.001280      1637691071626      
511      -0.000340      1637691071662      
512      0.002280      1637691071689      
513      0.001160      1637691071720      
514      0.000110      1637691071752      
515      0.002710      1637691071782      
516      -0.000120      1637691071830      
517      0.001400      1637691071860      
518      0.002820      1637691071892      
519      -0.000240      1637691071925      
520      -0.000130      1637691071956      
521      0.000090      1637691071986      
522      0.000010      1637691072020      
523      0.000390      1637691072072      
524      0.001320      1637691072104      
525      0.001430      1637691072134      
526      0.001290      1637691072158      
527      0.000110      1637691072192      
528      0.001300      1637691072230      
529      0.003100      1637691072256      
530      0.001270      1637691072291      
531      0.001330      1637691072319      
532      0.000320      1637691072360      
533      0.003180      1637691072392      
534      0.004480      1637691072427      
535      0.000730      1637691072470      
536      0.000100      1637691072488      
537      -0.000090      1637691072520      
538      -0.001810      1637691072552      
539      0.001480      1637691072584      
540      0.004700      1637691072639      
541      0.001630      1637691072671      
542      0.001360      1637691072692      
543      0.005000      1637691072725      
544      0.002110      1637691072757      
545      -0.000130      1637691072789      
546      -0.000610      1637691072822      
547      -0.001760      1637691072857      
548      0.000260      1637691072899      
549      0.001990      1637691072928      
550      -0.002770      1637691072958      
551      0.005010      1637691072992      
552      0.000340      1637691073024      
553      0.001160      1637691073060      
554      0.004230      1637691073103      
555      0.013500      1637691073132      
556      0.002650      1637691073162      
557      0.006110      1637691073192      
558      0.003750      1637691073225      
559      -0.001730      1637691073258      
560      0.001390      1637691073308      
561      0.003970      1637691073336      
562      0.002580      1637691073366      
563      0.001050      1637691073399      
564      0.006570      1637691073432      
565      0.000830      1637691073459      
566      0.001760      1637691073499      
567      0.002220      1637691073532      
568      0.001190      1637691073577      
569      0.001960      1637691073606      
570      0.003270      1637691073637      
571      0.003600      1637691073681      
572      0.000660      1637691073716      
573      0.000210      1637691073750      
574      0.000720      1637691073783      
575      -0.000240      1637691073810      
576      0.000850      1637691073850      
577      -0.001070      1637691073886      
578      0.001260      1637691073907      
579      0.000920      1637691073940      
580      -0.002970      1637691073970      
581      0.001110      1637691074000      
582      -0.001860      1637691074032      
583      -0.000600      1637691074087      
584      -0.000590      1637691074108      
585      -0.004120      1637691074142      
586      0.002930      1637691074175      
587      0.000080      1637691074207      
588      -0.003770      1637691074236      
589      -0.006330      1637691074273      
590      -0.007730      1637691074304      
591      -0.004090      1637691074351      
592      -0.018440      1637691074377      
593      -0.009640      1637691074409      
594      -0.004340      1637691074441      
595      -0.012660      1637691074482      
596      -0.011970      1637691074509      
597      -0.008320      1637691074535      
598      -0.010050      1637691074581      
599      -0.020790      1637691074611      
600      -0.009380      1637691074644      
601      -0.008420      1637691074682      
602      -0.005820      1637691074717      
603      -0.009880      1637691074740      
604      -0.011850      1637691074771      
605      -0.011010      1637691074802      
606      -0.016510      1637691074850      
607      -0.028690      1637691074885      
608      -0.024620      1637691074919      
609      -0.010840      1637691074949      
610      -0.016370      1637691074978      
611      -0.015420      1637691075005      
612      -0.015210      1637691075055      
613      -0.022580      1637691075084      
614      -0.005900      1637691075120      
615      -0.007640      1637691075148      
616      -0.006630      1637691075176      
617      -0.005120      1637691075209      
618      -0.004100      1637691075240      
619      -0.013930      1637691075294      
620      -0.013660      1637691075329      
621      -0.010500      1637691075353      
622      -0.009990      1637691075384      
623      -0.005600      1637691075409      
624      -0.014770      1637691075446      
625      -0.008140      1637691075475      
626      -0.015000      1637691075522      
627      -0.014130      1637691075560      
628      -0.009000      1637691075584      
629      -0.008770      1637691075615      
630      -0.009480      1637691075644      
631      -0.008450      1637691075677      
632      -0.010010      1637691075734      
633      -0.010850      1637691075767      
634      -0.009720      1637691075787      
635      -0.009910      1637691075829      
636      -0.017000      1637691075851      
637      -0.010440      1637691075881      
638      -0.007510      1637691075934      
639      -0.018360      1637691075968      
640      -0.003190      1637691075990      
641      -0.006330      1637691076020      
642      -0.009480      1637691076051      
643      -0.008790      1637691076081      
644      -0.010990      1637691076125      
645      -0.012020      1637691076158      
646      -0.003930      1637691076192      
647      -0.011220      1637691076222      
648      -0.012410      1637691076256      
649      -0.013300      1637691076287      
650      -0.012030      1637691076316      
651      -0.014490      1637691076367      
652      -0.019230      1637691076401      
653      -0.008120      1637691076432      
654      -0.013730      1637691076457      
655      -0.007710      1637691076489      
656      -0.003400      1637691076518      
657      -0.005360      1637691076555      
658      -0.005280      1637691076593      
659      -0.006620      1637691076625      
660      -0.007610      1637691076647      
661      -0.007940      1637691076676      
662      -0.009320      1637691076706      
663      -0.010720      1637691076736      
664      -0.012080      1637691076772      
665      -0.014180      1637691076804      
666      -0.019300      1637691076826      
667      -0.015800      1637691076859      
668      -0.009340      1637691076892      
669      -0.010110      1637691076942      
670      -0.006340      1637691076975      
671      -0.006710      1637691077008      
672      -0.009770      1637691077033      
673      -0.008530      1637691077065      
674      -0.006570      1637691077092      
675      -0.008370      1637691077142      
676      -0.007270      1637691077172      
677      -0.007400      1637691077203      
678      -0.006020      1637691077238      
679      -0.008330      1637691077266      
680      -0.005530      1637691077297      
681      -0.006530      1637691077328      
682      -0.007970      1637691077359      
683      -0.006950      1637691077421      
684      -0.007920      1637691077450      
685      -0.005720      1637691077470      
686      -0.005520      1637691077501      
687      -0.006670      1637691077533      
688      -0.009480      1637691077562      
689      -0.006070      1637691077618      
690      -0.008580      1637691077650      
691      -0.002890      1637691077673      
692      -0.004140      1637691077704      
693      -0.004100      1637691077735      
694      -0.004940      1637691077768      
695      -0.008340      1637691077799      
696      -0.007660      1637691077852      
697      -0.011460      1637691077885      
698      -0.006080      1637691077907      
699      -0.002520      1637691077950      
700      -0.005470      1637691077973      
701      -0.006210      1637691078007      
702      -0.006120      1637691078042      
703      -0.004870      1637691078076      
704      -0.004860      1637691078100      
705      -0.003150      1637691078131      
706      -0.006690      1637691078180      
707      -0.009280      1637691078208      
708      -0.008630      1637691078252      
709      -0.007680      1637691078273      
710      -0.003410      1637691078307      
711      -0.011600      1637691078336      
712      -0.008760      1637691078369      
713      -0.009870      1637691078401      
714      -0.010530      1637691078455      
715      -0.012400      1637691078485      
716      -0.006800      1637691078508      
717      -0.006370      1637691078541      
718      -0.009860      1637691078574      
719      -0.004660      1637691078605      
720      -0.010100      1637691078639      
721      -0.008710      1637691078674      
722      -0.006360      1637691078701      
723      -0.007820      1637691078749      
724      -0.007730      1637691078778      
725      -0.007560      1637691078810      
726      -0.005720      1637691078847      
727      -0.008880      1637691078876      
728      -0.003990      1637691078905      
729      -0.009170      1637691078937      
730      -0.006810      1637691078987      
731      -0.013100      1637691079017      
732      -0.004100      1637691079048      
733      -0.005080      1637691079083      
734      -0.005190      1637691079108      
735      -0.006880      1637691079142      
736      -0.004710      1637691079171      
737      -0.007930      1637691079221      
738      -0.009240      1637691079254      
739      -0.005420      1637691079298      
740      -0.007270      1637691079334      
741      -0.006840      1637691079364      
742      -0.006310      1637691079397      
743      -0.003430      1637691079430      
744      -0.009240      1637691079459      
745      -0.007180      1637691079502      
746      -0.007710      1637691079535      
747      -0.012210      1637691079567      
748      -0.006730      1637691079599      
749      -0.008650      1637691079631      
750      -0.005200      1637691079664      
751      -0.007550      1637691079705      
752      -0.001100      1637691079728      
753      -0.004790      1637691079756      
754      -0.005900      1637691079787      
755      -0.005550      1637691079818      
756      -0.006320      1637691079849      
757      -0.008670      1637691079885      
758      -0.005390      1637691079932      
759      -0.008990      1637691079965      
760      -0.005230      1637691079991      
761      -0.002860      1637691080021      
762      -0.005130      1637691080052      
763      -0.005570      1637691080091      
764      -0.004250      1637691080116      
765      -0.002880      1637691080163      
766      -0.002130      1637691080193      
767      -0.001060      1637691080224      
768      -0.002440      1637691080256      
769      -0.001770      1637691080290      
770      -0.007880      1637691080323      
771      -0.006390      1637691080348      
772      -0.007310      1637691080399      
773      -0.009810      1637691080426      
774      -0.007720      1637691080458      
775      -0.006990      1637691080500      
776      -0.002330      1637691080534      
777      -0.006720      1637691080553      
778      -0.004630      1637691080586      
779      -0.005040      1637691080631      
780      -0.009880      1637691080663      
781      -0.008240      1637691080703      
782      -0.009340      1637691080739      
783      -0.004640      1637691080766      
784      -0.004990      1637691080799      
785      -0.005110      1637691080823      
786      -0.008730      1637691080853      
787      -0.007750      1637691080897      
788      -0.008240      1637691080941      
789      -0.005060      1637691080975      
790      -0.004670      1637691081007      
791      -0.006310      1637691081038      
792      -0.005450      1637691081071      
793      -0.003620      1637691081101      
794      -0.002740      1637691081139      
795      -0.005310      1637691081171      
796      -0.003970      1637691081199      
797      -0.003310      1637691081230      
798      -0.004660      1637691081259      
799      -0.003310      1637691081290      
800      -0.002640      1637691081323      
801      -0.003940      1637691081373      
802      -0.010350      1637691081399      
803      -0.005600      1637691081428      
804      -0.003150      1637691081459      
805      -0.002940      1637691081492      
806      -0.001450      1637691081525      
807      -0.002230      1637691081580      
808      -0.005810      1637691081607      
809      -0.003690      1637691081633      
810      -0.002750      1637691081664      
811      -0.003350      1637691081694      
