63      -3.420000      
64      -3.240000      
65      -1.100000      
66      0.040000      
67      -0.020000      
68      0.980000      
69      2.500000      
99      -1.590000      
100      -2.290000      
101      -2.700000      
102      -1.890000      
103      -2.040000      
104      -3.160000      
105      -1.730000      
106      -2.010000      
107      -2.720000      
108      -2.280000      
109      -1.840000      
110      -2.230000      
111      -1.930000      
112      -2.320000      
113      -1.750000      
114      -2.300000      
115      -1.820000      
116      -1.840000      
117      -1.670000      
118      -1.600000      
119      -2.970000      
120      -2.070000      
121      -2.030000      
122      -3.730000      
123      -1.260000      
124      -1.360000      
125      -0.840000      
126      -1.140000      
127      -1.270000      
128      -1.210000      
129      -1.150000      
130      -0.970000      
131      -0.770000      
132      -1.320000      
133      -1.110000      
134      0.030000      
135      -0.360000      
136      -0.100000      
137      0.050000      
138      -0.420000      
139      -0.430000      
140      -0.520000      
141      -0.310000      
142      -0.680000      
143      -0.900000      
144      -1.460000      
145      -0.420000      
146      -0.760000      
147      -0.790000      
148      -1.060000      
149      -1.080000      
150      -0.580000      
151      0.220000      
152      -0.270000      
153      -0.410000      
154      -0.470000      
155      -0.580000      
156      -0.330000      
157      -0.460000      
158      -0.010000      
159      -0.240000      
160      -0.480000      
161      -0.360000      
162      -0.270000      
163      -0.190000      
164      -0.060000      
165      -0.280000      
166      -0.270000      
167      0.870000      
168      0.040000      
169      -0.180000      
170      -0.170000      
171      -0.590000      
172      -0.250000      
173      -0.810000      
174      -0.790000      
175      -0.940000      
176      -1.180000      
177      0.290000      
178      2.410000      
179      2.600000      
180      3.630000      
181      2.450000      
182      2.400000      
183      2.860000      
184      2.760000      
185      2.130000      
186      2.350000      
187      2.060000      
188      2.110000      
189      3.370000      
190      2.160000      
191      2.720000      
192      2.650000      
193      3.310000      
194      2.890000      
195      3.260000      
196      3.490000      
197      2.880000      
198      2.760000      
199      2.230000      
200      3.410000      
201      3.420000      
202      2.330000      
203      2.200000      
204      3.150000      
205      1.730000      
206      3.220000      
207      2.080000      
