98      74.866592      0.087270      
99      74.486137      0.087270      
100      74.138915      0.087270      
101      73.192933      0.087270      
102      72.412542      0.087270      
103      72.137514      0.087270      
104      71.582301      0.087270      
105      71.258571      0.087270      
106      71.020213      0.087270      
107      70.184816      0.087270      
108      69.735031      0.087270      
109      69.467452      0.087270      
110      69.168932      0.087270      
111      68.848639      0.087270      
112      68.582779      0.087270      
113      68.287697      0.087270      
114      67.602419      0.087270      
115      66.290307      0.087270      
116      65.385007      0.087270      
117      65.131752      0.087270      
118      64.931211      0.087270      
119      64.675664      0.087270      
120      64.397199      0.087270      
121      64.353080      0.087270      
122      64.099252      0.087270      
123      63.820786      0.087270      
124      63.717078      0.087270      
125      63.572688      0.087270      
126      63.285628      0.087270      
127      62.954449      0.087270      
128      62.438771      0.087270      
129      61.953462      0.087270      
130      61.700207      0.087270      
131      61.502531      0.087270      
132      61.334076      0.087270      
133      61.024670      0.087270      
134      60.934713      0.087270      
135      60.411587      0.087270      
136      60.130829      0.087270      
137      59.656406      0.087270      
138      59.449562      0.087270      
139      59.284546      0.087270      
140      59.049053      0.087270      
141      58.423365      0.087270      
142      57.516346      0.087270      
143      56.880344      0.087270      
144      56.285596      0.087270      
145      55.918319      0.087270      
146      54.861181      0.087270      
147      53.570842      0.087270      
148      52.118924      0.087270      
149      51.745918      0.087270      
150      51.239408      0.087270      
151      49.652841      0.087270      
152      49.480949      0.087270      
153      49.067834      0.087270      
154      48.167691      0.087270      
155      47.357504      0.087270      
156      46.719211      0.087270      
157      45.520548      0.087270      
158      44.901735      0.087270      
159      44.198695      0.087270      
160      43.734012      0.087270      
161      43.047016      0.087270      
162      42.309597      0.087270      
163      41.509152      0.087270      
164      40.213656      0.087270      
165      39.353621      0.087270      
166      38.471240      0.087270      
167      36.826230      0.087270      
168      36.168455      0.087270      
169      35.463696      0.087270      
170      34.593347      0.087270      
171      33.344835      0.087270      
172      32.619449      0.087270      
173      31.992042      0.087270      
174      31.352029      0.087270      
175      30.555594      0.087270      
176      29.889798      0.087270      
177      29.445170      0.087270      
178      28.446475      0.087270      
179      28.212701      0.087270      
180      28.290053      0.087270      
181      28.211555      0.087270      
182      27.277606      0.087270      
183      26.871940      0.087270      
184      26.541907      0.087270      
185      26.024511      0.087270      
186      25.552379      0.087270      
187      25.317460      0.087270      
188      25.095146      0.087270      
189      24.490657      0.087270      
190      24.223078      0.087270      
191      24.076970      0.087270      
192      24.169792      0.087270      
193      24.385230      0.087270      
194      24.377781      0.087270      
195      24.354862      0.087270      
196      24.349706      0.087270      
197      24.392106      0.087270      
198      24.358873      0.087270      
199      24.105618      0.087270      
200      24.023110      0.087270      
201      23.671876      0.087270      
202      23.176253      0.087270      
203      22.729906      0.087270      
204      22.549419      0.087270      
205      22.201050      0.087270      
206      22.121980      0.087270      
207      21.959828      0.087270      
208      21.646984      0.087270      
209      21.378259      0.087270      
210      21.001241      0.087270      
211      20.818463      0.087270      
212      20.817890      0.087270      
213      20.720484      0.087270      
214      20.648862      0.087270      
215      20.189909      0.087270      
216      19.764762      0.087270      
217      19.643864      0.087270      
218      19.620372      0.087270      
219      19.382588      0.087270      
220      19.311539      0.087270      
221      19.281744      0.087270      
222      19.083495      0.087270      
223      18.944835      0.087270      
224      18.728824      0.087270      
225      18.294509      0.087270      
226      17.710648      0.087270      
227      17.138819      0.087270      
228      16.796753      0.087270      
229      16.383065      0.087270      
230      16.118924      0.087270      
231      15.940156      0.087270      
232      15.915518      0.087270      
233      15.743053      0.087270      
234      15.547668      0.087270      
235      15.329365      0.087270      
236      14.985580      0.087270      
237      14.801082      0.087270      
238      14.558141      0.087270      
239      14.339265      0.087270      
240      14.203470      0.087270      
241      14.091167      0.087270      
242      13.825306      0.087270      
243      13.713576      0.087270      
244      13.351456      0.087270      
245      13.224829      0.087270      
246      13.032882      0.087270      
247      12.752125      0.087270      
248      12.325259      0.087270      
249      12.187745      0.087270      
250      11.893809      0.087270      
251      11.336877      0.087270      
252      11.060131      0.087270      
253      10.598313      0.087270      
254      10.486583      0.087270      
255      10.228171      0.087270      
256      10.080344      0.087270      
257      9.977208      0.087270      
258      9.670667      0.087270      
259      9.544612      0.087270      
260      9.311985      0.087270      
261      9.158428      0.087270      
262      9.097119      0.087270      
263      8.929811      0.087270      
264      8.784848      0.087270      
265      8.616966      0.087270      
266      8.449085      0.087270      
267      8.197549      0.087270      
268      7.929397      0.087270      
269      7.423460      0.087270      
270      6.920388      0.087270      
271      6.561133      0.087270      
272      6.236830      0.087270      
273      5.874137      0.087270      
274      5.094891      0.087270      
275      4.559733      0.087270      
276      4.377527      0.087270      
277      4.009677      0.087270      
278      3.765017      0.087270      
279      3.388572      0.087270      
280      2.585835      0.087270      
281      2.100525      0.087270      
282      2.160115      0.087270      
283      1.889671      0.087270      
284      1.712621      0.087270      
285      1.705746      0.087270      
286      1.702308      0.087270      
287      1.446188      0.087270      
288      1.191214      0.087270      
289      1.114436      0.087270      
290      0.843992      0.087270      
291      0.571829      0.087270      
292      0.422282      0.087270      
293      0.423428      0.087270      
294      0.260703      0.087270      
295      0.006876      0.087270      
296      -0.206844      0.087270      
297      -0.479007      0.087270      
298      -0.810186      0.087270      
299      -1.006717      0.087270      
300      -1.428999      0.087270      
301      -1.674232      0.087270      
302      -3.284864      0.087270      
303      -4.163807      0.087270      
304      -4.312781      0.087270      
305      -4.604425      0.087270      
306      -5.667866      0.087270      
307      -6.281522      0.087270      
308      -6.483209      0.087270      
309      -7.401114      0.087270      
310      -8.060608      0.087270      
311      -8.268025      0.087270      
312      -10.067738      0.087270      
313      -10.453350      0.087270      
314      -10.135349      0.087270      
315      -10.212128      0.087270      
316      -10.406366      0.087270      
317      -10.428712      0.087270      
318      -10.814897      0.087270      
319      -11.168423      0.087270      
320      -11.482986      0.087270      
321      -12.420945      0.087270      
322      -12.897660      0.087270      
323      -12.817444      0.087270      
324      -13.287283      0.087270      
325      -15.194716      0.087270      
326      -15.290403      0.087270      
327      -15.817539      0.087270      
328      -17.233360      0.087270      
329      -17.461977      0.087270      
330      -17.345663      0.087270      
331      -16.931402      0.087270      
332      -16.997294      0.087270      
333      -16.588763      0.087270      
334      -16.880407      0.087270      
335      -16.736591      0.087270      
336      -16.655801      0.087270      
337      -16.599077      0.087270      
338      -16.710234      0.087270      
339      -17.916346      0.087270      
340      -18.371288      0.087270      
341      -17.829827      0.087270      
342      -18.224033      0.087270      
343      -19.106987      0.087270      
344      -18.920770      0.087270      
345      -18.806748      0.087270      
346      -18.745440      0.087270      
347      -18.512239      0.087270      
348      -18.182779      0.087270      
349      -17.790864      0.087270      
350      -16.742894      0.087270      
351      -15.963648      0.087270      
352      -14.920834      0.087270      
353      -13.359478      0.087270      
354      -10.553621      0.087270      
355      -8.115614      0.087270      
356      -6.025975      0.087270      
357      -4.785485      0.087270      
358      -2.641413      0.087270      
359      -0.736845      0.087270      
360      1.210696      0.087270      
361      2.596721      0.087270      
362      3.296323      0.087270      
363      4.343148      0.087270      
364      6.539360      0.087270      
365      7.301417      0.087270      
366      9.067898      0.087270      
367      10.491740      0.087270      
368      11.465224      0.087270      
369      12.164253      0.087270      
370      13.179564      0.087270      
371      14.478498      0.087270      
372      15.925832      0.087270      
373      17.327328      0.087270      
374      18.234347      0.087270      
375      19.409518      0.087270      
376      20.648289      0.087270      
377      21.753557      0.087270      
378      23.451281      0.087270      
379      24.123954      0.087270      
380      25.649785      0.087270      
381      27.310839      0.087270      
382      27.994398      0.087270      
383      27.918192      0.087270      
384      28.072895      0.087270      
385      28.496323      0.087270      
386      28.932357      0.087270      
387      29.782079      0.087270      
388      30.305205      0.087270      
389      30.668470      0.087270      
390      31.228840      0.087270      
391      31.543403      0.087270      
392      31.725036      0.087270      
393      32.186280      0.087270      
394      32.534649      0.087270      
395      33.001623      0.087270      
396      33.843323      0.087270      
397      34.903899      0.087270      
398      35.893427      0.087270      
399      37.465096      0.087270      
400      39.785644      0.087270      
401      41.624320      0.087270      
402      42.467165      0.087270      
403      43.934554      0.087270      
404      45.887824      0.087270      
405      48.513767      0.087270      
406      50.462454      0.087270      
407      52.538915      0.087270      
408      55.304663      0.087270      
409      56.158396      0.087270      
410      56.788095      0.087270      
411      56.981187      0.087270      
412      57.476237      0.087270      
413      57.840649      0.087270      
414      58.373516      0.087270      
415      59.060512      0.087270      
416      60.377781      0.087270      
417      60.631609      0.087270      
418      60.934140      0.087270      
419      61.255579      0.087270      
420      61.532325      0.087270      
421      62.557377      0.087270      
422      63.351520      0.087270      
423      64.538724      0.087270      
424      65.904122      0.087270      
425      67.064396      0.087270      
426      68.565590      0.087270      
427      69.670285      0.087270      
428      70.001464      0.087270      
429      71.151997      0.087270      
430      71.832691      0.087270      
431      72.780965      0.087270      
