0      0.010260      1640268636913      
0      0.004540      1640268636939      
0      0.012220      1640268636954      
0      0.006050      1640268636988      
0      0.005340      1640268637019      
0      0.005920      1640268637052      
0      0.004790      1640268637087      
0      0.007750      1640268637130      
0      0.005910      1640268637161      
0      0.005680      1640268637194      
0      0.008960      1640268637222      
0      0.003510      1640268637256      
0      0.002320      1640268637295      
0      0.007910      1640268637321      
0      0.010670      1640268637354      
0      0.001270      1640268637385      
0      -0.000780      1640268637430      
0      0.005560      1640268637464      
0      0.007420      1640268637496      
0      0.007730      1640268637523      
0      0.008020      1640268637556      
0      0.010980      1640268637588      
0      0.011560      1640268637622      
0      0.006430      1640268637653      
0      0.007530      1640268637687      
0      0.007620      1640268637730      
0      0.019830      1640268637762      
0      0.016840      1640268637795      
0      0.012850      1640268637824      
0      0.008010      1640268637855      
0      0.013110      1640268637889      
0      0.006630      1640268637922      
0      0.013410      1640268637952      
0      0.013120      1640268637983      
0      0.015430      1640268638029      
0      0.028040      1640268638061      
0      0.005780      1640268638094      
0      0.012880      1640268638129      
0      0.017300      1640268638156      
0      0.014280      1640268638188      
0      0.007290      1640268638220      
0      0.009340      1640268638265      
0      0.009960      1640268638300      
0      0.010700      1640268638334      
0      0.015640      1640268638357      
0      0.015710      1640268638390      
0      0.019580      1640268638422      
0      0.026340      1640268638454      
0      0.023680      1640268638487      
0      0.012020      1640268638537      
0      0.016380      1640268638563      
0      0.003990      1640268638594      
0      0.011080      1640268638624      
0      0.010630      1640268638655      
0      0.012060      1640268638689      
0      0.010930      1640268638721      
0      0.006940      1640268638752      
0      0.010040      1640268638798      
0      0.018480      1640268638829      
0      0.008800      1640268638861      
0      0.008900      1640268638896      
0      0.007970      1640268638929      
0      0.002790      1640268638955      
0      0.004860      1640268638988      
0      0.010220      1640268639020      
0      0.002610      1640268639051      
0      0.000610      1640268639101      
0      0.016040      1640268639131      
0      0.010150      1640268639162      
0      -0.002380      1640268639191      
0      -0.003500      1640268639223      
0      -0.002050      1640268639256      
0      -0.000680      1640268639288      
0      0.002390      1640268639321      
0      -0.000120      1640268639354      
0      0.002400      1640268639398      
0      0.000710      1640268639429      
0      -0.007540      1640268639462      
0      -0.011030      1640268639494      
0      -0.016760      1640268639534      
0      -0.022720      1640268639562      
0      -0.023310      1640268639589      
0      -0.012780      1640268639619      
0      -0.010000      1640268639652      
0      -0.022870      1640268639698      
0      -0.046340      1640268639733      
0      -0.033430      1640268639762      
0      -0.028770      1640268639794      
0      -0.032520      1640268639825      
0      -0.041870      1640268639854      
0      -0.049370      1640268639887      
0      -0.050290      1640268639923      
0      -0.028180      1640268639966      
0      -0.083540      1640268639996      
0      -0.038500      1640268640028      
0      -0.036020      1640268640057      
0      -0.017810      1640268640090      
0      -0.011370      1640268640121      
0      -0.019150      1640268640161      
0      -0.011150      1640268640186      
0      -0.019080      1640268640232      
