74      74.806430      0.087270      
75      74.306796      0.087270      
76      73.640427      0.087270      
77      73.122457      0.087270      
78      72.349515      0.087270      
79      71.649339      0.087270      
80      71.398377      0.087270      
81      70.968073      0.087270      
82      70.187108      0.087270      
83      70.024383      0.087270      
84      69.613560      0.087270      
85      69.429636      0.087270      
86      69.281808      0.087270      
87      68.940888      0.087270      
88      68.708260      0.087270      
89      68.330097      0.087270      
90      67.649403      0.087270      
91      67.360624      0.087270      
92      67.062677      0.087270      
93      66.616903      0.087270      
94      66.347032      0.087270      
95      65.896674      0.087270      
96      65.384434      0.087270      
97      64.982779      0.087270      
98      64.231609      0.087270      
99      63.901576      0.087270      
100      63.149833      0.087270      
101      62.669107      0.087270      
102      62.301830      0.087270      
103      61.868088      0.087270      
104      61.494509      0.087270      
105      61.127805      0.087270      
106      60.674582      0.087270      
107      60.543944      0.087270      
108      60.138278      0.087270      
109      59.630049      0.087270      
110      59.211205      0.087270      
111      58.865128      0.087270      
112      58.285851      0.087270      
113      57.868725      0.087270      
114      57.482540      0.087270      
115      57.023014      0.087270      
116      56.656884      0.087270      
117      56.038071      0.087270      
118      55.453064      0.087270      
119      54.778673      0.087270      
120      54.410250      0.087270      
121      53.894000      0.087270      
122      53.315868      0.087270      
123      52.807640      0.087270      
124      52.454687      0.087270      
125      51.935572      0.087270      
126      50.728887      0.087270      
127      49.828744      0.087270      
128      48.737800      0.087270      
129      47.787235      0.087270      
130      46.809741      0.087270      
131      46.166863      0.087270      
132      44.887410      0.087270      
133      44.290944      0.087270      
134      43.750629      0.087270      
135      43.228076      0.087270      
136      42.725577      0.087270      
137      42.315327      0.087270      
138      41.722871      0.087270      
139      41.101194      0.087270      
140      40.521916      0.087270      
141      40.017126      0.087270      
142      39.336432      0.087270      
143      38.837371      0.087270      
144      38.172720      0.087270      
145      37.144230      0.087270      
146      36.589591      0.087270      
147      36.048130      0.087270      
148      35.631004      0.087270      
149      34.941716      0.087270      
150      34.259876      0.087270      
151      33.689193      0.087270      
152      33.271495      0.087270      
153      32.731179      0.087270      
154      32.085437      0.087270      
155      31.594398      0.087270      
156      31.145758      0.087270      
157      30.450167      0.087270      
158      29.902976      0.087270      
159      29.236034      0.087270      
160      28.979341      0.087270      
161      28.659621      0.087270      
162      28.249371      0.087270      
163      27.892981      0.087270      
164      27.331466      0.087270      
165      26.983097      0.087270      
166      26.582588      0.087270      
167      26.388350      0.087270      
168      26.098997      0.087270      
169      25.751202      0.087270      
170      25.322044      0.087270      
171      24.954767      0.087270      
172      24.341111      0.087270      
173      23.918829      0.087270      
174      23.547541      0.087270      
175      23.104059      0.087270      
176      22.824447      0.087270      
177      22.591246      0.087270      
178      22.294445      0.087270      
179      21.637243      0.087270      
180      21.326118      0.087270      
181      20.794398      0.087270      
182      20.154385      0.087270      
183      19.537291      0.087270      
184      18.677256      0.087270      
185      18.409104      0.087270      
186      18.182206      0.087270      
187      17.915200      0.087270      
188      17.537036      0.087270      
189      16.870667      0.087270      
190      16.520579      0.087270      
191      16.156740      0.087270      
192      15.900048      0.087270      
193      15.635906      0.087270      
194      15.270349      0.087270      
195      14.808531      0.087270      
196      14.363903      0.087270      
197      13.984020      0.087270      
198      13.187013      0.087270      
199      12.915996      0.087270      
200      12.223269      0.087270      
201      11.586694      0.087270      
202      11.052682      0.087270      
203      10.691135      0.087270      
204      10.146809      0.087270      
205      9.965176      0.087270      
206      9.711348      0.087270      
207      9.448353      0.087270      
208      9.361261      0.087270      
209      9.288493      0.087270      
210      9.146968      0.087270      
211      9.000286      0.087270      
212      8.785994      0.087270      
213      8.655929      0.087270      
214      8.510393      0.087270      
215      8.486901      0.087270      
216      8.502944      0.087270      
217      8.478307      0.087270      
218      8.367722      0.087270      
219      8.275473      0.087270      
220      8.139106      0.087270      
221      7.958046      0.087270      
222      7.759223      0.087270      
223      7.500812      0.087270      
224      7.317460      0.087270      
225      7.154735      0.087270      
226      7.100302      0.087270      
227      6.826993      0.087270      
228      6.632182      0.087270      
229      6.308451      0.087270      
230      5.889034      0.087270      
231      5.557855      0.087270      
232      5.167086      0.087270      
233      4.964826      0.087270      
234      4.570619      0.087270      
235      3.961547      0.087270      
236      3.544421      0.087270      
237      3.115263      0.087270      
238      2.910138      0.087270      
239      2.799554      0.087270      
240      2.821900      0.087270      
241      2.824192      0.087270      
242      2.903263      0.087270      
243      2.832214      0.087270      
244      2.747414      0.087270      
245      2.720484      0.087270      
246      2.590419      0.087270      
247      2.447175      0.087270      
248      2.190482      0.087270      
249      2.073022      0.087270      
250      1.969887      0.087270      
251      1.478848      0.087270      
252      1.171733      0.087270      
253      1.041668      0.087270      
254      0.246379      0.087270      
255      -0.038389      0.087270      
256      -0.065319      0.087270      
257      -0.093395      0.087270      
258      -0.037243      0.087270      
259      -0.091676      0.087270      
260      -0.010314      0.087270      
261      -0.227471      0.087270      
262      -0.409677      0.087270      
263      -0.390769      0.087270      
264      -0.848003      0.087270      
265      -1.313831      0.087270      
266      -1.484577      0.087270      
267      -2.022028      0.087270      
268      -2.209963      0.087270      
269      -2.262104      0.087270      
270      -2.286742      0.087270      
271      -2.410505      0.087270      
272      -2.651154      0.087270      
273      -2.710743      0.087270      
274      -2.906701      0.087270      
275      -3.018431      0.087270      
276      -3.283718      0.087270      
277      -3.679643      0.087270      
278      -3.697406      0.087270      
279      -3.987904      0.087270      
280      -4.179850      0.087270      
281      -4.203342      0.087270      
282      -4.443419      0.087270      
283      -4.523635      0.087270      
284      -4.548273      0.087270      
285      -4.594684      0.087270      
286      -4.564889      0.087270      
287      -4.625052      0.087270      
288      -4.464046      0.087270      
289      -4.519624      0.087270      
290      -4.512749      0.087270      
291      -4.634792      0.087270      
292      -4.823874      0.087270      
293      -5.070253      0.087270      
294      -5.088015      0.087270      
295      -5.372211      0.087270      
296      -5.525195      0.087270      
297      -5.653541      0.087270      
298      -5.636925      0.087270      
299      -5.784753      0.087270      
300      -5.784753      0.087270      
301      -5.704536      0.087270      
302      -5.873564      0.087270      
303      -5.950915      0.087270      
304      -5.921693      0.087270      
305      -5.997326      0.087270      
306      -6.087856      0.087270      
307      -6.310170      0.087270      
308      -6.419035      0.087270      
309      -6.368041      0.087270      
310      -6.521025      0.087270      
311      -6.609836      0.087270      
312      -6.699220      0.087270      
313      -6.781728      0.087270      
314      -6.759955      0.087270      
315      -6.906637      0.087270      
316      -6.924399      0.087270      
317      -7.017221      0.087270      
318      -7.055610      0.087270      
319      -7.132962      0.087270      
320      -7.207449      0.087270      
321      -7.225211      0.087270      
322      -7.225784      0.087270      
323      -7.386217      0.087270      
324      -7.678434      0.087270      
325      -7.978100      0.087270      
326      -7.982683      0.087270      
327      -8.143116      0.087270      
328      -8.455388      0.087270      
329      -8.503517      0.087270      
330      -8.592901      0.087270      
331      -8.938978      0.087270      
332      -8.949865      0.087270      
333      -8.966481      0.087270      
334      -9.015757      0.087270      
335      -8.999714      0.087270      
336      -9.082222      0.087270      
337      -9.161292      0.087270      
338      -9.325163      0.087270      
339      -9.564667      0.087270      
340      -9.465542      0.087270      
341      -9.446061      0.087270      
342      -9.440331      0.087270      
343      -9.505077      0.087270      
344      -9.282190      0.087270      
345      -9.429445      0.087270      
346      -9.291931      0.087270      
347      -8.818081      0.087270      
348      -8.470858      0.087270      
349      -7.358714      0.087270      
350      -6.204170      0.087270      
351      -5.109215      0.087270      
352      -4.610154      0.087270      
353      -4.639949      0.087270      
354      -4.093331      0.087270      
355      -3.762725      0.087270      
356      -3.247048      0.087270      
357      -2.471240      0.087270      
358      -1.427853      0.087270      
359      -0.866338      0.087270      
360      -0.469266      0.087270      
361      0.719656      0.087270      
362      1.331593      0.087270      
363      1.706319      0.087270      
364      2.321693      0.087270      
365      3.131880      0.087270      
366      3.771892      0.087270      
367      3.774757      0.087270      
368      4.209645      0.087270      
369      4.996339      0.087270      
370      5.171097      0.087270      
371      5.377367      0.087270      
372      5.797931      0.087270      
373      6.023683      0.087270      
374      6.480344      0.087270      
375      6.837880      0.087270      
376      7.619417      0.087270      
377      9.133217      0.087270      
378      10.120452      0.087270      
379      11.736241      0.087270      
380      13.580646      0.087270      
381      14.907656      0.087270      
382      16.639185      0.087270      
383      18.218303      0.087270      
384      19.603183      0.087270      
385      20.907274      0.087270      
386      21.928314      0.087270      
387      22.711571      0.087270      
388      23.861531      0.087270      
389      25.083113      0.087270      
390      26.663377      0.087270      
391      28.341620      0.087270      
392      30.778482      0.087270      
393      32.801082      0.087270      
394      35.279198      0.087270      
395      36.859462      0.087270      
396      37.719497      0.087270      
397      38.667197      0.087270      
398      39.714022      0.087270      
399      40.565462      0.087270      
400      41.675314      0.087270      
401      43.538055      0.087270      
402      45.681553      0.087270      
403      47.139201      0.087270      
404      49.358905      0.087270      
405      51.202738      0.087270      
406      52.612255      0.087270      
407      54.547764      0.087270      
408      56.721630      0.087270      
409      58.337991      0.087270      
410      60.076397      0.087270      
411      61.368455      0.087270      
412      62.652491      0.087270      
413      64.681967      0.087270      
414      66.812287      0.087270      
415      68.257329      0.087270      
416      70.264460      0.087270      
417      71.455674      0.088590      
418      73.006144      0.126250      
419      74.434569      0.175190      
