48      74.614484      0.087270      
49      73.607767      0.087270      
50      72.877224      0.087270      
51      71.902594      0.087270      
52      71.381760      0.087270      
53      70.969219      0.087270      
54      70.090848      0.087270      
55      69.593506      0.087270      
56      68.885310      0.087270      
57      68.146172      0.087270      
58      67.605857      0.087270      
59      66.822028      0.087270      
60      66.277129      0.087270      
61      65.542575      0.087270      
62      65.116282      0.087270      
63      64.975330      0.087270      
64      64.374280      0.087270      
65      63.730256      0.087270      
66      63.199682      0.087270      
67      62.155722      0.087270      
68      61.680153      0.087270      
69      61.212032      0.087270      
70      60.673436      0.087270      
71      60.124527      0.087270      
72      59.559573      0.087270      
73      59.250740      0.087270      
74      58.779182      0.087270      
75      58.062391      0.087270      
76      57.755276      0.087270      
77      56.961706      0.087270      
78      56.573802      0.087270      
79      55.969887      0.087270      
80      55.460512      0.087270      
81      55.122457      0.087270      
82      54.806175      0.087270      
83      54.315709      0.087270      
84      53.525004      0.087270      
85      52.866083      0.087270      
86      52.199714      0.087270      
87      51.592933      0.087270      
88      50.894477      0.087270      
89      50.708260      0.087270      
90      50.194302      0.087270      
91      49.501576      0.087270      
92      48.924017      0.087270      
93      48.161961      0.087270      
94      47.375840      0.087270      
95      46.786249      0.087270      
96      45.879230      0.087270      
97      44.991692      0.087270      
98      44.364285      0.087270      
99      43.700207      0.087270      
100      43.199427      0.087270      
101      42.383511      0.087270      
102      41.980710      0.087270      
103      41.410600      0.087270      
104      40.507019      0.087270      
105      39.532962      0.087270      
106      38.810441      0.087270      
107      38.069012      0.087270      
108      37.604902      0.087270      
109      36.132930      0.087270      
110      35.551361      0.087270      
111      35.169187      0.087270      
112      34.131530      0.087270      
113      33.370619      0.087270      
114      32.609709      0.087270      
115      31.802387      0.087270      
116      30.682795      0.087270      
117      29.937928      0.087270      
118      29.319115      0.087270      
119      28.830941      0.087270      
120      28.701448      0.087270      
121      28.440172      0.087270      
122      27.977208      0.087270      
123      27.319433      0.087270      
124      26.938978      0.087270      
125      26.378036      0.087270      
126      25.657807      0.087270      
127      25.284227      0.087270      
128      25.158173      0.087270      
129      24.625306      0.087270      
130      23.507433      0.087270      
131      22.944199      0.087270      
132      22.621614      0.087270      
133      21.925450      0.087270      
134      21.588541      0.087270      
135      21.306637      0.087270      
136      20.709024      0.087270      
137      20.361802      0.087270      
138      20.208817      0.087270      
139      19.954990      0.087270      
140      19.069744      0.087270      
141      18.941970      0.087270      
142      18.300812      0.087270      
143      17.727837      0.087270      
144      17.394366      0.087270      
145      17.100430      0.087270      
146      16.636320      0.087270      
147      16.128665      0.087270      
148      15.437084      0.087270      
149      14.797071      0.087270      
150      14.580487      0.087270      
151      13.498138      0.087270      
152      12.614038      0.087270      
153      12.226707      0.087270      
154      11.645138      0.087270      
155      10.930638      0.087270      
156      10.672227      0.087270      
157      10.377718      0.087270      
158      9.887824      0.087270      
159      9.855738      0.087270      
160      9.628840      0.087270      
161      9.693013      0.087270      
162      9.811619      0.087270      
163      9.774948      0.087270      
164      9.839694      0.087270      
165      9.733121      0.087270      
166      9.642018      0.087270      
167      9.526277      0.087270      
168      9.515391      0.087270      
169      9.556072      0.087270      
170      9.519402      0.087270      
171      9.621964      0.087270      
172      9.879230      0.087270      
173      9.838548      0.087270      
174      9.931370      0.087270      
175      9.918765      0.087270      
176      9.871781      0.087270      
177      9.607640      0.087270      
178      9.377304      0.087270      
179      9.195671      0.087270      
180      7.842878      0.087270      
181      7.058475      0.087270      
182      7.013210      0.087270      
183      7.031545      0.087270      
184      6.943307      0.087270      
185      6.791469      0.087270      
186      6.665988      0.087270      
187      6.664842      0.087270      
188      6.369187      0.087270      
189      6.271781      0.087270      
190      5.968104      0.087270      
191      6.084991      0.087270      
192      6.013942      0.087270      
193      6.084991      0.087270      
194      6.057488      0.087270      
195      5.962375      0.087270      
196      5.975553      0.087270      
197      5.829445      0.087270      
198      5.699379      0.087270      
199      5.183702      0.087270      
200      4.583225      0.087270      
201      4.191310      0.087270      
202      3.981601      0.087270      
203      3.561611      0.087270      
204      3.459621      0.087270      
205      3.102085      0.087270      
206      2.820181      0.087270      
207      2.522808      0.087270      
208      2.426548      0.087270      
209      2.277574      0.087270      
210      2.265542      0.087270      
211      2.026039      0.087270      
212      1.367691      0.087270      
213      1.435302      0.087270      
214      1.266847      0.087270      
215      1.093809      0.087270      
216      1.208404      0.087270      
217      1.082922      0.087270      
218      1.251377      0.087270      
219      0.894986      0.087270      
220      0.607353      0.087270      
221      0.489320      0.087270      
222      0.167309      0.087270      
223      -0.081935      0.087270      
224      0.179914      0.087270      
225      0.317428      0.087270      
226      0.257266      0.087270      
227      0.252682      0.087270      
228      0.326596      0.087270      
229      0.321439      0.087270      
230      0.250963      0.087270      
231      0.328887      0.087270      
232      -0.045838      0.087270      
233      -0.406239      0.087270      
234      -0.294509      0.087270      
235      -0.337482      0.087270      
236      -0.684132      0.087270      
237      -0.709343      0.087270      
238      -0.829094      0.087270      
239      -0.913895      0.087270      
240      -0.999841      0.087270      
241      -1.629540      0.087270      
242      -1.883941      0.087270      
243      -1.758459      0.087270      
244      -1.912017      0.087270      
245      -1.764762      0.087270      
246      -1.771638      0.087270      
247      -1.855292      0.087270      
248      -1.776795      0.087270      
249      -1.830654      0.087270      
250      -1.939519      0.087270      
251      -1.963011      0.087270      
252      -2.081044      0.087270      
253      -2.093650      0.087270      
254      -2.172720      0.087270      
255      -2.352634      0.087270      
256      -2.404202      0.087270      
257      -2.521662      0.087270      
258      -2.713608      0.087270      
259      -2.837944      0.087270      
260      -2.917587      0.087270      
261      -3.000095      0.087270      
262      -3.158809      0.087270      
263      -3.220118      0.087270      
264      -3.268248      0.087270      
265      -3.419513      0.087270      
266      -3.457902      0.087270      
267      -3.412637      0.087270      
268      -3.643546      0.087270      
269      -3.567340      0.087270      
270      -3.647557      0.087270      
271      -3.867579      0.087270      
272      -4.014261      0.087270      
273      -4.022282      0.087270      
274      -4.089893      0.087270      
275      -4.219386      0.087270      
276      -4.580933      0.087270      
277      -4.740793      0.087270      
278      -4.968264      0.087270      
279      -5.014675      0.087270      
280      -5.087442      0.087270      
281      -5.274805      0.087270      
282      -5.343562      0.087270      
283      -5.509152      0.087270      
284      -5.584211      0.087270      
285      -5.580201      0.087270      
286      -5.580201      0.087270      
287      -5.496546      0.087270      
288      -5.562438      0.087270      
289      -5.444406      0.087270      
290      -5.523476      0.087270      
291      -5.549260      0.087270      
292      -5.668439      0.087270      
293      -5.829445      0.087270      
294      -5.748655      0.087270      
295      -6.125099      0.087270      
296      -6.394971      0.087270      
297      -6.328505      0.087270      
298      -6.292408      0.087270      
299      -6.286678      0.087270      
300      -6.370333      0.087270      
301      -6.489511      0.087270      
302      -6.554258      0.087270      
303      -6.640777      0.087270      
304      -6.640777      0.087270      
305      -6.604679      0.087270      
306      -6.804074      0.087270      
307      -6.723858      0.087270      
308      -6.969664      0.087270      
309      -7.088843      0.087270      
310      -7.026962      0.087270      
311      -7.204584      0.087270      
312      -7.118638      0.087270      
313      -7.358714      0.087270      
314      -7.446379      0.087270      
315      -7.526023      0.087270      
316      -7.538628      0.087270      
317      -7.453828      0.087270      
318      -7.449244      0.087270      
319      -7.460703      0.087270      
320      -7.471017      0.087270      
321      -7.689320      0.087270      
322      -8.032532      0.087270      
323      -8.178068      0.087270      
324      -8.137960      0.087270      
325      -7.970651      0.087270      
326      -8.035970      0.087270      
327      -8.037116      0.087270      
328      -8.117905      0.087270      
329      -8.037116      0.087270      
330      -8.199268      0.087270      
331      -8.432469      0.087270      
332      -8.363712      0.087270      
333      -8.484036      0.087270      
334      -8.573993      0.087270      
335      -8.355690      0.087270      
336      -8.719529      0.087270      
337      -8.911475      0.087270      
338      -8.857043      0.087270      
339      -8.898870      0.087270      
340      -8.773961      0.087270      
341      -8.725832      0.087270      
342      -8.858762      0.087270      
343      -8.783702      0.087270      
344      -8.745886      0.087270      
345      -8.777972      0.087270      
346      -8.784848      0.087270      
347      -8.862773      0.087270      
348      -8.818654      0.087270      
349      -8.783702      0.087270      
350      -8.834124      0.087270      
351      -8.910902      0.087270      
352      -8.902881      0.087270      
353      -8.823237      0.087270      
354      -8.829540      0.087270      
355      -8.916632      0.087270      
356      -9.224893      0.087270      
357      -9.301671      0.087270      
358      -9.334331      0.087270      
359      -9.275314      0.087270      
360      -9.348082      0.087270      
361      -9.274168      0.087270      
362      -9.199682      0.087270      
363      -9.243228      0.087270      
364      -9.318287      0.087270      
365      -9.399077      0.087270      
366      -9.447780      0.087270      
367      -9.691294      0.087270      
368      -9.486742      0.087270      
369      -9.413974      0.087270      
370      -9.488461      0.087270      
371      -9.427726      0.087270      
372      -9.477574      0.087270      
373      -9.333185      0.087270      
374      -9.290785      0.087270      
375      -9.412255      0.087270      
376      -9.388190      0.087270      
377      -9.328601      0.087270      
378      -9.458666      0.087270      
379      -9.438612      0.087270      
380      -9.439758      0.087270      
381      -9.395066      0.087270      
382      -9.314277      0.087270      
383      -9.153271      0.087270      
384      -8.997422      0.087270      
385      -8.997422      0.087270      
386      -8.922935      0.087270      
387      -8.888556      0.087270      
388      -8.875951      0.087270      
389      -8.749897      0.087270      
390      -8.789432      0.087270      
391      -8.508101      0.087270      
392      -8.513831      0.087270      
393      -8.392360      0.087270      
394      -8.465701      0.087270      
395      -8.552220      0.087270      
396      -8.545345      0.087270      
397      -8.580869      0.087270      
398      -8.622123      0.087270      
399      -8.861627      0.087270      
400      -8.628999      0.087270      
401      -8.453669      0.087270      
402      -8.290944      0.087270      
403      -7.888716      0.087270      
404      -7.301417      0.087270      
405      -6.871113      0.087270      
406      -5.816266      0.087270      
407      -4.654846      0.087270      
408      -2.324558      0.087270      
409      -0.653191      0.087270      
410      0.566099      0.087270      
411      2.016298      0.087270      
412      3.773038      0.087270      
413      4.886901      0.087270      
414      5.349292      0.087270      
415      6.327360      0.087270      
416      7.351838      0.087270      
417      8.624988      0.087270      
418      9.358396      0.087270      
419      10.294636      0.087270      
420      11.433137      0.087270      
421      11.896674      0.087270      
422      13.044915      0.087270      
423      14.046475      0.087270      
424      16.057043      0.087270      
425      17.306128      0.087270      
426      18.952284      0.087270      
427      20.353207      0.087270      
428      21.369091      0.087270      
429      21.707719      0.087270      
430      22.297883      0.087270      
431      22.937323      0.087270      
432      24.358300      0.087270      
433      25.766099      0.087270      
434      26.815216      0.087270      
435      28.070603      0.087270      
436      29.332293      0.087270      
437      29.694413      0.087270      
438      30.937196      0.087270      
439      32.554130      0.087270      
440      34.666688      0.087270      
441      35.539901      0.087270      
442      36.555212      0.087270      
443      37.840968      0.087270      
444      39.257361      0.087270      
445      39.817730      0.087270      
446      41.127551      0.087270      
447      42.983416      0.087270      
448      44.502371      0.087270      
449      45.584721      0.087270      
450      45.783543      0.087270      
451      46.173739      0.087270      
452      46.618940      0.087270      
453      47.396467      0.087270      
454      48.450740      0.087270      
455      48.777909      0.087270      
456      49.513035      0.087270      
457      50.452714      0.087270      
458      51.513863      0.087270      
459      52.742321      0.087270      
460      54.209709      0.087270      
461      55.497183      0.087270      
462      56.242050      0.087270      
463      56.893522      0.087270      
464      57.153653      0.087270      
465      57.678498      0.087270      
466      58.144326      0.087270      
467      59.129269      0.087270      
468      59.912526      0.087270      
469      61.025243      0.087270      
470      61.656088      0.087270      
471      62.083527      0.087270      
472      62.406685      0.087270      
473      63.551488      0.087270      
474      64.510075      0.087270      
475      64.747859      0.087270      
476      65.305937      0.087270      
477      65.615916      0.087270      
478      65.907560      0.087270      
479      66.698838      0.087270      
480      67.633933      0.087270      
481      68.012096      0.087270      
482      68.994748      0.087270      
483      69.792901      0.087270      
484      70.762948      0.087270      
485      71.363425      0.087270      
486      72.040108      0.087270      
487      72.893268      0.087270      
488      73.254815      0.087270      
489      73.983065      0.087270      
