27      0.031570      1636302181153      
28      0.008460      1636302181184      
29      0.003220      1636302181225      
30      0.001610      1636302181256      
31      0.006490      1636302181280      
32      0.013540      1636302181312      
33      0.012150      1636302181344      
34      0.018150      1636302181376      
35      0.034400      1636302181410      
36      0.033790      1636302181456      
37      0.039420      1636302181491      
38      0.020630      1636302181522      
39      0.022530      1636302181550      
40      0.022960      1636302181581      
41      0.011210      1636302181628      
42      0.019560      1636302181650      
43      0.029270      1636302181677      
44      0.024140      1636302181709      
45      0.016240      1636302181741      
46      0.012990      1636302181790      
47      0.015240      1636302181828      
48      0.007730      1636302181861      
49      0.012330      1636302181883      
50      0.013300      1636302181914      
51      0.004420      1636302181947      
52      0.013250      1636302181982      
53      0.011800      1636302182037      
54      0.010370      1636302182080      
55      0.016990      1636302182125      
56      0.023050      1636302182162      
57      0.021570      1636302182183      
58      0.019380      1636302182215      
59      0.008440      1636302182249      
60      0.016420      1636302182284      
61      0.016710      1636302182311      
62      0.015260      1636302182342      
63      0.014550      1636302182375      
64      0.015560      1636302182426      
65      0.020650      1636302182456      
66      0.012090      1636302182494      
67      0.020080      1636302182529      
68      0.015450      1636302182551      
69      0.007950      1636302182579      
70      0.019740      1636302182610      
71      0.020480      1636302182658      
72      0.014330      1636302182691      
73      0.005350      1636302182725      
74      0.006020      1636302182752      
75      0.010680      1636302182782      
76      0.011730      1636302182815      
77      0.009420      1636302182854      
78      0.004910      1636302182879      
79      0.000220      1636302182911      
80      -0.001290      1636302182943      
81      -0.000210      1636302182990      
82      0.002670      1636302183027      
83      0.005600      1636302183051      
84      0.003580      1636302183082      
85      0.001170      1636302183113      
86      0.003170      1636302183146      
87      0.005010      1636302183177      
88      0.006170      1636302183209      
89      0.013520      1636302183260      
90      0.023850      1636302183296      
91      0.016060      1636302183327      
92      0.016200      1636302183349      
93      0.011250      1636302183382      
94      0.009700      1636302183414      
95      0.003200      1636302183446      
96      0.004200      1636302183479      
97      0.002820      1636302183525      
98      0.006500      1636302183556      
99      0.004280      1636302183590      
100      0.010160      1636302183615      
101      0.011520      1636302183648      
102      0.007270      1636302183699      
103      0.005190      1636302183740      
104      0.015410      1636302183764      
105      0.008490      1636302183798      
106      0.011590      1636302183829      
107      0.002800      1636302183861      
108      0.004550      1636302183893      
109      0.006590      1636302183927      
110      0.001430      1636302183956      
111      0.000110      1636302183983      
112      0.000080      1636302184011      
113      0.002600      1636302184044      
114      -0.000860      1636302184091      
115      0.012910      1636302184132      
116      0.004330      1636302184156      
117      0.001500      1636302184181      
118      0.002530      1636302184214      
119      0.001170      1636302184246      
120      -0.002330      1636302184279      
121      0.005520      1636302184316      
122      0.004170      1636302184348      
123      -0.000030      1636302184391      
124      0.005670      1636302184422      
125      -0.001270      1636302184454      
126      -0.000070      1636302184482      
127      0.003240      1636302184523      
128      -0.001670      1636302184554      
129      -0.001390      1636302184580      
130      0.001540      1636302184610      
131      -0.002120      1636302184642      
132      -0.003020      1636302184693      
133      0.004640      1636302184728      
134      0.003220      1636302184756      
135      0.009410      1636302184783      
136      0.008640      1636302184816      
137      0.006840      1636302184848      
138      0.004410      1636302184880      
139      0.001990      1636302184911      
140      0.007130      1636302184963      
141      0.009870      1636302184994      
142      0.000340      1636302185022      
143      -0.001320      1636302185054      
144      0.001520      1636302185082      
145      0.002180      1636302185115      
146      -0.003450      1636302185159      
147      -0.000890      1636302185198      
148      0.004340      1636302185231      
149      0.002620      1636302185263      
150      0.006310      1636302185294      
151      0.002350      1636302185322      
152      -0.000510      1636302185362      
153      0.007300      1636302185392      
154      0.001850      1636302185422      
155      0.001100      1636302185448      
156      0.002450      1636302185489      
157      0.005880      1636302185512      
158      0.005990      1636302185566      
159      0.011510      1636302185597      
160      0.006150      1636302185621      
161      -0.001120      1636302185654      
162      0.001240      1636302185683      
163      0.002150      1636302185715      
164      0.001480      1636302185749      
165      0.004280      1636302185787      
166      0.005450      1636302185818      
167      0.001990      1636302185845      
168      0.004970      1636302185891      
169      0.008300      1636302185923      
170      0.002820      1636302185955      
171      0.001220      1636302185991      
172      0.001530      1636302186018      
173      0.004100      1636302186049      
174      0.000050      1636302186082      
175      0.000110      1636302186115      
176      0.002000      1636302186158      
177      0.004370      1636302186205      
178      0.001480      1636302186244      
179      0.003480      1636302186280      
180      0.002140      1636302186310      
181      0.001900      1636302186343      
182      0.002420      1636302186380      
183      0.000040      1636302186420      
184      0.000020      1636302186455      
185      0.001470      1636302186487      
186      -0.000030      1636302186514      
187      0.000940      1636302186544      
188      0.002340      1636302186581      
189      -0.001010      1636302186609      
190      0.004760      1636302186643      
191      0.002790      1636302186677      
192      0.002850      1636302186729      
193      0.011930      1636302186767      
194      0.004870      1636302186822      
195      0.002130      1636302186857      
196      0.000060      1636302186892      
197      0.000980      1636302186925      
198      0.001370      1636302186957      
199      0.002380      1636302187004      
200      0.002350      1636302187045      
201      0.003140      1636302187080      
202      0.003170      1636302187109      
203      0.004120      1636302187140      
204      0.006530      1636302187172      
205      0.001310      1636302187221      
206      0.001360      1636302187272      
207      0.010290      1636302187299      
208      0.006560      1636302187332      
209      0.002810      1636302187366      
210      0.001410      1636302187410      
211      0.001350      1636302187445      
212      0.006900      1636302187474      
213      0.002380      1636302187507      
214      -0.000480      1636302187540      
215      0.003560      1636302187569      
216      0.002320      1636302187604      
217      0.001370      1636302187637      
218      0.002240      1636302187655      
219      0.000390      1636302187686      
220      0.002280      1636302187715      
221      -0.000560      1636302187747      
222      -0.000990      1636302187798      
223      0.002960      1636302187839      
224      0.000410      1636302187858      
225      0.001710      1636302187889      
226      0.002670      1636302187921      
227      0.001340      1636302187953      
228      0.001750      1636302187983      
229      0.004140      1636302188015      
230      0.002750      1636302188050      
231      0.004590      1636302188104      
232      0.011150      1636302188128      
233      0.006870      1636302188161      
234      0.002690      1636302188195      
235      0.003650      1636302188254      
236      0.003020      1636302188290      
237      0.006420      1636302188315      
238      0.002790      1636302188343      
239      0.001350      1636302188364      
240      0.001780      1636302188395      
241      0.004090      1636302188432      
242      0.002780      1636302188472      
243      0.004600      1636302188491      
244      0.003590      1636302188522      
245      0.002780      1636302188554      
246      0.004620      1636302188586      
247      0.000380      1636302188638      
248      0.002510      1636302188676      
249      0.000340      1636302188697      
250      0.001430      1636302188731      
251      -0.000060      1636302188763      
252      0.003790      1636302188793      
253      0.001450      1636302188825      
254      0.000450      1636302188855      
255      0.001410      1636302188893      
256      0.003220      1636302188934      
257      0.001000      1636302188966      
258      0.004630      1636302188996      
259      0.002760      1636302189028      
260      0.003810      1636302189060      
261      0.001350      1636302189090      
262      0.004180      1636302189137      
263      0.005600      1636302189167      
264      0.005690      1636302189196      
265      0.001430      1636302189229      
266      -0.000050      1636302189273      
267      0.001450      1636302189296      
268      0.002450      1636302189328      
269      0.004610      1636302189358      
270      0.002810      1636302189391      
271      0.001400      1636302189439      
272      0.006630      1636302189465      
273      0.006580      1636302189498      
274      -0.000930      1636302189548      
275      -0.001390      1636302189581      
276      0.000630      1636302189614      
277      -0.002770      1636302189645      
278      0.001420      1636302189681      
279      0.001380      1636302189715      
280      0.000420      1636302189742      
281      -0.001050      1636302189773      
282      0.001020      1636302189803      
283      0.000950      1636302189839      
284      -0.002380      1636302189869      
285      -0.000390      1636302189898      
286      -0.001410      1636302189931      
287      0.002420      1636302189960      
288      -0.002710      1636302190008      
289      0.002990      1636302190040      
290      0.003990      1636302190073      
291      0.001630      1636302190106      
292      0.002670      1636302190130      
293      -0.000330      1636302190164      
294      0.001110      1636302190211      
295      0.004910      1636302190241      
296      0.003340      1636302190277      
297      0.002520      1636302190305      
298      0.001920      1636302190337      
299      0.000060      1636302190365      
300      0.005280      1636302190397      
301      0.002600      1636302190429      
302      -0.001370      1636302190489      
303      0.006200      1636302190515      
304      0.002100      1636302190542      
305      0.002940      1636302190574      
306      0.006670      1636302190600      
307      0.001430      1636302190650      
308      0.000940      1636302190690      
309      -0.000010      1636302190715      
310      0.003790      1636302190745      
311      0.001480      1636302190778      
312      0.003340      1636302190808      
313      0.006720      1636302190840      
314      0.003310      1636302190876      
315      0.007020      1636302190920      
316      0.007070      1636302190948      
317      0.002500      1636302190982      
318      -0.000030      1636302191021      
319      0.000500      1636302191047      
320      0.003750      1636302191088      
321      0.004230      1636302191120      
322      0.004080      1636302191147      
323      0.004150      1636302191181      
324      0.004160      1636302191224      
325      0.009690      1636302191248      
326      0.004130      1636302191289      
327      0.001310      1636302191314      
328      0.004570      1636302191344      
329      0.001360      1636302191379      
330      0.004110      1636302191408      
331      0.003000      1636302191441      
332      -0.000270      1636302191489      
333      -0.001700      1636302191527      
334      -0.011360      1636302191549      
335      -0.004620      1636302191585      
336      -0.003020      1636302191614      
337      0.002090      1636302191644      
338      0.003920      1636302191675      
339      0.001610      1636302191725      
340      0.005230      1636302191753      
341      0.003660      1636302191786      
342      -0.001260      1636302191817      
343      0.005350      1636302191849      
344      0.002380      1636302191881      
345      -0.002510      1636302191922      
346      0.001330      1636302191957      
347      0.002530      1636302191990      
348      0.002650      1636302192021      
349      0.000150      1636302192053      
350      0.001310      1636302192086      
351      -0.000150      1636302192124      
352      -0.000720      1636302192147      
353      -0.000360      1636302192183      
354      -0.002410      1636302192225      
355      0.000040      1636302192257      
356      -0.000930      1636302192289      
357      0.002460      1636302192323      
358      -0.000940      1636302192354      
359      0.001360      1636302192393      
360      0.003810      1636302192422      
361      0.001310      1636302192447      
362      0.001650      1636302192480      
363      0.002680      1636302192525      
364      0.007210      1636302192556      
365      0.000170      1636302192579      
366      0.001270      1636302192610      
367      -0.001150      1636302192637      
368      0.002230      1636302192672      
369      0.003250      1636302192697      
370      0.002560      1636302192737      
371      0.001070      1636302192769      
372      0.000460      1636302192797      
373      0.004960      1636302192824      
374      0.002710      1636302192873      
375      0.002510      1636302192903      
376      0.001360      1636302192933      
377      0.000380      1636302192968      
378      0.004190      1636302192997      
379      0.007020      1636302193030      
380      0.002780      1636302193062      
381      0.005530      1636302193094      
382      0.004390      1636302193130      
383      0.001540      1636302193164      
384      0.003970      1636302193207      
385      0.005590      1636302193238      
386      -0.000130      1636302193270      
387      -0.001480      1636302193299      
388      -0.001430      1636302193335      
389      -0.003850      1636302193369      
390      -0.001460      1636302193397      
391      0.000090      1636302193429      
392      -0.002390      1636302193459      
393      0.002590      1636302193506      
394      -0.002730      1636302193539      
395      0.000700      1636302193575      
396      -0.001400      1636302193598      
397      -0.000090      1636302193631      
398      -0.001370      1636302193668      
399      0.000000      1636302193697      
400      -0.006680      1636302193727      
401      -0.005930      1636302193775      
402      -0.030540      1636302193805      
403      -0.032740      1636302193837      
404      -0.027830      1636302193868      
405      -0.026370      1636302193902      
406      -0.024950      1636302193930      
407      -0.016900      1636302193970      
408      -0.008760      1636302194002      
409      -0.026320      1636302194031      
410      -0.020040      1636302194061      
411      -0.019460      1636302194110      
412      -0.036420      1636302194141      
413      -0.019500      1636302194173      
414      -0.014180      1636302194220      
415      -0.033930      1636302194253      
416      -0.019940      1636302194283      
417      -0.013910      1636302194319      
418      -0.014130      1636302194357      
419      -0.018670      1636302194386      
420      -0.031230      1636302194416      
421      -0.009820      1636302194440      
422      -0.015430      1636302194472      
423      -0.027460      1636302194504      
424      -0.012290      1636302194539      
425      -0.013680      1636302194568      
426      -0.025840      1636302194605      
427      -0.017350      1636302194631      
428      -0.022290      1636302194681      
429      -0.025020      1636302194710      
430      -0.012800      1636302194743      
431      -0.022790      1636302194773      
432      -0.026940      1636302194805      
433      -0.017880      1636302194838      
434      -0.022840      1636302194886      
435      -0.040870      1636302194915      
436      -0.020300      1636302194948      
437      -0.016060      1636302194981      
438      -0.009830      1636302195020      
439      -0.022070      1636302195043      
440      -0.019910      1636302195075      
441      -0.017880      1636302195105      
442      -0.026900      1636302195136      
443      -0.020930      1636302195188      
444      -0.029220      1636302195221      
445      -0.014540      1636302195248      
446      -0.020580      1636302195279      
447      -0.013260      1636302195313      
448      -0.016340      1636302195342      
449      -0.008450      1636302195383      
450      -0.014000      1636302195421      
451      -0.015740      1636302195443      
452      -0.008850      1636302195471      
453      -0.006030      1636302195522      
454      -0.005230      1636302195552      
455      -0.005300      1636302195586      
456      -0.005360      1636302195627      
457      -0.007450      1636302195651      
458      -0.004250      1636302195677      
459      -0.007060      1636302195708      
460      -0.005260      1636302195741      
461      -0.007750      1636302195794      
462      -0.015110      1636302195826      
463      -0.007030      1636302195850      
464      -0.010950      1636302195881      
465      -0.008810      1636302195913      
466      -0.008860      1636302195945      
467      -0.017000      1636302195991      
468      -0.033830      1636302196029      
469      -0.016870      1636302196053      
470      -0.018580      1636302196084      
471      -0.022390      1636302196114      
472      -0.018280      1636302196146      
473      -0.003210      1636302196177      
474      -0.011940      1636302196237      
475      -0.013950      1636302196262      
476      -0.003220      1636302196291      
477      -0.006250      1636302196321      
478      -0.003240      1636302196354      
479      -0.008890      1636302196381      
480      -0.016440      1636302196419      
481      -0.014720      1636302196450      
482      -0.010880      1636302196480      
483      -0.024730      1636302196527      
484      -0.023790      1636302196558      
485      -0.011960      1636302196593      
486      -0.010200      1636302196628      
487      -0.019040      1636302196656      
488      -0.016810      1636302196681      
489      -0.013070      1636302196712      
490      -0.022300      1636302196763      
491      -0.018680      1636302196797      
492      -0.013560      1636302196853      
493      -0.023390      1636302196889      
494      -0.011850      1636302196929      
495      -0.012140      1636302196963      
496      -0.011840      1636302196987      
497      -0.005920      1636302197018      
498      -0.012960      1636302197059      
499      -0.005910      1636302197086      
500      -0.006800      1636302197113      
501      -0.018940      1636302197141      
