49      74.870603      0.087270      
50      73.861022      0.087270      
51      73.108706      0.087270      
52      72.636002      0.087270      
53      72.237784      0.087270      
54      71.610377      0.087270      
55      71.080376      0.087270      
56      70.562406      0.087270      
57      70.068502      0.087270      
58      69.297851      0.087270      
59      68.858953      0.087270      
60      68.385676      0.087270      
61      67.984020      0.087270      
62      67.733057      0.087270      
63      66.879325      0.087270      
64      65.801560      0.087270      
65      64.876206      0.087270      
66      64.084355      0.087270      
67      63.569823      0.087270      
68      63.179628      0.087270      
69      62.383766      0.087270      
70      61.881267      0.087270      
71      61.187395      0.087270      
72      60.845902      0.087270      
73      59.698233      0.087270      
74      58.972274      0.087270      
75      58.629636      0.087270      
76      58.140315      0.087270      
77      57.802260      0.087270      
78      57.202356      0.087270      
79      56.669489      0.087270      
80      56.075887      0.087270      
81      55.166576      0.087270      
82      54.231482      0.087270      
83      53.230495      0.087270      
84      52.263314      0.087270      
85      51.856502      0.087270      
86      51.342543      0.087270      
87      50.570746      0.087270      
88      49.950788      0.087270      
89      49.493554      0.087270      
90      48.995066      0.087270      
91      48.614038      0.087270      
92      48.267388      0.087270      
93      48.010123      0.087270      
94      47.598154      0.087270      
95      46.893395      0.087270      
96      46.621232      0.087270      
97      45.994971      0.087270      
98      45.693586      0.087270      
99      45.468407      0.087270      
100      45.295941      0.087270      
101      45.299379      0.087270      
102      44.945281      0.087270      
103      44.278911      0.087270      
104      44.017062      0.087270      
105      43.787299      0.087270      
106      43.399395      0.087270      
107      43.107178      0.087270      
108      42.549101      0.087270      
109      42.202451      0.087270      
110      41.847207      0.087270      
111      41.169951      0.087270      
112      40.791214      0.087270      
113      40.342575      0.087270      
114      39.997071      0.087270      
115      39.842941      0.087270      
116      39.625211      0.087270      
117      39.238453      0.087270      
118      38.944517      0.087270      
119      38.619640      0.087270      
120      38.309088      0.087270      
121      38.038071      0.087270      
122      37.685119      0.087270      
123      37.467388      0.087270      
124      36.995257      0.087270      
125      36.723667      0.087270      
126      36.512812      0.087270      
127      35.771956      0.087270      
128      35.433901      0.087270      
129      34.964062      0.087270      
130      34.202005      0.087270      
131      33.756231      0.087270      
132      33.348273      0.087270      
133      33.123667      0.087270      
134      32.350151      0.087270      
135      31.961674      0.087270      
136      31.325099      0.087270      
137      30.516059      0.087270      
138      30.024447      0.087270      
139      29.859430      0.087270      
140      29.562056      0.087270      
141      29.014293      0.087270      
142      28.824065      0.087270      
143      28.355372      0.087270      
144      28.245360      0.087270      
145      27.794429      0.087270      
146      27.121184      0.087270      
147      26.610091      0.087270      
148      26.539615      0.087270      
149      26.456534      0.087270      
150      26.039408      0.087270      
151      25.610823      0.087270      
152      25.065924      0.087270      
153      24.671144      0.087270      
154      24.160624      0.087270      
155      23.334967      0.087270      
156      22.756836      0.087270      
157      22.525927      0.087270      
158      22.351743      0.087270      
159      21.862995      0.087270      
160      21.434983      0.087270      
161      20.816744      0.087270      
162      20.127455      0.087270      
163      19.296642      0.087270      
164      18.589591      0.087270      
165      17.824670      0.087270      
166      17.129078      0.087270      
167      16.542925      0.087270      
168      16.257011      0.087270      
169      15.564858      0.087270      
170      15.036002      0.087270      
171      14.444692      0.087270      
172      14.171956      0.087270      
173      14.048767      0.087270      
174      13.457457      0.087270      
175      12.798536      0.087270      
176      12.542416      0.087270      
177      12.371097      0.087270      
178      12.105809      0.087270      
179      11.876046      0.087270      
180      11.419386      0.087270      
181      11.016011      0.087270      
182      10.856152      0.087270      
183      10.685978      0.087270      
184      10.689416      0.087270      
185      10.764476      0.087270      
186      10.867038      0.087270      
187      10.780519      0.087270      
188      10.821773      0.087270      
189      10.877352      0.087270      
190      10.867611      0.087270      
191      10.730097      0.087270      
192      10.631545      0.087270      
193      10.552475      0.087270      
194      10.294636      0.087270      
195      10.354226      0.087270      
196      10.288334      0.087270      
197      10.234474      0.087270      
198      10.008722      0.087270      
199      9.839121      0.087270      
200      9.473564      0.087270      
201      9.279325      0.087270      
202      8.992265      0.087270      
203      8.517269      0.087270      
204      8.363712      0.087270      
205      8.210154      0.087270      
206      7.568996      0.087270      
207      7.207449      0.087270      
208      6.957632      0.087270      
209      6.602387      0.087270      
210      6.071240      0.087270      
211      6.001337      0.087270      
212      5.946904      0.087270      
213      5.796212      0.087270      
214      5.769855      0.087270      
215      5.673022      0.087270      
216      5.801942      0.087270      
217      5.813974      0.087270      
218      5.559573      0.087270      
219      5.315486      0.087270      
220      5.105205      0.087270      
221      4.717874      0.087270      
222      4.398154      0.087270      
223      4.343721      0.087270      
224      4.427375      0.087270      
225      4.045774      0.087270      
226      3.935190      0.087270      
227      3.850390      0.087270      
228      3.793665      0.087270      
229      3.708865      0.087270      
230      3.458475      0.087270      
231      3.513481      0.087270      
232      3.508897      0.087270      
233      3.436129      0.087270      
234      3.425243      0.087270      
235      3.161101      0.087270      
236      2.884355      0.087270      
237      2.776062      0.087270      
238      2.562916      0.087270      
239      2.577240      0.087270      
240      2.525672      0.087270      
241      2.527391      0.087270      
242      2.387586      0.087270      
243      2.456915      0.087270      
244      2.417380      0.087270      
245      2.172147      0.087270      
246      2.166990      0.087270      
247      2.043228      0.087270      
248      2.020882      0.087270      
249      1.996244      0.087270      
250      1.779659      0.087270      
251      1.741270      0.087270      
252      1.744708      0.087270      
253      1.617508      0.087270      
254      1.106414      0.087270      
255      0.911030      0.087270      
256      0.583861      0.087270      
257      0.236066      0.087270      
258      0.029795      0.087270      
259      -0.002865      0.087270      
260      -0.196530      0.087270      
261      -0.368996      0.087270      
262      -0.446920      0.087270      
263      -0.747732      0.087270      
264      -0.876078      0.087270      
265      -1.085214      0.087270      
266      -1.352220      0.087270      
267      -1.431864      0.087270      
268      -1.629540      0.087270      
269      -1.634124      0.087270      
270      -1.690848      0.087270      
271      -1.700589      0.087270      
272      -1.606048      0.087270      
273      -1.560210      0.087270      
274      -1.478848      0.087270      
275      -1.580264      0.087270      
276      -1.695432      0.087270      
277      -1.824924      0.087270      
278      -1.784816      0.087270      
279      -1.797995      0.087270      
280      -1.851854      0.087270      
281      -1.937227      0.087270      
282      -2.102244      0.087270      
283      -2.157250      0.087270      
284      -2.512494      0.087270      
285      -2.686678      0.087270      
286      -2.785803      0.087270      
287      -3.027598      0.087270      
288      -3.118701      0.087270      
289      -3.323253      0.087270      
290      -3.478529      0.087270      
291      -3.833201      0.087270      
292      -4.505300      0.087270      
293      -5.047907      0.087270      
294      -5.459876      0.087270      
295      -6.046029      0.087270      
296      -6.293554      0.087270      
297      -6.315900      0.087270      
298      -6.467738      0.087270      
299      -6.814388      0.087270      
300      -7.028108      0.087270      
301      -7.134681      0.087270      
302      -7.130670      0.087270      
303      -7.206876      0.087270      
304      -7.196562      0.087270      
305      -7.181665      0.087270      
306      -7.262454      0.087270      
307      -7.548369      0.087270      
308      -7.823396      0.087270      
309      -7.957473      0.087270      
310      -8.024511      0.087270      
311      -8.060035      0.087270      
312      -8.060608      0.087270      
313      -8.101289      0.087270      
314      -8.033105      0.087270      
315      -8.192965      0.087270      
316      -8.192392      0.087270      
317      -8.156295      0.087270      
318      -8.351679      0.087270      
319      -8.289225      0.087270      
320      -8.608945      0.087270      
321      -8.792870      0.087270      
322      -8.861627      0.087270      
323      -9.163011      0.087270      
324      -9.224893      0.087270      
325      -9.282190      0.087270      
326      -9.289639      0.087270      
327      -9.420277      0.087270      
328      -9.599045      0.087270      
329      -9.591596      0.087270      
330      -9.647748      0.087270      
331      -9.637434      0.087270      
332      -9.634569      0.087270      
333      -9.857457      0.087270      
334      -9.980646      0.087270      
335      -10.002992      0.087270      
336      -9.929078      0.087270      
337      -9.976635      0.087270      
338      -9.763489      0.087270      
339      -9.444915      0.087270      
340      -9.364125      0.087270      
341      -9.306828      0.087270      
342      -9.229476      0.087270      
343      -9.103995      0.087270      
344      -8.955021      0.087270      
345      -8.720675      0.087270      
346      -8.633010      0.087270      
347      -8.321884      0.087270      
348      -8.080089      0.087270      
349      -7.567850      0.087270      
350      -7.171351      0.087270      
351      -7.093427      0.087270      
352      -7.174789      0.087270      
353      -7.178800      0.087270      
354      -7.331784      0.087270      
355      -7.593634      0.087270      
356      -7.515136      0.087270      
357      -7.418303      0.087270      
358      -7.285373      0.087270      
359      -7.175935      0.087270      
360      -7.176508      0.087270      
361      -7.175362      0.087270      
362      -7.018367      0.087270      
363      -7.233233      0.087270      
364      -7.313449      0.087270      
365      -7.499666      0.087270      
366      -7.922521      0.087270      
367      -8.032532      0.087270      
368      -8.619831      0.087270      
369      -8.530447      0.087270      
370      -8.281776      0.087270      
371      -8.417571      0.087270      
372      -8.283495      0.087270      
373      -8.123635      0.087270      
374      -8.124781      0.087270      
375      -8.178641      0.087270      
376      -8.022219      0.087270      
377      -7.937991      0.087270      
378      -7.689320      0.087270      
379      -7.529460      0.087270      
380      -6.969091      0.087270      
381      -6.270635      0.087270      
382      -4.143180      0.087270      
383      -2.758300      0.087270      
384      -1.728092      0.087270      
385      -0.370715      0.087270      
386      0.727105      0.087270      
387      1.571670      0.087270      
388      2.555467      0.087270      
389      2.874614      0.087270      
390      4.330543      0.087270      
391      5.217508      0.087270      
392      6.175521      0.087270      
393      7.003470      0.087270      
394      7.936272      0.087270      
395      9.214579      0.087270      
396      10.753589      0.087270      
397      11.269839      0.087270      
398      12.967563      0.087270      
399      14.658985      0.087270      
400      15.879994      0.087270      
401      17.405252      0.087270      
402      19.274869      0.087270      
403      20.699857      0.087270      
404      22.394143      0.087270      
405      23.926277      0.087270      
406      24.402992      0.087270      
407      26.048576      0.087270      
408      27.095400      0.087270      
409      28.036798      0.087270      
410      29.516791      0.087270      
411      31.009390      0.087270      
412      32.403438      0.087270      
413      32.815980      0.087270      
414      33.210759      0.087270      
415      34.167054      0.087270      
416      34.924527      0.087270      
417      36.044119      0.087270      
418      36.704759      0.087270      
419      37.409518      0.087270      
420      38.499316      0.087270      
421      39.306064      0.087270      
422      40.210791      0.087270      
423      41.310902      0.087270      
424      41.775012      0.087270      
425      42.835588      0.087270      
426      43.481904      0.087270      
427      44.131657      0.087270      
428      45.237498      0.087270      
429      46.046538      0.087270      
430      47.097374      0.087270      
431      48.797390      0.087270      
432      50.027566      0.087270      
433      50.832596      0.087270      
434      51.653669      0.087270      
435      52.398536      0.087270      
436      53.658507      0.087270      
437      54.151838      0.087270      
438      54.567818      0.087270      
439      55.045106      0.087270      
440      55.544167      0.087270      
441      56.199650      0.087270      
442      56.691262      0.087270      
443      57.334713      0.087270      
444      58.120834      0.087270      
445      58.898934      0.087270      
446      59.438103      0.087270      
447      60.258603      0.087270      
448      61.559255      0.087270      
449      62.336782      0.087270      
450      63.403661      0.087270      
451      64.718065      0.087270      
452      65.372402      0.087270      
453      65.991787      0.087270      
454      66.859271      0.087270      
455      67.445424      0.087270      
456      69.545949      0.087270      
457      70.031832      0.087270      
458      70.810505      0.087270      
459      71.498074      0.087270      
460      72.062454      0.087270      
461      72.737991      0.087270      
462      73.328728      0.087270      
463      74.380137      0.087270      
464      74.855706      0.087270      
