23      -9.259892      59.162643      126.521985      
24      -9.030411      58.833034      126.385193      
90      -8.071152      58.299403      124.993829      
91      -8.740201      55.803389      124.412587      
92      -9.381378      54.244642      124.020183      
93      -8.254456      52.106812      125.494808      
94      -8.613553      49.074399      126.387694      
95      -9.073449      45.358746      127.402414      
96      -9.148089      42.853556      128.094481      
97      -9.348020      41.537924      128.484788      
98      -8.783882      40.051597      129.321646      
99      -7.974073      38.173521      130.611674      
100      -7.117495      35.638858      132.058600      
101      -7.045986      33.570065      132.992631      
102      -6.840091      32.136274      133.934510      
103      -6.577531      30.434937      134.794531      
104      -6.066669      29.075888      135.736337      
105      -5.643011      27.201694      136.773691      
106      -5.511956      24.735474      137.293989      
107      -5.864956      22.991578      137.458791      
108      -5.597280      21.671106      137.751150      
109      -5.167621      19.927231      138.751276      
110      -5.100874      18.320021      139.232299      
111      -5.254184      17.160915      139.314975      
112      -5.074910      15.305433      139.510426      
113      -4.830859      13.430623      139.994487      
114      -4.452270      11.888288      140.244173      
115      -3.755064      10.639483      140.565301      
116      -3.574757      9.035421      140.780794      
117      -3.530230      7.263049      140.925123      
118      -3.476487      5.653805      141.045704      
119      -3.369634      3.442777      141.273153      
120      -3.387119      3.105300      141.288090      
121      -3.325817      1.873465      141.377703      
122      -3.368621      0.525744      141.673446      
123      -3.582342      0.109819      141.591826      
124      -3.761813      -0.193837      141.418625      
125      -3.793953      -0.462588      141.402109      
126      -3.792141      -0.585824      141.347488      
127      -3.905623      -0.616402      141.392668      
128      -4.055388      -0.615592      141.269112      
129      -4.267417      -0.522819      140.961421      
130      -4.430358      -1.359454      140.754363      
131      -4.709313      -2.656549      140.493954      
132      -5.028768      -3.613356      140.335842      
133      -5.162677      -3.940147      140.080461      
134      -5.147537      -4.505979      139.907509      
135      -5.651814      -5.823107      139.630299      
136      -5.689343      -6.437027      139.647257      
137      -5.981114      -6.992543      139.673168      
138      -6.078186      -7.276176      139.583176      
139      -6.210895      -6.786153      139.488449      
140      -6.306104      -6.418473      139.432159      
141      -6.393798      -6.436306      139.423675      
142      -6.510323      -6.896470      139.351297      
143      -6.562915      -6.922795      139.275534      
144      -6.520901      -6.875370      139.268069      
145      -6.518716      -7.220071      139.196209      
146      -6.533977      -7.768332      139.138637      
147      -6.627595      -8.348402      139.006974      
148      -6.925969      -9.181942      138.732047      
149      -7.047643      -9.638232      138.698555      
150      -7.142446      -10.134198      138.646774      
151      -7.426985      -10.803976      138.540805      
152      -7.279892      -10.941280      138.580129      
153      -7.356295      -11.192534      138.448732      
154      -7.396796      -11.780416      138.315737      
155      -7.558270      -11.660907      138.218319      
156      -7.647501      -11.313637      138.170540      
157      -7.726879      -11.049375      138.274851      
158      -7.921619      -9.714315      138.228994      
159      -8.113008      -5.643248      137.603389      
160      -7.961928      -5.146070      137.383013      
161      -7.830743      -3.936232      137.355450      
162      -7.939882      -1.489110      137.015629      
163      -8.011868      2.990569      136.813389      
164      -7.399239      8.089245      136.446581      
165      -6.702573      10.609538      136.540304      
166      -6.817989      12.297216      136.281929      
167      -7.098901      14.251561      135.664512      
168      -7.501116      16.425794      134.645191      
169      -8.164492      20.268155      133.648901      
170      -7.702202      23.746154      133.179678      
171      -7.320078      25.785522      132.538721      
172      -7.117200      27.923442      132.220347      
173      -6.907267      29.413181      131.709584      
174      -6.285348      31.552366      131.351684      
175      -6.389003      33.478601      130.454099      
176      -6.793498      35.204345      129.764608      
177      -6.944805      37.159573      129.071415      
178      -7.285432      39.303407      128.192584      
179      -7.093706      41.485187      127.767139      
180      -6.845805      44.573689      127.207504      
181      -6.615778      46.813704      127.005624      
182      -6.561018      49.152676      126.179764      
183      -6.631513      51.566482      125.110812      
184      -6.087766      54.712848      125.113177      
185      -5.889670      56.930212      124.651543      
186      -5.778143      58.405242      124.625196      
187      -5.629754      59.810677      124.429678      
