36      -3.570000      
37      -2.790000      
38      -1.530000      
39      -1.780000      
40      -1.930000      
41      -2.300000      
42      -2.150000      
43      -2.090000      
44      -1.420000      
45      -1.640000      
46      -1.790000      
47      -2.580000      
48      -3.230000      
49      -2.540000      
50      -2.390000      
51      -2.140000      
52      -1.620000      
53      -2.140000      
54      -2.710000      
55      -3.710000      
56      -2.580000      
57      -3.080000      
58      -2.030000      
59      -1.390000      
60      -1.630000      
61      -1.690000      
62      -0.960000      
63      -1.470000      
64      -1.320000      
65      -1.580000      
66      -1.710000      
67      -1.080000      
68      -0.480000      
69      0.240000      
70      -0.550000      
71      -0.700000      
72      0.050000      
73      -0.110000      
74      -0.080000      
75      0.020000      
76      0.090000      
77      -0.330000      
78      -0.610000      
79      -0.270000      
80      -0.030000      
81      -0.310000      
82      -1.060000      
83      -1.280000      
84      -0.520000      
85      -0.210000      
86      -0.540000      
87      -0.100000      
88      -0.120000      
89      -0.530000      
90      -0.360000      
91      -0.320000      
92      -0.360000      
93      -0.040000      
94      0.310000      
95      -0.040000      
96      0.070000      
97      -0.100000      
98      -0.260000      
99      -0.150000      
100      -0.290000      
101      -0.240000      
102      -0.140000      
103      -0.190000      
104      -0.360000      
105      -0.710000      
106      -1.520000      
107      -0.830000      
108      -0.490000      
109      -1.600000      
110      -1.180000      
111      -0.940000      
112      -0.310000      
113      -0.360000      
114      -0.230000      
115      0.160000      
116      1.480000      
117      -0.350000      
118      -0.080000      
119      1.360000      
120      4.190000      
121      1.860000      
122      2.560000      
123      2.940000      
124      2.480000      
125      2.010000      
126      1.810000      
127      1.430000      
128      1.370000      
129      1.550000      
130      2.400000      
131      1.800000      
132      1.010000      
133      1.750000      
134      2.160000      
135      2.230000      
136      2.190000      
137      2.540000      
138      2.630000      
139      1.960000      
140      2.040000      
141      1.940000      
142      2.300000      
143      2.240000      
144      2.370000      
145      2.430000      
146      2.790000      
147      3.930000      
148      3.940000      
149      4.970000      
150      2.920000      
151      3.390000      
