0      74.870603      0.087270      
0      74.285596      0.087270      
0      73.969314      0.087270      
0      72.932230      0.087270      
0      72.531721      0.087270      
0      71.258571      0.087270      
0      69.943021      0.087270      
0      69.702944      0.087270      
0      68.652109      0.087270      
0      67.318224      0.087270      
0      66.618049      0.087270      
0      66.010123      0.087270      
0      64.394334      0.087270      
0      63.313131      0.087270      
0      62.780837      0.087270      
0      61.724272      0.087270      
0      60.861945      0.087270      
0      60.159478      0.087270      
0      58.870285      0.087270      
0      56.956549      0.087270      
0      56.270126      0.087270      
0      55.771065      0.087270      
0      54.441191      0.087270      
0      53.083240      0.087270      
0      52.047875      0.087270      
0      51.097883      0.087270      
0      50.230972      0.087270      
0      49.220818      0.087270      
0      48.518924      0.087270      
0      47.173580      0.087270      
0      45.930797      0.087270      
0      45.615661      0.087270      
0      45.003724      0.087270      
0      44.393506      0.087270      
0      43.647493      0.087270      
0      42.498679      0.087270      
0      40.939042      0.087270      
0      39.152507      0.087270      
0      38.341748      0.087270      
0      38.177304      0.087270      
0      37.399204      0.087270      
0      36.067038      0.087270      
0      34.938851      0.087270      
0      33.755658      0.087270      
0      32.579341      0.087270      
0      31.283272      0.087270      
0      30.371670      0.087270      
0      29.965431      0.087270      
0      29.333439      0.087270      
0      28.530129      0.087270      
0      28.059144      0.087270      
0      27.348655      0.087270      
0      26.641031      0.087270      
0      25.910489      0.087270      
0      25.004616      0.087270      
0      24.668279      0.087270      
0      24.518733      0.087270      
0      24.241986      0.087270      
0      24.221932      0.087270      
0      23.975553      0.087270      
0      23.747509      0.087270      
0      23.493108      0.087270      
0      23.130415      0.087270      
0      22.783193      0.087270      
0      22.504154      0.087270      
0      22.289289      0.087270      
0      21.443005      0.087270      
0      20.863155      0.087270      
0      20.168136      0.087270      
0      18.919051      0.087270      
0      18.014897      0.087270      
0      17.144549      0.087270      
0      16.688461      0.087270      
0      16.200859      0.087270      
0      16.197995      0.087270      
0      16.310298      0.087270      
0      16.183670      0.087270      
0      16.093140      0.087270      
0      16.131530      0.087270      
0      16.083400      0.087270      
0      15.577463      0.087270      
0      15.294413      0.087270      
0      15.161483      0.087270      
0      14.767850      0.087270      
0      14.646952      0.087270      
0      14.430368      0.087270      
0      14.214356      0.087270      
0      13.698679      0.087270      
0      13.306764      0.087270      
0      13.051791      0.087270      
0      12.969282      0.087270      
0      12.846093      0.087270      
0      12.212956      0.087270      
0      11.721916      0.087270      
0      11.575235      0.087270      
0      11.220563      0.087270      
0      10.537005      0.087270      
0      9.642591      0.087270      
0      9.232914      0.087270      
0      9.133790      0.087270      
0      9.033519      0.087270      
0      8.739010      0.087270      
0      8.264587      0.087270      
0      7.929397      0.087270      
0      7.615407      0.087270      
0      7.008053      0.087270      
0      6.492949      0.087270      
0      6.197294      0.087270      
0      5.950342      0.087270      
0      5.375649      0.087270      
0      5.026707      0.087270      
0      4.829031      0.087270      
0      4.753398      0.087270      
0      4.659430      0.087270      
0      4.493268      0.087270      
0      4.330543      0.087270      
0      3.504313      0.087270      
0      3.249339      0.087270      
0      3.327837      0.087270      
0      2.923317      0.087270      
0      1.876492      0.087270      
0      1.395193      0.087270      
0      1.317842      0.087270      
0      0.993538      0.087270      
0      0.673245      0.087270      
0      0.665224      0.087270      
0      0.744867      0.087270      
0      0.659494      0.087270      
0      0.805602      0.087270      
0      0.826802      0.087270      
0      0.649180      0.087270      
0      0.664078      0.087270      
0      0.465255      0.087270      
0      0.301958      0.087270      
0      0.215438      0.087270      
0      0.048703      0.087270      
0      -0.312271      0.087270      
0      -0.500207      0.087270      
0      -0.779819      0.087270      
0      -0.779819      0.087270      
0      -0.972911      0.087270      
0      -1.089798      0.087270      
0      -1.214706      0.087270      
0      -1.435875      0.087270      
0      -1.536145      0.087270      
0      -1.503486      0.087270      
0      -1.653605      0.087270      
0      -1.674232      0.087270      
0      -1.700589      0.087270      
0      -1.899411      0.087270      
0      -1.908006      0.087270      
0      -2.060417      0.087270      
0      -2.160115      0.087270      
0      -2.330861      0.087270      
0      -2.449467      0.087270      
0      -2.521089      0.087270      
0      -2.689543      0.087270      
0      -2.682668      0.087270      
0      -2.725641      0.087270      
0      -2.771479      0.087270      
0      -2.788095      0.087270      
0      -2.950247      0.087270      
0      -2.977177      0.087270      
0      -3.024733      0.087270      
0      -3.128442      0.087270      
0      -3.194907      0.087270      
0      -3.222410      0.087270      
0      -3.349037      0.087270      
0      -3.312367      0.087270      
0      -3.488843      0.087270      
0      -3.711730      0.087270      
0      -3.657870      0.087270      
0      -3.895082      0.087270      
0      -4.068120      0.087270      
0      -4.034888      0.087270      
0      -4.459462      0.087270      
0      -4.539678      0.087270      
0      -4.637084      0.087270      
0      -4.792933      0.087270      
0      -4.798663      0.087270      
0      -4.796944      0.087270      
0      -4.877161      0.087270      
0      -4.865128      0.087270      
0      -5.186567      0.087270      
0      -5.184848      0.087270      
0      -5.152188      0.087270      
0      -5.183129      0.087270      
0      -5.264491      0.087270      
0      -5.411746      0.087270      
0      -5.385389      0.087270      
0      -5.278243      0.087270      
0      -5.324654      0.087270      
0      -5.204902      0.087270      
0      -5.254751      0.087270      
0      -5.249594      0.087270      
0      -5.133853      0.087270      
0      -5.156772      0.087270      
0      -5.095464      0.087270      
0      -5.180264      0.087270      
0      -5.175107      0.087270      
0      -5.196880      0.087270      
0      -5.148751      0.087270      
0      -5.163075      0.087270      
0      -5.281108      0.087270      
0      -5.355021      0.087270      
0      -5.454146      0.087270      
0      -5.820850      0.087270      
0      -5.755531      0.087270      
0      -5.843196      0.087270      
0      -5.949196      0.087270      
0      -5.997899      0.087270      
0      -5.981856      0.087270      
0      -5.979564      0.087270      
0      -5.896483      0.087270      
0      -5.971542      0.087270      
0      -5.966958      0.087270      
0      -6.186981      0.087270      
0      -6.147445      0.087270      
0      -6.228235      0.087270      
0      -6.403565      0.087270      
0      -6.350852      0.087270      
0      -6.572020      0.087270      
0      -6.666561      0.087270      
0      -6.606971      0.087270      
0      -6.640204      0.087270      
0      -6.489511      0.087270      
0      -6.537641      0.087270      
0      -6.560560      0.087270      
0      -6.527328      0.087270      
0      -6.664842      0.087270      
0      -6.636193      0.087270      
0      -6.573166      0.087270      
0      -6.649944      0.087270      
0      -6.633901      0.087270      
0      -6.700366      0.087270      
0      -6.611555      0.087270      
0      -6.449976      0.087270      
0      -6.597804      0.087270      
0      -6.437944      0.087270      
0      -6.436225      0.087270      
0      -6.433360      0.087270      
0      -6.385803      0.087270      
0      -6.529047      0.087270      
0      -6.486647      0.087270      
0      -6.505555      0.087270      
0      -6.605252      0.087270      
0      -6.466592      0.087270      
0      -6.385230      0.087270      
0      -6.401846      0.087270      
0      -6.249435      0.087270      
0      -6.324495      0.087270      
0      -6.203597      0.087270      
0      -6.326787      0.087270      
0      -6.292408      0.087270      
0      -6.350852      0.087270      
0      -6.549674      0.087270      
0      -6.465446      0.087270      
0      -6.420754      0.087270      
0      -6.637339      0.087270      
0      -6.597231      0.087270      
0      -6.680885      0.087270      
0      -6.537641      0.087270      
0      -6.616139      0.087270      
0      -6.531912      0.087270      
0      -6.366322      0.087270      
0      -6.358873      0.087270      
0      -6.271208      0.087270      
0      -6.336527      0.087270      
0      -6.229381      0.087270      
0      -6.208181      0.087270      
0      -6.107337      0.087270      
0      -6.088429      0.087270      
0      -6.102180      0.087270      
0      -6.001337      0.087270      
0      -5.921120      0.087270      
0      -5.155053      0.087270      
0      -4.305332      0.087270      
0      -3.769601      0.087270      
0      -2.495878      0.087270      
0      -0.968900      0.087270      
0      0.218876      0.087270      
0      0.752889      0.087270      
0      2.256947      0.087270      
0      3.710011      0.087270      
0      4.620468      0.087270      
0      4.858825      0.087270      
0      5.349865      0.087270      
0      6.099316      0.087270      
0      7.169059      0.087270      
0      8.084673      0.087270      
0      9.282190      0.087270      
0      10.206971      0.087270      
0      12.498870      0.087270      
0      14.477925      0.087270      
0      15.848480      0.087270      
0      17.433328      0.087270      
0      19.961865      0.087270      
0      21.500875      0.087270      
0      23.045042      0.087270      
0      24.782874      0.087270      
0      25.512271      0.087270      
0      26.992838      0.087270      
0      28.371988      0.087270      
0      29.967149      0.087270      
0      32.366194      0.087270      
0      33.342543      0.087270      
0      34.692472      0.087270      
0      36.235493      0.087270      
0      37.777940      0.087270      
0      39.001814      0.087270      
0      40.504154      0.087270      
0      41.398568      0.087270      
0      43.156454      0.087270      
0      44.239376      0.087270      
0      46.781665      0.087270      
0      48.135604      0.087270      
0      49.497565      0.087270      
0      50.343276      0.087270      
0      50.969537      0.087270      
0      51.585485      0.087270      
0      52.089702      0.087270      
0      53.135954      0.087270      
0      54.483591      0.087270      
0      56.480407      0.087270      
0      57.792519      0.087270      
0      58.943053      0.087270      
0      60.635620      0.087270      
0      62.017635      0.087270      
0      63.575553      0.106650      
0      65.048671      0.154180      
0      65.283018      0.177940      
0      65.692695      0.225390      
0      66.673054      0.270130      
0      67.569760      0.339820      
0      69.100748      0.387310      
0      70.325195      0.433670      
0      71.459685      0.436330      
0      72.988381      0.436330      
0      74.542289      0.436330      
