125      0.435501      0.010042      0.145579      1.320203      -1.014447      1.010619      
126      0.436511      0.010052      0.145669      1.323106      -1.008809      1.004970      
127      0.437511      0.010012      0.145739      1.328246      -0.998736      0.994878      
128      0.438421      0.009882      0.145829      1.333581      -0.988149      0.984271      
129      0.439761      0.009622      0.146019      1.338335      -0.978599      0.974703      
130      0.440591      0.009442      0.146169      1.339022      -0.977212      0.973313      
131      0.441381      0.009302      0.146389      1.337038      -0.981216      0.977324      
132      0.442221      0.009222      0.146589      1.335918      -0.983470      0.979582      
133      0.443191      0.009242      0.146719      1.336109      -0.983085      0.979197      
134      0.444151      0.009252      0.146839      1.335790      -0.983726      0.979839      
135      0.444581      0.009312      0.146909      1.336218      -0.982867      0.978978      
136      0.445541      0.009442      0.147069      1.337345      -0.980598      0.976705      
137      0.446961      0.009702      0.147329      1.339744      -0.975749      0.971847      
138      0.447941      0.010042      0.147569      1.343091      -0.968936      0.965021      
139      0.448961      0.010392      0.147999      1.349086      -0.956589      0.952652      
140      0.449721      0.010752      0.148169      1.352462      -0.949553      0.945603      
141      0.450401      0.011052      0.148249      1.353158      -0.948094      0.944141      
142      0.450941      0.011312      0.148379      1.354123      -0.946067      0.942111      
143      0.451271      0.011492      0.148439      1.355843      -0.942444      0.938481      
144      0.451861      0.011782      0.148529      1.356659      -0.940719      0.936753      
145      0.452421      0.012062      0.148589      1.358157      -0.937541      0.933569      
146      0.452961      0.012352      0.148659      1.358649      -0.936496      0.932523      
147      0.453581      0.012672      0.148779      1.360859      -0.931780      0.927798      
148      0.454341      0.013032      0.148959      1.363592      -0.925910      0.921918      
149      0.455121      0.013402      0.149149      1.366292      -0.920068      0.916065      
150      0.456021      0.013832      0.149369      1.370509      -0.910855      0.906836      
151      0.457111      0.014342      0.149669      1.378867      -0.892272      0.888221      
152      0.458151      0.014812      0.149899      1.386831      -0.874140      0.870059      
153      0.459151      0.015182      0.149899      1.393659      -0.858246      0.854137      
154      0.459951      0.015522      0.149859      1.398178      -0.847539      0.843413      
155      0.460331      0.015772      0.149749      1.404274      -0.832848      0.828699      
156      0.461351      0.016272      0.149739      1.409443      -0.820159      0.815989      
157      0.461681      0.016412      0.149719      1.410509      -0.817515      0.813341      
158      0.462501      0.016652      0.149619      1.411917      -0.814008      0.809828      
159      0.463351      0.016892      0.149429      1.414270      -0.808107      0.803918      
160      0.464271      0.017082      0.149209      1.417282      -0.800483      0.796282      
161      0.465341      0.017312      0.149069      1.418680      -0.796918      0.792711      
162      0.466351      0.017592      0.148979      1.420502      -0.792242      0.788029      
163      0.467361      0.017912      0.149019      1.423366      -0.784831      0.780607      
164      0.468701      0.018392      0.149149      1.425408      -0.779501      0.775268      
165      0.469511      0.018742      0.149229      1.426476      -0.776697      0.772460      
166      0.470361      0.019012      0.149439      1.428226      -0.772076      0.767832      
167      0.470721      0.019152      0.149559      1.428561      -0.771187      0.766941      
168      0.471451      0.019432      0.149809      1.430436      -0.766197      0.761943      
169      0.472281      0.019702      0.150159      1.433232      -0.758689      0.754424      
170      0.473131      0.019932      0.150489      1.435243      -0.753234      0.748961      
171      0.473961      0.020172      0.150789      1.437679      -0.746571      0.742289      
172      0.474821      0.020352      0.151009      1.440197      -0.739615      0.735323      
173      0.476041      0.020672      0.151189      1.445829      -0.723786      0.719471      
174      0.476631      0.020852      0.151259      1.449590      -0.713004      0.708674      
175      0.477091      0.021032      0.151239      1.453233      -0.702384      0.698039      
176      0.477311      0.021102      0.151199      1.454365      -0.699051      0.694701      
177      0.477611      0.021182      0.151049      1.459582      -0.683453      0.679082      
178      0.478121      0.021282      0.150969      1.464823      -0.667386      0.662994      
179      0.478751      0.021412      0.150789      1.469172      -0.653728      0.649318      
180      0.479461      0.021492      0.150629      1.472254      -0.643861      0.639438      
181      0.480601      0.021672      0.150159      1.474554      -0.636391      0.631959      
182      0.481371      0.021852      0.149709      1.477010      -0.628308      0.623865      
183      0.482071      0.022062      0.149249      1.479540      -0.619866      0.615412      
184      0.482381      0.022152      0.148989      1.480842      -0.615473      0.611014      
185      0.482971      0.022352      0.148289      1.483613      -0.606012      0.601541      
186      0.483521      0.022502      0.147609      1.487001      -0.594224      0.589738      
187      0.484381      0.022572      0.146739      1.490698      -0.581073      0.576572      
188      0.485041      0.022572      0.146079      1.491492      -0.578206      0.573702      
189      0.485801      0.022482      0.145459      1.492742      -0.573665      0.569155      
190      0.486521      0.022382      0.144929      1.493331      -0.571510      0.566998      
191      0.486851      0.022302      0.144669      1.493935      -0.569293      0.564779      
192      0.487531      0.022122      0.144289      1.494830      -0.565991      0.561472      
193      0.488411      0.021892      0.144019      1.495653      -0.562936      0.558414      
194      0.489001      0.021742      0.143889      1.497024      -0.557810      0.553282      
195      0.489521      0.021562      0.143879      1.497830      -0.554770      0.550238      
196      0.490131      0.021372      0.143879      1.499406      -0.548781      0.544242      
197      0.490671      0.021172      0.143889      1.500986      -0.542705      0.538159      
198      0.490921      0.021072      0.143909      1.501810      -0.539507      0.534958      
199      0.491461      0.020912      0.144079      1.503553      -0.532676      0.528119      
200      0.491881      0.020762      0.144239      1.504332      -0.529593      0.525033      
201      0.492231      0.020722      0.144299      1.505747      -0.523947      0.519381      
202      0.492401      0.020762      0.144299      1.507141      -0.518323      0.513750      
203      0.492531      0.020832      0.144369      1.507949      -0.515029      0.510453      
204      0.492701      0.020912      0.144419      1.508481      -0.512853      0.508275      
205      0.492901      0.021012      0.144469      1.510524      -0.504397      0.499809      
206      0.493171      0.021162      0.144629      1.512629      -0.495526      0.490929      
207      0.493331      0.021222      0.144699      1.513653      -0.491148      0.486546      
208      0.493371      0.021322      0.144739      1.516885      -0.477067      0.472450      
209      0.493621      0.021422      0.144579      1.519107      -0.467127      0.462501      
210      0.493931      0.021552      0.144249      1.521042      -0.458290      0.453655      
211      0.494311      0.021772      0.143469      1.523280      -0.447846      0.443201      
212      0.494671      0.021952      0.142789      1.524737      -0.440912      0.436260      
213      0.494671      0.021952      0.142789      1.525607      -0.436712      0.432056      
214      0.494671      0.021952      0.142789      1.527052      -0.429650      0.424987      
215      0.494671      0.021952      0.142789      1.528520      -0.422353      0.417684      
216      0.494671      0.021952      0.142789      1.529067      -0.419601      0.414929      
217      0.494671      0.021952      0.142789      1.530350      -0.413066      0.408387      
218      0.494671      0.021952      0.142789      1.532018      -0.404415      0.399729      
219      0.494671      0.021952      0.142789      1.533128      -0.398548      0.393856      
220      0.494671      0.021952      0.142789      1.534328      -0.392110      0.387412      
221      0.494671      0.021952      0.142789      1.534918      -0.388902      0.384202      
222      0.494671      0.021952      0.142789      1.535759      -0.384281      0.379577      
223      0.494671      0.021952      0.142789      1.536572      -0.379761      0.375052      
224      0.494671      0.021952      0.142789      1.537296      -0.375693      0.370981      
225      0.494671      0.021952      0.142789      1.539989      -0.360136      0.355410      
226      0.494671      0.021952      0.142789      1.541910      -0.348611      0.343876      
227      0.494671      0.021952      0.142789      1.542893      -0.342555      0.337814      
228      0.494671      0.021952      0.142789      1.543851      -0.336552      0.331807      
229      0.494671      0.021952      0.142789      1.544239      -0.334089      0.329342      
230      0.494671      0.021952      0.142789      1.544422      -0.332925      0.328176      
231      0.494671      0.021952      0.142789      1.544402      -0.333050      0.328302      
232      0.494671      0.021952      0.142789      1.544413      -0.332979      0.328231      
233      0.494671      0.021952      0.142789      1.544102      -0.334965      0.330218      
234      0.494671      0.021952      0.142789      1.544267      -0.333910      0.329162      
235      0.494671      0.021952      0.142789      1.544484      -0.332526      0.327777      
236      0.494671      0.021952      0.142789      1.544574      -0.331947      0.327198      
237      0.494671      0.021952      0.142789      1.544756      -0.330783      0.326033      
238      0.494671      0.021952      0.142789      1.544759      -0.330759      0.326009      
239      0.494671      0.021952      0.142789      1.545256      -0.327546      0.322793      
240      0.494671      0.021952      0.142789      1.545576      -0.325458      0.320704      
241      0.494671      0.021952      0.142789      1.545766      -0.324215      0.319460      
242      0.494671      0.021952      0.142789      1.546066      -0.322236      0.317480      
243      0.494671      0.021952      0.142789      1.546834      -0.317122      0.312361      
244      0.494671      0.021952      0.142789      1.548088      -0.308581      0.303814      
245      0.494671      0.021952      0.142789      1.548693      -0.304380      0.299609      
246      0.494671      0.021952      0.142789      1.548492      -0.305780      0.301011      
247      0.494671      0.021952      0.142789      1.549754      -0.296853      0.292077      
248      0.494671      0.021952      0.142789      1.551393      -0.284841      0.280056      
249      0.494671      0.021952      0.142789      1.552698      -0.274900      0.270108      
250      0.494671      0.021952      0.142789      1.553444      -0.269052      0.264255      
251      0.494671      0.021952      0.142789      1.553979      -0.264777      0.259977      
252      0.494671      0.021952      0.142789      1.554410      -0.261285      0.256482      
253      0.494671      0.021952      0.142789      1.554458      -0.260893      0.256091      
254      0.494671      0.021952      0.142789      1.555499      -0.252231      0.247423      
255      0.494671      0.021952      0.142789      1.555321      -0.253735      0.248928      
256      0.494671      0.021952      0.142789      1.555293      -0.253970      0.249163      
257      0.494671      0.021952      0.142789      1.555033      -0.256147      0.251342      
258      0.494671      0.021952      0.142789      1.555097      -0.255615      0.250809      
259      0.494671      0.021952      0.142789      1.555335      -0.253618      0.248810      
260      0.494671      0.021952      0.142789      1.555192      -0.254816      0.250009      
261      0.494671      0.021952      0.142789      1.555273      -0.254135      0.249327      
262      0.494671      0.021952      0.142789      1.555674      -0.250751      0.245942      
263      0.494671      0.021952      0.142789      1.555764      -0.249984      0.245174      
264      0.494671      0.021952      0.142789      1.556034      -0.247665      0.242854      
265      0.494671      0.021952      0.142789      1.556179      -0.246420      0.241607      
266      0.494601      0.021722      0.142619      1.556997      -0.239229      0.234411      
267      0.495031      0.021552      0.142419      1.557531      -0.234418      0.229598      
268      0.495211      0.021412      0.142439      1.557804      -0.231919      0.227097      
269      0.495221      0.021382      0.142439      1.558043      -0.229709      0.224886      
270      0.495331      0.021352      0.142479      1.559001      -0.220627      0.215798      
271      0.495361      0.021332      0.142339      1.559223      -0.218472      0.213641      
272      0.495351      0.021282      0.142319      1.559890      -0.211857      0.207022      
273      0.495371      0.021202      0.142269      1.560326      -0.207421      0.202583      
274      0.495231      0.021112      0.142159      1.561285      -0.197309      0.192465      
275      0.495501      0.020962      0.142219      1.561947      -0.190009      0.185161      
276      0.495871      0.020742      0.142429      1.562154      -0.187681      0.182831      
277      0.496071      0.020612      0.142529      1.562346      -0.185485      0.180634      
278      0.496401      0.020402      0.142599      1.562771      -0.180522      0.175668      
279      0.496581      0.020192      0.142579      1.562809      -0.180083      0.175228      
280      0.496691      0.019992      0.142519      1.562967      -0.178193      0.173337      
281      0.496781      0.019842      0.142539      1.563217      -0.175173      0.170316      
282      0.496851      0.019682      0.142339      1.563327      -0.173832      0.168975      
283      0.497171      0.019382      0.141949      1.563796      -0.167982      0.163121      
284      0.497551      0.019192      0.141689      1.563935      -0.166209      0.161347      
285      0.497761      0.019082      0.141579      1.563952      -0.165990      0.161127      
286      0.498161      0.018882      0.141429      1.564074      -0.164413      0.159550      
287      0.498441      0.018782      0.141129      1.564253      -0.162083      0.157219      
288      0.498681      0.018682      0.140719      1.564366      -0.160585      0.155720      
289      0.498921      0.018572      0.140429      1.564319      -0.161205      0.156340      
290      0.499141      0.018552      0.140079      1.564504      -0.158750      0.153884      
291      0.499371      0.018582      0.139649      1.564520      -0.158530      0.153664      
292      0.499521      0.018542      0.139229      1.564745      -0.155479      0.150611      
293      0.499641      0.018532      0.139089      1.564936      -0.152835      0.147966      
294      0.499711      0.018452      0.139099      1.565153      -0.149784      0.144912      
295      0.499791      0.018422      0.138999      1.565275      -0.148034      0.143162      
296      0.499861      0.018372      0.138939      1.565327      -0.147289      0.142416      
297      0.500011      0.018242      0.138869      1.565442      -0.145610      0.140737      
298      0.500131      0.018222      0.138669      1.565568      -0.143759      0.138884      
299      0.500321      0.018252      0.138329      1.565728      -0.141366      0.136490      
300      0.500691      0.018372      0.138029      1.566170      -0.134548      0.129668      
301      0.500961      0.018572      0.137569      1.566424      -0.130467      0.125586      
302      0.501181      0.018742      0.137149      1.566623      -0.127187      0.122305      
303      0.501331      0.018792      0.136989      1.566710      -0.125712      0.120829      
304      0.501661      0.018882      0.136799      1.566852      -0.123295      0.118410      
305      0.501811      0.018902      0.136649      1.567067      -0.119536      0.114650      
306      0.501971      0.018892      0.136499      1.567205      -0.117049      0.112161      
307      0.502121      0.018882      0.136399      1.567282      -0.115644      0.110755      
308      0.502551      0.018932      0.136209      1.567551      -0.110598      0.105707      
309      0.503001      0.019012      0.136069      1.567907      -0.103534      0.098640      
310      0.503731      0.019072      0.135719      1.568214      -0.097043      0.092146      
311      0.504121      0.019052      0.135599      1.568358      -0.093856      0.088958      
312      0.504811      0.019022      0.135359      1.568522      -0.090089      0.085188      
313      0.505151      0.019102      0.134959      1.568715      -0.085426      0.080523      
314      0.505281      0.019142      0.134639      1.568864      -0.081666      0.076762      
315      0.505161      0.019172      0.134409      1.569060      -0.076438      0.071531      
316      0.505111      0.019102      0.134279      1.569159      -0.073643      0.068735      
317      0.504891      0.018982      0.134119      1.569581      -0.060430      0.055517      
318      0.504961      0.018892      0.134049      1.569670      -0.057243      0.052328      
319      0.504991      0.018762      0.133829      1.569735      -0.054832      0.049917      
320      0.505021      0.018702      0.133759      1.569818      -0.051558      0.046641      
321      0.505021      0.018702      0.133759      1.569847      -0.050365      0.045448      
322      0.505021      0.018702      0.133759      1.569975      -0.044790      0.039871      
323      0.505021      0.018702      0.133759      1.570026      -0.042356      0.037436      
324      0.505021      0.018702      0.133759      1.570090      -0.039137      0.034215      
325      0.505021      0.018702      0.133759      1.570090      -0.039106      0.034184      
326      0.505021      0.018702      0.133759      1.570149      -0.035847      0.030924      
327      0.505021      0.018702      0.133759      1.570201      -0.032777      0.027853      
328      0.505021      0.018702      0.133759      1.570244      -0.029997      0.025072      
329      0.505021      0.018702      0.133759      1.570276      -0.027712      0.022786      
330      0.505021      0.018702      0.133759      1.570288      -0.026841      0.021915      
331      0.505021      0.018702      0.133759      1.570324      -0.023951      0.019024      
332      0.505021      0.018702      0.133759      1.570337      -0.022899      0.017971      
333      0.505021      0.018702      0.133759      1.570351      -0.021580      0.016652      
334      0.505021      0.018702      0.133759      1.570362      -0.020598      0.015670      
335      0.505021      0.018702      0.133759      1.570392      -0.017473      0.012544      
336      0.505021      0.018702      0.133759      1.570426      -0.013154      0.008223      
337      0.505021      0.018702      0.133759      1.570434      -0.011921      0.006990      
338      0.505021      0.018702      0.133759      1.570453      -0.008655      0.003722      
339      0.505021      0.018702      0.133759      1.570469      -0.004595      -0.000339      
340      0.505021      0.018702      0.133759      1.570471      -0.003684      -0.001250      
341      0.505021      0.018702      0.133759      1.570476      -0.001352      -0.003583      
342      0.505021      0.018702      0.133759      1.570478      0.003611      -0.008547      
343      0.505021      0.018702      0.133759      1.570472      0.006933      -0.011870      
344      0.505021      0.018702      0.133759      1.570473      0.006894      -0.011831      
345      0.505021      0.018702      0.133759      1.570473      0.006901      -0.011839      
346      0.505021      0.018702      0.133759      1.570472      0.007113      -0.012051      
347      0.505021      0.018702      0.133759      1.570475      0.005582      -0.010519      
348      0.505021      0.018702      0.133759      1.570474      0.006344      -0.011281      
349      0.505021      0.018702      0.133759      1.570473      0.006658      -0.011595      
350      0.505021      0.018702      0.133759      1.570466      0.009320      -0.014258      
351      0.505021      0.018702      0.133759      1.570464      0.009807      -0.014745      
352      0.505021      0.018702      0.133759      1.570463      0.010011      -0.014949      
353      0.505021      0.018702      0.133759      1.570461      0.010608      -0.015546      
354      0.505021      0.018702      0.133759      1.570462      0.010286      -0.015224      
355      0.505021      0.018702      0.133759      1.570457      0.011582      -0.016520      
356      0.505021      0.018702      0.133759      1.570465      0.009501      -0.014439      
357      0.505021      0.018702      0.133759      1.570454      0.012068      -0.017007      
358      0.505021      0.018702      0.133759      1.570451      0.012712      -0.017652      
359      0.505021      0.018702      0.133759      1.570448      0.013286      -0.018225      
360      0.505021      0.018702      0.133759      1.570440      0.014668      -0.019607      
361      0.505021      0.018702      0.133759      1.570443      0.014275      -0.019215      
362      0.505021      0.018702      0.133759      1.570430      0.016387      -0.021328      
363      0.505021      0.018702      0.133759      1.570425      0.017023      -0.021964      
364      0.505021      0.018702      0.133759      1.570422      0.017471      -0.022412      
365      0.505021      0.018702      0.133759      1.570420      0.017777      -0.022718      
366      0.505021      0.018702      0.133759      1.570409      0.019199      -0.024140      
367      0.505021      0.018702      0.133759      1.570401      0.020149      -0.025090      
368      0.505021      0.018702      0.133759      1.570381      0.022379      -0.027321      
369      0.505021      0.018702      0.133759      1.570381      0.022348      -0.027290      
370      0.505021      0.018702      0.133759      1.570368      0.023683      -0.028625      
371      0.505021      0.018702      0.133759      1.570365      0.024028      -0.028971      
372      0.505021      0.018702      0.133759      1.570339      0.026392      -0.031335      
373      0.505021      0.018702      0.133759      1.570309      0.028897      -0.033841      
374      0.505021      0.018702      0.133759      1.570288      0.030577      -0.035521      
375      0.505021      0.018702      0.133759      1.570260      0.032587      -0.037532      
376      0.505021      0.018702      0.133759      1.570223      0.035077      -0.040022      
377      0.505021      0.018702      0.133759      1.570213      0.035713      -0.040658      
378      0.505021      0.018702      0.133759      1.570220      0.035289      -0.040234      
379      0.505021      0.018702      0.133759      1.570210      0.035933      -0.040878      
380      0.505021      0.018702      0.133759      1.570189      0.037197      -0.042143      
381      0.505021      0.018702      0.133759      1.570012      0.046738      -0.051686      
382      0.505021      0.018702      0.133759      1.569971      0.048685      -0.053634      
383      0.505021      0.018702      0.133759      1.569962      0.049109      -0.054058      
384      0.505021      0.018702      0.133759      1.569969      0.048756      -0.053705      
385      0.505021      0.018702      0.133759      1.570037      0.045536      -0.050484      
386      0.505021      0.018702      0.133759      1.570056      0.044563      -0.049511      
387      0.505021      0.018702      0.133759      1.570048      0.045002      -0.049950      
388      0.505021      0.018702      0.133759      1.570134      0.040409      -0.045355      
389      0.505021      0.018702      0.133759      1.570176      0.037982      -0.042928      
390      0.505021      0.018702      0.133759      1.570191      0.037071      -0.042017      
391      0.505021      0.018702      0.133759      1.570195      0.036836      -0.041782      
392      0.505021      0.018702      0.133759      1.570169      0.038422      -0.043368      
393      0.505021      0.018702      0.133759      1.570173      0.038202      -0.043148      
394      0.505021      0.018702      0.133759      1.570170      0.038351      -0.043298      
395      0.505021      0.018702      0.133759      1.570152      0.039419      -0.044366      
396      0.505021      0.018702      0.133759      1.570184      0.037542      -0.042489      
397      0.505021      0.018702      0.133759      1.570204      0.036317      -0.041263      
398      0.505021      0.018702      0.133759      1.570205      0.036215      -0.041161      
399      0.505021      0.018702      0.133759      1.570215      0.035587      -0.040533      
400      0.505021      0.018702      0.133759      1.570230      0.034606      -0.039551      
401      0.505021      0.018702      0.133759      1.570222      0.035116      -0.040061      
402      0.505021      0.018702      0.133759      1.570232      0.034472      -0.039417      
403      0.505021      0.018702      0.133759      1.570247      0.033451      -0.038396      
404      0.505021      0.018702      0.133759      1.570226      0.034904      -0.039849      
405      0.505021      0.018702      0.133759      1.570216      0.035524      -0.040470      
406      0.505021      0.018702      0.133759      1.570196      0.036765      -0.041711      
407      0.505021      0.018702      0.133759      1.570179      0.037849      -0.042795      
408      0.505021      0.018702      0.133759      1.570143      0.039922      -0.044869      
409      0.505021      0.018702      0.133759      1.570156      0.039199      -0.044146      
410      0.505021      0.018702      0.133759      1.570143      0.039914      -0.044861      
411      0.505021      0.018702      0.133759      1.570141      0.040047      -0.044994      
412      0.505021      0.018702      0.133759      1.570139      0.040142      -0.045088      
413      0.505021      0.018702      0.133759      1.570123      0.041068      -0.046015      
414      0.505021      0.018702      0.133759      1.570156      0.039176      -0.044122      
415      0.505021      0.018702      0.133759      1.570161      0.038877      -0.043824      
416      0.505021      0.018702      0.133759      1.570169      0.038414      -0.043360      
417      0.505021      0.018702      0.133759      1.570228      0.034763      -0.039708      
418      0.505021      0.018702      0.133759      1.570263      0.032375      -0.037320      
419      0.505021      0.018702      0.133759      1.570311      0.028716      -0.033660      
420      0.505021      0.018702      0.133759      1.570312      0.028645      -0.033589      
421      0.505021      0.018702      0.133759      1.570326      0.027538      -0.032482      
422      0.505021      0.018702      0.133759      1.570360      0.024460      -0.029403      
423      0.505021      0.018702      0.133759      1.570400      0.020204      -0.025145      
424      0.505021      0.018702      0.133759      1.570418      0.018029      -0.022969      
425      0.505021      0.018702      0.133759      1.570426      0.016898      -0.021838      
426      0.505021      0.018702      0.133759      1.570411      0.018908      -0.023849      
427      0.505021      0.018702      0.133759      1.570339      0.026400      -0.031343      
428      0.505021      0.018702      0.133759      1.570146      0.039780      -0.044727      
429      0.505021      0.018702      0.133759      1.570030      0.045882      -0.050830      
430      0.505021      0.018702      0.133759      1.569893      0.052156      -0.057106      
431      0.505021      0.018702      0.133759      1.569843      0.054237      -0.059187      
432      0.505021      0.018702      0.133759      1.569946      0.049831      -0.054781      
433      0.505021      0.018702      0.133759      1.570049      0.044932      -0.049880      
434      0.505021      0.018702      0.133759      1.570151      0.039498      -0.044444      
435      0.505021      0.018702      0.133759      1.570304      0.029329      -0.034273      
436      0.505021      0.018702      0.133759      1.570454      0.012178      -0.017117      
437      0.505021      0.018702      0.133759      1.570472      -0.003299      -0.001635      
438      0.505021      0.018702      0.133759      1.570432      -0.012377      0.007446      
439      0.505021      0.018702      0.133759      1.570300      -0.025891      0.020964      
440      0.505021      0.018702      0.133759      1.569940      -0.046400      0.041481      
441      0.505021      0.018702      0.133759      1.569893      -0.048441      0.043523      
442      0.505021      0.018702      0.133759      1.569814      -0.051715      0.046798      
443      0.505021      0.018702      0.133759      1.569703      -0.056034      0.051118      
444      0.505021      0.018702      0.133759      1.569448      -0.064858      0.059947      
445      0.505021      0.018702      0.133759      1.569457      -0.064583      0.059672      
446      0.505021      0.018702      0.133759      1.569259      -0.070738      0.065829      
447      0.504931      0.018642      0.133939      1.569164      -0.073510      0.068602      
448      0.504851      0.018622      0.133929      1.569187      -0.072842      0.067934      
449      0.504801      0.018562      0.133689      1.569163      -0.073525      0.068617      
450      0.504821      0.018432      0.133679      1.569279      -0.070149      0.065240      
451      0.504621      0.018402      0.133209      1.569465      -0.064316      0.059405      
452      0.504571      0.018302      0.133009      1.569640      -0.058350      0.053435      
453      0.504501      0.018142      0.132999      1.569827      -0.051181      0.046264      
454      0.504211      0.017982      0.132759      1.569976      -0.044751      0.039831      
455      0.504001      0.017802      0.132549      1.570119      -0.037582      0.032660      
456      0.503821      0.017682      0.132389      1.570262      -0.028702      0.023776      
457      0.503691      0.017452      0.132249      1.570336      -0.022970      0.018042      
458      0.503391      0.017242      0.131909      1.570372      -0.019585      0.014657      
459      0.503261      0.017092      0.131739      1.570411      -0.015196      0.010266      
460      0.503211      0.016952      0.131659      1.570423      -0.013641      0.008710      
461      0.503181      0.016832      0.131579      1.570465      -0.005647      0.000714      
462      0.503131      0.016662      0.131519      1.570460      -0.007037      0.002104      
463      0.502811      0.016582      0.131109      1.570465      -0.005867      0.000934      
464      0.502741      0.016532      0.131079      1.570467      -0.005152      0.000219      
465      0.502701      0.016442      0.131009      1.570468      -0.004791      -0.000143      
466      0.502781      0.016262      0.131049      1.570473      -0.003087      -0.001847      
467      0.502931      0.016092      0.131149      1.570477      -0.000378      -0.004557      
468      0.503091      0.015972      0.131169      1.570477      -0.000245      -0.004691      
469      0.503201      0.015862      0.131239      1.570478      0.001483      -0.006419      
470      0.503291      0.015822      0.131289      1.570464      0.009626      -0.014564      
471      0.503331      0.015762      0.131269      1.570461      0.010569      -0.015507      
472      0.503341      0.015732      0.131259      1.570432      0.015995      -0.020935      
473      0.503351      0.015702      0.131289      1.570416      0.018256      -0.023197      
474      0.503361      0.015692      0.131099      1.570399      0.020369      -0.025310      
475      0.503391      0.015652      0.130899      1.570367      0.023785      -0.028727      
476      0.503371      0.015532      0.130829      1.570353      0.025167      -0.030109      
477      0.503361      0.015412      0.130719      1.570325      0.027593      -0.032537      
478      0.503431      0.015152      0.130779      1.570254      0.033027      -0.037972      
479      0.503511      0.014992      0.130839      1.570192      0.037008      -0.041954      
480      0.503581      0.014852      0.130919      1.570163      0.038791      -0.043737      
481      0.503631      0.014762      0.131019      1.570110      0.041744      -0.046691      
482      0.503691      0.014732      0.131079      1.570118      0.041335      -0.046282      
483      0.503801      0.014722      0.131159      1.570090      0.042811      -0.047759      
484      0.504031      0.014712      0.131309      1.570014      0.046667      -0.051615      
485      0.504251      0.014632      0.131349      1.569945      0.049871      -0.054820      
486      0.504381      0.014562      0.131459      1.569887      0.052407      -0.057357      
487      0.504491      0.014462      0.131539      1.569852      0.053875      -0.058826      
488      0.504631      0.014412      0.131579      1.569818      0.055265      -0.060216      
489      0.504711      0.014372      0.131649      1.569802      0.055901      -0.060852      
490      0.504871      0.014292      0.131839      1.569801      0.055948      -0.060899      
491      0.504941      0.014292      0.131839      1.569730      0.058712      -0.063664      
492      0.505091      0.014262      0.131969      1.569757      0.057692      -0.062643      
493      0.505241      0.014262      0.132109      1.569636      0.062183      -0.067135      
494      0.505421      0.014252      0.132309      1.569580      0.064154      -0.069107      
495      0.505401      0.014212      0.132249      1.569609      0.063164      -0.068117      
496      0.505391      0.014192      0.132239      1.569578      0.064240      -0.069193      
497      0.505411      0.014152      0.132289      1.569549      0.065222      -0.070175      
498      0.505511      0.014042      0.132409      1.569534      0.065740      -0.070693      
499      0.505611      0.013852      0.132499      1.569419      0.069509      -0.074463      
500      0.505651      0.013682      0.132589      1.569382      0.070679      -0.075633      
501      0.505711      0.013552      0.132629      1.569325      0.072445      -0.077400      
502      0.505771      0.013382      0.132769      1.569219      0.075633      -0.080588      
503      0.505891      0.013242      0.132749      1.569125      0.078326      -0.083282      
504      0.505971      0.013082      0.132769      1.569095      0.079166      -0.084122      
505      0.506001      0.013012      0.132779      1.569019      0.081255      -0.086211      
506      0.506181      0.012842      0.132849      1.568819      0.086531      -0.091488      
507      0.506431      0.012662      0.133059      1.568787      0.087340      -0.092297      
508      0.506581      0.012602      0.133089      1.568739      0.088557      -0.093514      
509      0.506661      0.012602      0.133079      1.568714      0.089161      -0.094119      
510      0.506651      0.012632      0.133089      1.568675      0.090127      -0.095085      
511      0.506661      0.012662      0.133089      1.568546      0.093228      -0.098187      
512      0.506701      0.012692      0.133099      1.568468      0.095049      -0.100008      
513      0.506731      0.012712      0.133149      1.568522      0.093785      -0.098744      
514      0.506701      0.012742      0.133099      1.568429      0.095960      -0.100919      
515      0.506701      0.012742      0.133079      1.568380      0.097083      -0.102042      
516      0.506731      0.012732      0.133129      1.568389      0.096879      -0.101838      
517      0.506731      0.012732      0.133129      1.568339      0.098001      -0.102961      
518      0.506731      0.012732      0.133129      1.568235      0.100309      -0.105269      
519      0.506731      0.012732      0.133129      1.568121      0.102767      -0.107727      
520      0.506731      0.012732      0.133129      1.568007      0.105192      -0.110153      
521      0.506731      0.012732      0.133129      1.567775      0.109918      -0.114880      
522      0.506731      0.012732      0.133129      1.567687      0.111661      -0.116623      
523      0.506731      0.012732      0.133129      1.567487      0.115539      -0.120501      
524      0.506731      0.012732      0.133129      1.567347      0.118161      -0.123123      
525      0.506731      0.012732      0.133129      1.567131      0.122101      -0.127064      
526      0.506731      0.012732      0.133129      1.567054      0.123482      -0.128446      
527      0.506731      0.012732      0.133129      1.566941      0.125460      -0.130424      
528      0.506731      0.012732      0.133129      1.566899      0.126190      -0.131154      
529      0.506731      0.012732      0.133129      1.566721      0.129244      -0.134208      
530      0.506731      0.012732      0.133129      1.566686      0.129832      -0.134797      
531      0.506731      0.012732      0.133129      1.566708      0.129463      -0.134428      
532      0.506731      0.012732      0.133129      1.566495      0.133027      -0.137992      
533      0.506731      0.012732      0.133129      1.566474      0.133372      -0.138337      
534      0.506731      0.012732      0.133129      1.566488      0.133129      -0.138094      
535      0.506731      0.012732      0.133129      1.566282      0.136488      -0.141453      
536      0.506731      0.012732      0.133129      1.566221      0.137461      -0.142427      
537      0.506731      0.012732      0.133129      1.566168      0.138301      -0.143266      
538      0.506731      0.012732      0.133129      1.565943      0.141809      -0.146775      
539      0.506731      0.012732      0.133129      1.565675      0.145882      -0.150848      
540      0.506731      0.012732      0.133129      1.565479      0.148794      -0.153760      
541      0.506731      0.012732      0.133129      1.565349      0.150677      -0.155644      
542      0.506731      0.012732      0.133129      1.565261      0.151948      -0.156915      
543      0.506731      0.012732      0.133129      1.565232      0.152364      -0.157331      
544      0.506731      0.012732      0.133129      1.565244      0.152199      -0.157166      
545      0.506731      0.012732      0.133129      1.565206      0.152749      -0.157716      
546      0.506731      0.012732      0.133129      1.565236      0.152309      -0.157276      
547      0.506731      0.012732      0.133129      1.565214      0.152623      -0.157590      
548      0.506731      0.012732      0.133129      1.565164      0.153345      -0.158312      
549      0.506731      0.012732      0.133129      1.565047      0.155001      -0.159968      
550      0.506731      0.012732      0.133129      1.565070      0.154679      -0.159646      
551      0.506731      0.012732      0.133129      1.564944      0.156445      -0.161412      
552      0.506731      0.012732      0.133129      1.564717      0.159583      -0.164551      
553      0.506731      0.012732      0.133129      1.564588      0.161325      -0.166293      
554      0.506731      0.012732      0.133129      1.564337      0.164692      -0.169659      
555      0.506731      0.012732      0.133129      1.564167      0.166920      -0.171888      
556      0.506731      0.012732      0.133129      1.563990      0.169219      -0.174187      
557      0.506731      0.012732      0.133129      1.563878      0.170662      -0.175631      
558      0.506731      0.012732      0.133129      1.563762      0.172137      -0.177106      
559      0.506731      0.012732      0.133129      1.563678      0.173196      -0.178165      
560      0.506731      0.012732      0.133129      1.563527      0.175087      -0.180056      
561      0.506731      0.012732      0.133129      1.563479      0.175683      -0.180652      
562      0.506731      0.012732      0.133129      1.563294      0.177958      -0.182927      
563      0.506731      0.012732      0.133129      1.563227      0.178782      -0.183751      
564      0.506731      0.012732      0.133129      1.563245      0.178563      -0.183531      
565      0.506731      0.012732      0.133129      1.563077      0.180594      -0.185563      
566      0.506731      0.012732      0.133129      1.563102      0.180288      -0.185257      
567      0.506731      0.012732      0.133129      1.563026      0.181206      -0.186175      
568      0.506731      0.012732      0.133129      1.563210      0.178986      -0.183955      
569      0.506731      0.012732      0.133129      1.563134      0.179912      -0.184881      
570      0.506731      0.012732      0.133129      1.563092      0.180414      -0.185383      
571      0.506731      0.012732      0.133129      1.562931      0.182352      -0.187321      
572      0.506731      0.012732      0.133129      1.562780      0.184140      -0.189109      
573      0.506731      0.012732      0.133129      1.562515      0.187246      -0.192216      
574      0.506731      0.012732      0.133129      1.562288      0.189866      -0.194836      
575      0.506731      0.012732      0.133129      1.562104      0.191961      -0.196930      
576      0.506731      0.012732      0.133129      1.561899      0.194275      -0.199244      
577      0.506731      0.012732      0.133129      1.561549      0.198157      -0.203127      
578      0.506731      0.012732      0.133129      1.561328      0.200565      -0.205535      
579      0.506731      0.012732      0.133129      1.561143      0.202557      -0.207527      
580      0.506731      0.012732      0.133129      1.560780      0.206423      -0.211393      
581      0.506731      0.012732      0.133129      1.560133      0.213120      -0.218090      
582      0.506731      0.012732      0.133129      1.559867      0.215809      -0.220779      
583      0.506731      0.012732      0.133129      1.559534      0.219142      -0.224112      
584      0.506731      0.012732      0.133129      1.559348      0.220976      -0.225946      
585      0.506731      0.012732      0.133129      1.559345      0.221000      -0.225970      
586      0.506731      0.012732      0.133129      1.558997      0.224395      -0.229365      
587      0.506731      0.012732      0.133129      1.559062      0.223768      -0.228738      
588      0.506731      0.012732      0.133129      1.558878      0.225547      -0.230517      
589      0.506731      0.012732      0.133129      1.558440      0.229718      -0.234688      
590      0.506731      0.012732      0.133129      1.558522      0.228942      -0.233912      
591      0.506731      0.012732      0.133129      1.558082      0.233073      -0.238043      
592      0.506731      0.012732      0.133129      1.557674      0.236844      -0.241813      
593      0.506731      0.012732      0.133129      1.557437      0.238999      -0.243969      
594      0.506731      0.012732      0.133129      1.556993      0.242996      -0.247966      
595      0.506731      0.012732      0.133129      1.556978      0.243130      -0.248099      
596      0.506731      0.012732      0.133129      1.557078      0.242236      -0.247206      
597      0.506731      0.012732      0.133129      1.557218      0.240974      -0.245944      
598      0.506731      0.012732      0.133129      1.557213      0.241021      -0.245991      
599      0.506731      0.012732      0.133129      1.557166      0.241445      -0.246414      
600      0.506731      0.012732      0.133129      1.556904      0.243788      -0.248758      
601      0.506731      0.012732      0.133129      1.556567      0.246766      -0.251736      
602      0.506731      0.012732      0.133129      1.556489      0.247448      -0.252417      
603      0.506731      0.012732      0.133129      1.556353      0.248631      -0.253601      
604      0.506731      0.012732      0.133129      1.556144      0.250450      -0.255419      
605      0.506731      0.012732      0.133129      1.555960      0.252033      -0.257002      
606      0.506731      0.012732      0.133129      1.555537      0.255645      -0.260614      
607      0.506731      0.012732      0.133129      1.555271      0.257886      -0.262855      
608      0.506731      0.012732      0.133129      1.555156      0.258850      -0.263819      
609      0.506731      0.012732      0.133129      1.554409      0.265024      -0.269992      
610      0.506731      0.012732      0.133129      1.554214      0.266614      -0.271583      
611      0.506731      0.012732      0.133129      1.553431      0.272889      -0.277857      
612      0.506731      0.012732      0.133129      1.553142      0.275169      -0.280136      
613      0.506731      0.012732      0.133129      1.552475      0.280362      -0.285329      
614      0.506731      0.012732      0.133129      1.552534      0.279908      -0.284875      
615      0.506731      0.012732      0.133129      1.552247      0.282116      -0.287083      
616      0.506731      0.012732      0.133129      1.552050      0.283620      -0.288587      
617      0.506731      0.012732      0.133129      1.551630      0.286800      -0.291766      
618      0.506731      0.012732      0.133129      1.551274      0.289470      -0.294436      
619      0.506731      0.012732      0.133129      1.551055      0.291099      -0.296065      
620      0.506731      0.012732      0.133129      1.550780      0.293135      -0.298101      
621      0.506731      0.012732      0.133129      1.550484      0.295304      -0.300269      
622      0.506731      0.012732      0.133129      1.550156      0.297692      -0.302657      
623      0.506731      0.012732      0.133129      1.550051      0.298459      -0.303424      
624      0.506731      0.012732      0.133129      1.549748      0.300635      -0.305601      
625      0.506731      0.012732      0.133129      1.549838      0.299994      -0.304959      
626      0.506731      0.012732      0.133129      1.549949      0.299195      -0.304160      
627      0.506731      0.012732      0.133129      1.549949      0.299195      -0.304160      
628      0.506731      0.012732      0.133129      1.549772      0.300463      -0.305428      
629      0.506731      0.012732      0.133129      1.549780      0.300408      -0.305374      
630      0.506731      0.012732      0.133129      1.549132      0.305027      -0.309992      
631      0.506731      0.012732      0.133129      1.548953      0.306296      -0.311260      
632      0.506731      0.012732      0.133129      1.549033      0.305732      -0.310696      
633      0.506731      0.012732      0.133129      1.548696      0.308096      -0.313060      
634      0.506731      0.012732      0.133129      1.548259      0.311141      -0.316105      
635      0.506731      0.012732      0.133129      1.547547      0.316040      -0.321004      
636      0.506731      0.012732      0.133129      1.547558      0.315962      -0.320925      
637      0.506731      0.012732      0.133129      1.547310      0.317653      -0.322615      
638      0.506731      0.012732      0.133129      1.547343      0.317426      -0.322389      
639      0.506731      0.012732      0.133129      1.546629      0.322239      -0.327201      
640      0.506731      0.012732      0.133129      1.546409      0.323710      -0.328672      
641      0.506731      0.012732      0.133129      1.546151      0.325423      -0.330385      
642      0.506731      0.012732      0.133129      1.546151      0.325423      -0.330385      
643      0.506731      0.012732      0.133129      1.545790      0.327802      -0.332763      
644      0.506731      0.012732      0.133129      1.545901      0.327074      -0.332036      
645      0.506731      0.012732      0.133129      1.545352      0.330666      -0.335626      
646      0.506731      0.012732      0.133129      1.545349      0.330689      -0.335650      
647      0.506731      0.012732      0.133129      1.544545      0.335884      -0.340844      
648      0.506731      0.012732      0.133129      1.545122      0.332160      -0.337120      
649      0.506731      0.012732      0.133129      1.545104      0.332277      -0.337238      
650      0.506731      0.012732      0.133129      1.545214      0.331565      -0.336526      
651      0.506731      0.012732      0.133129      1.546099      0.325768      -0.330729      
652      0.506731      0.012732      0.133129      1.546836      0.320853      -0.325816      
653      0.506731      0.012732      0.133129      1.547931      0.313411      -0.318374      
654      0.506731      0.012732      0.133129      1.549916      0.299430      -0.304395      
655      0.506731      0.012732      0.133129      1.552653      0.278983      -0.283951      
656      0.506731      0.012732      0.133129      1.554082      0.267680      -0.272648      
657      0.506731      0.012732      0.133129      1.554946      0.260597      -0.265566      
658      0.506731      0.012732      0.133129      1.555434      0.256515      -0.261484      
659      0.506731      0.012732      0.133129      1.556033      0.251406      -0.256375      
660      0.506731      0.012732      0.133129      1.556693      0.245653      -0.250623      
661      0.506731      0.012732      0.133129      1.557613      0.237400      -0.242370      
662      0.506731      0.012732      0.133129      1.558323      0.230823      -0.235793      
663      0.506731      0.012732      0.133129      1.558802      0.226269      -0.231239      
664      0.506731      0.012732      0.133129      1.560039      0.214076      -0.219047      
665      0.506731      0.012732      0.133129      1.560754      0.206697      -0.211667      
666      0.506731      0.012732      0.133129      1.561618      0.197396      -0.202366      
667      0.506731      0.012732      0.133129      1.561897      0.194298      -0.199268      
668      0.506731      0.012732      0.133129      1.562301      0.189717      -0.194687      
669      0.506731      0.012732      0.133129      1.563227      0.178774      -0.183743      
670      0.506731      0.012732      0.133129      1.563916      0.170176      -0.175144      
671      0.506731      0.012732      0.133129      1.564606      0.161082      -0.166050      
672      0.506731      0.012732      0.133129      1.565282      0.151650      -0.156617      
673      0.506731      0.012732      0.133129      1.565628      0.146581      -0.151547      
674      0.506731      0.012732      0.133129      1.566013      0.140726      -0.145692      
675      0.506731      0.012732      0.133129      1.566401      0.134565      -0.139530      
676      0.506731      0.012732      0.133129      1.566646      0.130507      -0.135472      
677      0.506731      0.012732      0.133129      1.567132      0.122077      -0.127041      
678      0.506731      0.012732      0.133129      1.567629      0.112807      -0.117769      
679      0.506731      0.012732      0.133129      1.567964      0.106079      -0.111040      
680      0.506731      0.012732      0.133129      1.568304      0.098786      -0.103746      
681      0.506731      0.012732      0.133129      1.568536      0.093456      -0.098414      
682      0.506731      0.012732      0.133129      1.568856      0.085589      -0.090546      
683      0.506731      0.012732      0.133129      1.569243      0.074919      -0.079874      
684      0.506731      0.012732      0.133129      1.569617      0.062858      -0.067811      
685      0.506731      0.012732      0.133129      1.569821      0.055155      -0.060106      
686      0.506731      0.012732      0.133129      1.570129      0.040707      -0.045654      
687      0.506731      0.012732      0.133129      1.570206      0.036153      -0.041098      
688      0.506731      0.012732      0.133129      1.570275      0.031535      -0.036480      
689      0.506731      0.012732      0.133129      1.570374      0.023109      -0.028052      
690      0.506731      0.012732      0.133129      1.570418      0.018052      -0.022993      
691      0.506731      0.012732      0.133129      1.570452      0.012571      -0.017510      
692      0.506731      0.012732      0.133129      1.570473      0.006627      -0.011564      
693      0.506731      0.012732      0.133129      1.570388      -0.017858      0.012928      
694      0.506731      0.012732      0.133129      1.570212      -0.032047      0.027122      
695      0.506731      0.012732      0.133129      1.569949      -0.045992      0.041073      
696      0.506731      0.012732      0.133129      1.569576      -0.060587      0.055674      
697      0.506731      0.012732      0.133129      1.569330      -0.068595      0.063685      
698      0.506731      0.012732      0.133129      1.569047      -0.076799      0.071892      
699      0.506731      0.012732      0.133129      1.568765      -0.084186      0.079282      
700      0.506731      0.012732      0.133129      1.568676      -0.086392      0.081489      
701      0.506731      0.012732      0.133129      1.568405      -0.092781      0.087882      
702      0.506731      0.012732      0.133129      1.568287      -0.095434      0.090536      
703      0.506731      0.012732      0.133129      1.568133      -0.098809      0.093913      
704      0.505851      0.012852      0.133299      1.567729      -0.107129      0.102236      
705      0.505031      0.013032      0.133549      1.567425      -0.112984      0.108094      
706      0.504081      0.013072      0.133919      1.566912      -0.122252      0.117366      
707      0.503161      0.013102      0.134219      1.566477      -0.129596      0.124715      
708      0.502401      0.013192      0.134619      1.566148      -0.134893      0.130014      
709      0.501541      0.013142      0.135039      1.565491      -0.144896      0.140022      
710      0.500611      0.013142      0.135489      1.565038      -0.151408      0.146537      
711      0.499791      0.013192      0.135709      1.564616      -0.157228      0.152361      
712      0.499311      0.013162      0.135829      1.564233      -0.162342      0.157478      
713      0.498201      0.013082      0.136069      1.563657      -0.169739      0.164878      
714      0.497441      0.013102      0.136289      1.563508      -0.171605      0.166746      
715      0.496261      0.012992      0.136839      1.562692      -0.181455      0.176601      
716      0.495521      0.012942      0.137169      1.562318      -0.185799      0.180948      
717      0.494601      0.012882      0.137389      1.561747      -0.192252      0.187405      
718      0.493691      0.012822      0.137609      1.561147      -0.198798      0.193955      
719      0.492911      0.012832      0.137629      1.561019      -0.200162      0.195320      
720      0.491981      0.012702      0.137739      1.560327      -0.207405      0.202568      
721      0.491451      0.012642      0.137839      1.559943      -0.211324      0.206489      
722      0.490061      0.012542      0.138109      1.559073      -0.219930      0.215100      
723      0.489321      0.012492      0.138289      1.558638      -0.224115      0.219287      
724      0.488571      0.012382      0.138649      1.557805      -0.231911      0.227089      
725      0.487871      0.012222      0.138799      1.556852      -0.240521      0.235705      
726      0.487231      0.012132      0.138749      1.555873      -0.249052      0.244241      
727      0.486561      0.012082      0.139039      1.555023      -0.256226      0.251420      
728      0.485831      0.012112      0.139249      1.553935      -0.265129      0.260330      
729      0.485091      0.012152      0.139259      1.553151      -0.271362      0.266566      
730      0.484321      0.012212      0.139419      1.551882      -0.281162      0.276374      
731      0.483401      0.012242      0.139649      1.550496      -0.291478      0.286697      
732      0.482361      0.012312      0.139789      1.549168      -0.301032      0.296258      
733      0.481341      0.012422      0.139899      1.547792      -0.310622      0.305857      
734      0.480511      0.012502      0.140179      1.546653      -0.318334      0.313574      
735      0.479011      0.012562      0.140259      1.544217      -0.334230      0.329483      
736      0.478501      0.012542      0.140309      1.543032      -0.341695      0.336954      
737      0.477581      0.012642      0.140459      1.541707      -0.349846      0.345112      
738      0.476651      0.012682      0.140359      1.540314      -0.358214      0.353487      
739      0.475591      0.012672      0.140229      1.538288      -0.370040      0.365322      
740      0.474611      0.012752      0.140419      1.536487      -0.380237      0.375529      
741      0.473291      0.012822      0.140599      1.534380      -0.391829      0.387131      
742      0.472531      0.012832      0.140779      1.532504      -0.401856      0.397167      
743      0.471641      0.012852      0.140689      1.530470      -0.412450      0.407771      
744      0.470721      0.012812      0.140619      1.529042      -0.419726      0.415053      
745      0.469911      0.012802      0.140739      1.527351      -0.428177      0.423513      
746      0.469111      0.012752      0.140809      1.525901      -0.435286      0.430628      
747      0.468771      0.012702      0.140889      1.525313      -0.438138      0.433483      
748      0.468171      0.012642      0.141089      1.523990      -0.444480      0.439832      
749      0.467601      0.012542      0.141179      1.522953      -0.449388      0.444744      
750      0.467081      0.012432      0.141239      1.521378      -0.456741      0.452104      
751      0.466531      0.012262      0.141249      1.519380      -0.465890      0.461262      
752      0.465911      0.012082      0.141059      1.517313      -0.475168      0.470550      
753      0.465211      0.011852      0.140819      1.515616      -0.482645      0.478035      
754      0.464611      0.011642      0.140739      1.513408      -0.492198      0.487597      
755      0.463971      0.011402      0.140679      1.511186      -0.501622      0.497031      
756      0.463391      0.011142      0.140949      1.509138      -0.510149      0.505567      
757      0.462681      0.010912      0.141099      1.506480      -0.520995      0.516426      
758      0.461941      0.010652      0.141159      1.503604      -0.532474      0.527917      
759      0.461381      0.010402      0.141199      1.501026      -0.542550      0.538004      
760      0.460881      0.010182      0.141039      1.499050      -0.550139      0.545602      
761      0.460471      0.009952      0.140899      1.496871      -0.558384      0.553857      
762      0.459991      0.009722      0.140779      1.494465      -0.567340      0.562823      
763      0.459521      0.009522      0.140539      1.493033      -0.572603      0.568092      
764      0.459041      0.009322      0.140489      1.490775      -0.580794      0.576293      
765      0.458151      0.009032      0.140209      1.486564      -0.595757      0.591273      
766      0.457531      0.008872      0.139959      1.484929      -0.601462      0.596985      
767      0.457261      0.008802      0.139859      1.484192      -0.604016      0.599542      
768      0.456501      0.008612      0.139569      1.482474      -0.609919      0.605453      
769      0.455701      0.008412      0.139259      1.480495      -0.616649      0.612191      
770      0.454921      0.008232      0.138859      1.478532      -0.623245      0.618796      
771      0.453991      0.007972      0.138339      1.476300      -0.630658      0.626218      
772      0.452661      0.007582      0.137969      1.472889      -0.641807      0.637381      
773      0.451901      0.007342      0.137759      1.470649      -0.649019      0.644603      
774      0.451151      0.007152      0.137459      1.468802      -0.654902      0.650493      
775      0.450351      0.006972      0.137179      1.465294      -0.665920      0.661526      
776      0.449991      0.006932      0.137079      1.463879      -0.670309      0.665920      
777      0.449311      0.006852      0.136889      1.460281      -0.681333      0.676960      
778      0.448641      0.006752      0.136619      1.456360      -0.693129      0.688771      
779      0.448061      0.006602      0.136369      1.452927      -0.703285      0.698941      
780      0.447501      0.006432      0.136189      1.449739      -0.712573      0.708242      
781      0.446601      0.006112      0.136099      1.444390      -0.727867      0.723558      
782      0.445911      0.005892      0.135859      1.440647      -0.738363      0.734069      
783      0.445551      0.005792      0.135719      1.439144      -0.742533      0.738245      
784      0.445001      0.005622      0.135659      1.436408      -0.750056      0.745779      
785      0.444461      0.005482      0.135489      1.434128      -0.756264      0.751997      
786      0.443731      0.005342      0.135069      1.430881      -0.765008      0.760753      
787      0.442761      0.005282      0.134829      1.427365      -0.774352      0.770111      
788      0.442021      0.005242      0.134559      1.423390      -0.784770      0.780545      
789      0.441221      0.005262      0.134369      1.419782      -0.794094      0.789883      
790      0.440841      0.005262      0.134239      1.417823      -0.799106      0.794903      
791      0.440141      0.005242      0.133899      1.413726      -0.809476      0.805289      
792      0.439551      0.005252      0.133759      1.411243      -0.815689      0.811512      
793      0.439081      0.005332      0.133729      1.409659      -0.819624      0.815453      
794      0.438201      0.005492      0.133459      1.406091      -0.828414      0.824257      
795      0.437591      0.005722      0.133399      1.403804      -0.833993      0.829845      
796      0.436911      0.005952      0.133269      1.401288      -0.840081      0.835943      
797      0.436511      0.006072      0.133159      1.399988      -0.843208      0.839075      
798      0.435451      0.006262      0.132629      1.396124      -0.852425      0.848307      
799      0.434651      0.006442      0.132359      1.394474      -0.856326      0.852214      
800      0.433931      0.006622      0.132259      1.391489      -0.863333      0.859233      
801      0.432871      0.006802      0.132029      1.387118      -0.873479      0.869396      
802      0.432281      0.006922      0.131909      1.384329      -0.879883      0.875811      
803      0.431961      0.007002      0.131849      1.381347      -0.886672      0.882611      
804      0.431541      0.007052      0.131619      1.378252      -0.893655      0.889606      
805      0.431101      0.007132      0.131289      1.374902      -0.901142      0.897106      
806      0.430851      0.007232      0.131119      1.371805      -0.908003      0.903979      
807      0.430481      0.007382      0.130909      1.368973      -0.914223      0.910209      
808      0.430241      0.007522      0.130799      1.366672      -0.919242      0.915237      
809      0.429751      0.007882      0.130629      1.360438      -0.932681      0.928700      
810      0.429451      0.008062      0.130309      1.357459      -0.939024      0.935055      
811      0.429191      0.008212      0.130169      1.355122      -0.943964      0.940004      
812      0.428871      0.008232      0.130049      1.350507      -0.953635      0.949692      
813      0.428651      0.008172      0.129939      1.344024      -0.967026      0.963108      
814      0.428461      0.008162      0.129959      1.339815      -0.975605      0.971703      
815      0.428381      0.008172      0.129919      1.336900      -0.981495      0.977604      
816      0.428291      0.008162      0.129859      1.332996      -0.989317      0.985440      
817      0.428281      0.008162      0.129859      1.330929      -0.993429      0.989560      
818      0.428201      0.008152      0.129809      1.326421      -1.002326      0.998474      
819      0.428161      0.008112      0.129669      1.320839      -1.013215      1.009384      
