122      74.870030      0.087270      
123      74.433996      0.087270      
124      73.757886      0.087270      
125      73.335604      0.087270      
126      73.035365      0.087270      
127      72.165590      0.087270      
128      71.480312      0.087270      
129      70.804202      0.087270      
130      70.342957      0.087270      
131      69.906923      0.087270      
132      69.021105      0.087270      
133      67.966831      0.087270      
134      66.827184      0.087270      
135      66.647843      0.087270      
136      66.568773      0.087270      
137      66.542416      0.087270      
138      66.819163      0.087270      
139      67.046634      0.087270      
140      66.840363      0.087270      
141      66.473086      0.087270      
142      65.487570      0.087270      
143      64.707178      0.087270      
144      65.085341      0.087270      
145      65.276142      0.087270      
146      64.708897      0.087270      
147      63.839121      0.087270      
148      64.157695      0.087270      
149      63.971479      0.087270      
150      63.401369      0.087270      
151      62.620977      0.087270      
152      61.547223      0.087270      
153      61.109470      0.087270      
154      60.169792      0.087270      
155      59.556136      0.087270      
156      58.762566      0.087270      
157      58.377527      0.087270      
158      57.983320      0.087270      
159      55.980201      0.087270      
160      55.336177      0.087270      
161      54.829094      0.087270      
162      55.000414      0.087270      
163      55.295496      0.087270      
164      55.149960      0.087270      
165      55.403788      0.087270      
166      55.345345      0.087270      
167      55.297215      0.087270      
168      55.391183      0.087270      
169      55.072036      0.087270      
170      54.853159      0.087270      
171      54.572975      0.087270      
172      54.414261      0.087270      
173      54.140379      0.087270      
174      53.552507      0.087270      
175      52.695910      0.087270      
176      51.897183      0.087270      
177      51.167786      0.087270      
178      49.279261      0.087270      
179      48.725768      0.087270      
180      48.624351      0.087270      
181      48.139615      0.087270      
182      47.588413      0.087270      
183      47.550597      0.087270      
184      47.312812      0.087270      
185      46.833806      0.087270      
186      45.802451      0.087270      
187      45.590450      0.087270      
188      45.310839      0.087270      
189      45.036384      0.087270      
190      45.106860      0.087270      
191      44.889702      0.087270      
192      44.625561      0.087270      
193      44.120197      0.087270      
194      43.695050      0.087270      
195      43.642909      0.087270      
196      43.465860      0.087270      
197      42.801210      0.087270      
198      42.604679      0.087270      
199      42.723858      0.087270      
200      42.623587      0.087270      
201      42.010505      0.087270      
202      41.239281      0.087270      
203      41.031864      0.087270      
204      40.448576      0.087270      
205      40.034315      0.087270      
206      40.064110      0.087270      
207      39.964985      0.087270      
208      39.644692      0.087270      
209      39.164539      0.087270      
210      38.432851      0.087270      
211      37.247366      0.087270      
212      36.889830      0.087270      
213      36.895559      0.087270      
214      36.646315      0.087270      
215      36.629126      0.087270      
216      36.468693      0.087270      
217      36.313990      0.087270      
218      36.518542      0.087270      
219      36.368423      0.087270      
220      36.189655      0.087270      
221      36.162725      0.087270      
222      36.257266      0.087270      
223      36.276747      0.087270      
224      36.251536      0.087270      
225      36.173611      0.087270      
226      36.231482      0.087270      
227      36.240076      0.087270      
228      35.995989      0.087270      
229      35.903740      0.087270      
230      35.519274      0.087270      
231      35.347382      0.087270      
232      35.077511      0.087270      
233      34.688461      0.087270      
234      34.694764      0.087270      
235      34.377909      0.087270      
236      33.747064      0.087270      
237      33.343689      0.087270      
238      32.669871      0.087270      
239      32.401719      0.087270      
240      32.447557      0.087270      
241      32.533503      0.087270      
242      32.516314      0.087270      
243      32.425211      0.087270      
244      32.281394      0.087270      
245      32.206908      0.087270      
246      31.704982      0.087270      
247      31.148050      0.087270      
248      31.114245      0.087270      
249      31.298743      0.087270      
250      31.405316      0.087270      
251      31.312494      0.087270      
252      31.114818      0.087270      
253      31.147477      0.087270      
254      31.236861      0.087270      
255      31.077001      0.087270      
256      31.052936      0.087270      
257      31.029445      0.087270      
258      30.709725      0.087270      
259      30.670762      0.087270      
260      30.521789      0.087270      
261      30.389432      0.087270      
262      30.185453      0.087270      
263      29.990068      0.087270      
264      29.920166      0.087270      
265      29.490435      0.087270      
266      29.338023      0.087270      
267      29.323126      0.087270      
268      28.983352      0.087270      
269      28.604616      0.087270      
270      28.257393      0.087270      
271      27.856884      0.087270      
272      27.674105      0.087270      
273      27.400796      0.087270      
274      25.872672      0.087270      
275      24.691771      0.087270      
276      24.554830      0.087270      
277      24.987999      0.087270      
278      25.456693      0.087270      
279      25.469298      0.087270      
280      25.234951      0.087270      
281      25.236670      0.087270      
282      25.362152      0.087270      
283      25.100302      0.087270      
284      25.177654      0.087270      
285      25.260735      0.087270      
286      25.207449      0.087270      
287      25.102021      0.087270      
288      25.102594      0.087270      
289      24.966226      0.087270      
290      24.950756      0.087270      
291      24.554258      0.087270      
292      24.323922      0.087270      
293      24.205316      0.087270      
294      23.335540      0.087270      
295      22.974566      0.087270      
296      23.224956      0.087270      
297      23.363043      0.087270      
298      23.085150      0.087270      
299      23.028426      0.087270      
300      22.866274      0.087270      
301      22.767149      0.087270      
302      22.697247      0.087270      
303      22.616457      0.087270      
304      22.496132      0.087270      
305      22.153494      0.087270      
306      21.986758      0.087270      
307      21.311221      0.087270      
308      19.819768      0.087270      
309      19.584275      0.087270      
310      19.755021      0.087270      
311      19.310966      0.087270      
312      19.287474      0.087270      
313      19.292058      0.087270      
314      18.822219      0.087270      
315      18.269871      0.087270      
316      18.268152      0.087270      
317      18.165590      0.087270      
318      18.000000      0.087270      
319      17.961611      0.087270      
320      18.065892      0.087270      
321      17.878529      0.087270      
322      17.971924      0.087270      
323      17.738724      0.087270      
324      17.561101      0.087270      
325      17.388063      0.087270      
326      16.914213      0.087270      
327      16.741748      0.087270      
328      16.527455      0.087270      
329      15.880567      0.087270      
330      15.814675      0.087270      
331      15.783734      0.087270      
332      15.264619      0.087270      
333      15.216489      0.087270      
334      15.151743      0.087270      
335      14.936304      0.087270      
336      14.854942      0.087270      
337      14.637212      0.087270      
338      14.289416      0.087270      
339      14.347859      0.087270      
340      13.271813      0.087270      
341      13.136018      0.087270      
342      13.270094      0.087270      
343      13.477511      0.087270      
344      13.341143      0.087270      
345      13.558300      0.087270      
346      13.374375      0.087270      
347      13.120548      0.087270      
348      13.056374      0.087270      
349      12.650135      0.087270      
350      12.577367      0.087270      
351      12.624351      0.087270      
352      12.533248      0.087270      
353      12.124145      0.087270      
354      11.754576      0.087270      
355      11.268120      0.087270      
356      10.998249      0.087270      
357      10.207544      0.087270      
358      8.336209      0.087270      
359      8.238230      0.087270      
360      8.184371      0.087270      
361      7.037275      0.087270      
362      6.347414      0.087270      
363      6.472895      0.087270      
364      6.162343      0.087270      
365      5.815120      0.087270      
366      5.960083      0.087270      
367      5.493108      0.087270      
368      5.235843      0.087270      
369      5.388254      0.087270      
370      5.532644      0.087270      
371      5.404870      0.087270      
372      5.650676      0.087270      
373      5.883877      0.087270      
374      5.953780      0.087270      
375      5.952634      0.087270      
376      5.644374      0.087270      
377      5.231832      0.087270      
378      5.281108      0.087270      
379      4.810696      0.087270      
380      4.574630      0.087270      
381      4.544262      0.087270      
382      4.626198      0.087270      
383      4.358046      0.087270      
384      4.240013      0.087270      
385      4.117396      0.087270      
386      3.890498      0.087270      
387      3.706000      0.087270      
388      3.685373      0.087270      
389      3.060258      0.087270      
390      2.471813      0.087270      
391      2.336018      0.087270      
392      2.349196      0.087270      
393      1.865606      0.087270      
394      1.792838      0.087270      
395      1.810600      0.087270      
396      0.944835      0.087270      
397      0.907019      0.087270      
398      0.297374      0.087270      
399      -0.330606      0.087270      
400      -0.752316      0.087270      
401      -0.616521      0.087270      
402      -1.039949      0.087270      
403      -1.236479      0.087270      
404      -1.628967      0.087270      
405      -2.597294      0.087270      
406      -2.724495      0.087270      
407      -2.531975      0.087270      
408      -3.189177      0.087270      
409      -4.181569      0.087270      
410      -4.025147      0.087270      
411      -4.088174      0.087270      
412      -4.780328      0.087270      
413      -4.609581      0.087270      
414      -5.102913      0.087270      
415      -5.313767      0.087270      
416      -5.237562      0.087270      
417      -5.618017      0.087270      
418      -6.344549      0.087270      
419      -6.172083      0.087270      
420      -6.558841      0.087270      
421      -7.910489      0.087270      
422      -7.478466      0.087270      
423      -7.592488      0.087270      
424      -8.133376      0.087270      
425      -7.993570      0.087270      
426      -8.399809      0.087270      
427      -9.090244      0.087270      
428      -8.815216      0.087270      
429      -9.801305      0.087270      
430      -9.917046      0.087270      
431      -9.662645      0.087270      
432      -9.827662      0.087270      
433      -10.795416      0.087270      
434      -10.915168      0.087270      
435      -10.711762      0.087270      
436      -11.223428      0.087270      
437      -11.619354      0.087270      
438      -11.235461      0.087270      
439      -11.883495      0.087270      
440      -12.261085      0.087270      
441      -11.998090      0.087270      
442      -12.502881      0.087270      
443      -12.595703      0.087270      
444      -12.357918      0.087270      
445      -12.882190      0.087270      
446      -13.747382      0.087270      
447      -13.358905      0.087270      
448      -14.282540      0.087270      
449      -14.519752      0.087270      
450      -13.973134      0.087270      
451      -14.861245      0.087270      
452      -15.140283      0.087270      
453      -14.922553      0.087270      
454      -16.099443      0.087270      
455      -16.545217      0.087270      
456      -16.463855      0.087270      
457      -18.720802      0.087270      
458      -20.194493      0.087270      
459      -19.735540      0.087270      
460      -20.758873      0.087270      
461      -21.548432      0.087270      
462      -21.280853      0.087270      
463      -21.531243      0.087270      
464      -21.975871      0.087270      
465      -22.217094      0.087270      
466      -23.298870      0.087270      
467      -22.761993      0.087270      
468      -22.841063      0.087270      
469      -23.321789      0.087270      
470      -22.877161      0.087270      
471      -22.986026      0.087270      
472      -24.274073      0.087270      
473      -23.883877      0.087270      
474      -24.004202      0.087270      
475      -23.775012      0.087270      
476      -22.638803      0.087270      
477      -21.355340      0.087270      
478      -19.732675      0.087270      
479      -18.555785      0.087270      
480      -17.020786      0.087270      
481      -15.851918      0.087270      
482      -12.593411      0.087270      
483      -10.108420      0.087270      
484      -8.321311      0.087270      
485      -7.488779      0.087270      
486      -4.795798      0.087270      
487      -3.657297      0.087270      
488      -2.659176      0.087270      
489      -0.391915      0.087270      
490      0.828521      0.087270      
491      1.959000      0.087270      
492      4.446857      0.087270      
493      5.789909      0.087270      
494      6.270062      0.087270      
495      8.200987      0.087270      
496      8.863919      0.087270      
497      9.911316      0.087270      
498      11.219417      0.087270      
499      13.754830      0.087270      
500      14.997040      0.087270      
501      15.534490      0.087270      
502      16.812223      0.087270      
503      18.241795      0.087270      
504      18.676683      0.087270      
505      19.459367      0.087270      
506      20.778927      0.087270      
507      22.023428      0.087270      
508      22.796371      0.087270      
509      24.255165      0.087270      
510      25.771829      0.087270      
511      28.053987      0.087270      
512      28.812605      0.087270      
513      29.680089      0.087270      
514      30.305777      0.087270      
515      31.053509      0.087270      
516      31.661436      0.087270      
517      32.481362      0.087270      
518      33.418749      0.087270      
519      34.164189      0.087270      
520      34.746904      0.087270      
521      35.533599      0.087270      
522      36.305968      0.087270      
523      37.408945      0.087270      
524      38.226580      0.087270      
525      39.514054      0.087270      
526      41.140729      0.087270      
527      41.697087      0.087270      
528      42.096451      0.087270      
529      42.481490      0.087270      
530      43.256152      0.087270      
531      44.461690      0.087270      
532      45.750310      0.087270      
533      46.711762      0.087270      
534      47.182747      0.087270      
535      48.328124      0.087270      
536      49.926723      0.087270      
537      51.080694      0.087270      
538      52.047875      0.087270      
539      53.135954      0.087270      
540      54.444628      0.087270      
541      55.331020      0.087270      
542      56.742257      0.087270      
543      58.871431      0.087270      
544      60.203597      0.087270      
545      61.055037      0.087270      
546      61.499666      0.087270      
547      63.118892      0.087270      
548      63.545758      0.087270      
549      64.261404      0.087270      
550      65.249212      0.087270      
551      66.088620      0.087270      
552      66.911985      0.087270      
553      68.357027      0.087270      
554      69.567722      0.087270      
555      70.963489      0.087270      
556      71.940411      0.087270      
557      73.245647      0.087270      
558      74.636257      0.087270      
