60      74.424829      0.087270      
61      73.128760      0.087270      
62      72.275601      0.087270      
63      71.409263      0.087270      
64      70.813942      0.087270      
65      70.251281      0.087270      
66      69.889734      0.087270      
67      69.246857      0.087270      
68      68.854942      0.087270      
69      68.551265      0.087270      
70      68.267643      0.087270      
71      68.076842      0.087270      
72      67.632787      0.087270      
73      66.628362      0.087270      
74      65.881776      0.087270      
75      65.373548      0.087270      
76      64.602324      0.087270      
77      63.827089      0.087270      
78      62.799172      0.087270      
79      62.106446      0.087270      
80      60.755945      0.087270      
81      60.000764      0.087270      
82      58.975712      0.087270      
83      58.293299      0.087270      
84      57.608022      0.087270      
85      57.010982      0.087270      
86      55.916027      0.087270      
87      55.021041      0.087270      
88      54.382174      0.087270      
89      53.565112      0.087270      
90      52.526882      0.087270      
91      51.666274      0.087270      
92      50.124972      0.087270      
93      49.314786      0.087270      
94      48.606016      0.087270      
95      47.747127      0.087270      
96      47.223428      0.087270      
97      46.638994      0.087270      
98      46.230463      0.087270      
99      45.569250      0.087270      
100      45.144676      0.087270      
101      44.663950      0.087270      
102      44.350533      0.087270      
103      43.960910      0.087270      
104      43.611969      0.087270      
105      42.888302      0.087270      
106      42.464300      0.087270      
107      42.070667      0.087270      
108      41.725163      0.087270      
109      41.371065      0.087270      
110      41.224956      0.087270      
111      41.097183      0.087270      
112      40.878880      0.087270      
113      40.657711      0.087270      
114      40.578068      0.087270      
115      39.861276      0.087270      
116      39.635524      0.087270      
117      39.288302      0.087270      
118      39.107815      0.087270      
119      38.921025      0.087270      
120      38.563489      0.087270      
121      38.201369      0.087270      
122      37.819195      0.087270      
123      37.443896      0.087270      
124      37.096101      0.087270      
125      36.929938      0.087270      
126      36.748878      0.087270      
127      36.550629      0.087270      
128      36.295082      0.087270      
129      35.862486      0.087270      
130      35.610950      0.087270      
131      35.436193      0.087270      
132      35.266019      0.087270      
133      34.949737      0.087270      
134      34.702212      0.087270      
135      33.733312      0.087270      
136      33.111062      0.087270      
137      32.730606      0.087270      
138      32.324940      0.087270      
139      31.982301      0.087270      
140      31.488970      0.087270      
141      31.306191      0.087270      
142      30.967563      0.087270      
143      30.355626      0.087270      
144      29.281872      0.087270      
145      28.823492      0.087270      
146      28.698583      0.087270      
147      28.580551      0.087270      
148      28.443037      0.087270      
149      28.070030      0.087270      
150      27.490753      0.087270      
151      27.036384      0.087270      
152      26.733853      0.087270      
153      26.491485      0.087270      
154      26.260003      0.087270      
155      25.895591      0.087270      
156      25.752921      0.087270      
157      25.367309      0.087270      
158      24.986280      0.087270      
159      24.513003      0.087270      
160      24.201305      0.087270      
161      23.732612      0.087270      
162      23.496546      0.087270      
163      23.183702      0.087270      
164      22.951074      0.087270      
165      22.610154      0.087270      
166      22.423938      0.087270      
167      22.240013      0.087270      
168      21.986185      0.087270      
169      21.723190      0.087270      
170      21.530670      0.087270      
171      21.294032      0.087270      
172      21.136463      0.087270      
173      21.118701      0.087270      
174      21.008117      0.087270      
175      20.932484      0.087270      
176      20.735954      0.087270      
177      20.600159      0.087270      
178      20.540570      0.087270      
179      20.474105      0.087270      
180      20.212828      0.087270      
181      19.889098      0.087270      
182      19.660481      0.087270      
183      19.373993      0.087270      
184      18.927073      0.087270      
185      18.650899      0.087270      
186      18.206844      0.087270      
187      17.465988      0.087270      
188      17.364571      0.087270      
189      17.096419      0.087270      
190      16.816807      0.087270      
191      16.530320      0.087270      
192      16.176222      0.087270      
193      15.647939      0.087270      
194      15.333949      0.087270      
195      14.978704      0.087270      
196      14.727742      0.087270      
197      14.555276      0.087270      
198      14.064810      0.087270      
199      13.580073      0.087270      
200      12.867866      0.087270      
201      12.634665      0.087270      
202      12.412351      0.087270      
203      12.044501      0.087270      
204      11.611332      0.087270      
205      11.558618      0.087270      
206      11.501321      0.087270      
207      11.493872      0.087270      
208      11.426834      0.087270      
209      11.289320      0.087270      
210      11.228012      0.087270      
211      11.240045      0.087270      
212      11.009136      0.087270      
213      10.771351      0.087270      
214      10.786822      0.087270      
215      10.699729      0.087270      
216      10.534140      0.087270      
217      10.375426      0.087270      
218      10.208690      0.087270      
219      10.131339      0.087270      
220      10.109565      0.087270      
221      9.993252      0.087270      
222      9.897565      0.087270      
223      9.711921      0.087270      
224      9.452364      0.087270      
225      9.203120      0.087270      
226      8.866210      0.087270      
227      8.463409      0.087270      
228      8.449085      0.087270      
229      8.144262      0.087270      
230      7.789591      0.087270      
231      7.367309      0.087270      
232      7.187968      0.087270      
233      6.780010      0.087270      
234      6.593793      0.087270      
235      6.417317      0.087270      
236      5.991023      0.087270      
237      5.854655      0.087270      
238      5.742352      0.087270      
239      5.546395      0.087270      
240      5.573898      0.087270      
241      5.560719      0.087270      
242      5.288556      0.087270      
243      5.269648      0.087270      
244      5.078275      0.087270      
245      4.733917      0.087270      
246      4.482381      0.087270      
247      4.152348      0.087270      
248      3.579946      0.087270      
249      3.328410      0.087270      
250      2.845965      0.087270      
251      1.897119      0.087270      
252      1.678816      0.087270      
253      1.530988      0.087270      
254      1.383734      0.087270      
255      1.089798      0.087270      
256      0.928792      0.087270      
257      0.929938      0.087270      
258      0.862327      0.087270      
259      0.807894      0.087270      
260      0.576986      0.087270      
261      0.448066      0.087270      
262      0.140952      0.087270      
263      0.079643      0.087270      
264      -0.148973      0.087270      
265      -0.375871      0.087270      
266      -0.436607      0.087270      
267      -0.595321      0.087270      
268      -0.596467      0.087270      
269      -0.684132      0.087270      
270      -0.845138      0.087270      
271      -0.900716      0.087270      
272      -0.948273      0.087270      
273      -1.023333      0.087270      
274      -1.089225      0.087270      
275      -1.133917      0.087270      
276      -1.204966      0.087270      
277      -1.210123      0.087270      
278      -1.270858      0.087270      
279      -1.256534      0.087270      
280      -1.243355      0.087270      
281      -1.245074      0.087270      
282      -1.239344      0.087270      
283      -1.305809      0.087270      
284      -1.393474      0.087270      
285      -1.553334      0.087270      
286      -1.635270      0.087270      
287      -1.719497      0.087270      
288      -1.870189      0.087270      
289      -1.872481      0.087270      
290      -2.058698      0.087270      
291      -2.171001      0.087270      
292      -2.175012      0.087270      
293      -2.249499      0.087270      
294      -2.429986      0.087270      
295      -2.529683      0.087270      
296      -2.722203      0.087270      
297      -2.998950      0.087270      
298      -3.191469      0.087270      
299      -3.229858      0.087270      
300      -3.396021      0.087270      
301      -3.410918      0.087270      
302      -3.498011      0.087270      
303      -3.497438      0.087270      
304      -3.666465      0.087270      
305      -3.739233      0.087270      
306      -3.820022      0.087270      
307      -3.886487      0.087270      
308      -3.885914      0.087270      
309      -3.944358      0.087270      
310      -4.011969      0.087270      
311      -4.006239      0.087270      
312      -4.012542      0.087270      
313      -4.237148      0.087270      
314      -4.217667      0.087270      
315      -4.218240      0.087270      
316      -4.372370      0.087270      
317      -4.444565      0.087270      
318      -4.689798      0.087270      
319      -5.006080      0.087270      
320      -5.151615      0.087270      
321      -5.291421      0.087270      
322      -5.507433      0.087270      
323      -5.549833      0.087270      
324      -5.597390      0.087270      
325      -5.779023      0.087270      
326      -5.841477      0.087270      
327      -5.964667      0.087270      
328      -6.321057      0.087270      
329      -6.672290      0.087270      
330      -6.711253      0.087270      
331      -6.772561      0.087270      
332      -6.719847      0.087270      
333      -6.720993      0.087270      
334      -6.695782      0.087270      
335      -6.729015      0.087270      
336      -6.772561      0.087270      
337      -6.765112      0.087270      
338      -6.846475      0.087270      
339      -6.817253      0.087270      
340      -6.821264      0.087270      
341      -6.900334      0.087270      
342      -6.898042      0.087270      
343      -7.032118      0.087270      
344      -7.114054      0.087270      
345      -7.334649      0.087270      
346      -7.418303      0.087270      
347      -7.494509      0.087270      
348      -7.576444      0.087270      
349      -7.483049      0.087270      
350      -7.629158      0.087270      
351      -7.615407      0.087270      
352      -7.681299      0.087270      
353      -7.770110      0.087270      
354      -7.774694      0.087270      
355      -7.774121      0.087270      
356      -7.907051      0.087270      
357      -7.805061      0.087270      
358      -7.880694      0.087270      
359      -7.888143      0.087270      
360      -7.899602      0.087270      
361      -7.831991      0.087270      
362      -7.840013      0.087270      
363      -7.925959      0.087270      
364      -7.853764      0.087270      
365      -7.854910      0.087270      
366      -7.861786      0.087270      
367      -7.882986      0.087270      
368      -7.963775      0.087270      
369      -7.956327      0.087270      
370      -7.962629      0.087270      
371      -7.975808      0.087270      
372      -7.995862      0.087270      
373      -7.988413      0.087270      
374      -7.908197      0.087270      
375      -7.908197      0.087270      
376      -7.747764      0.087270      
377      -7.579882      0.087270      
378      -7.463568      0.087270      
379      -7.203438      0.087270      
380      -6.580041      0.087270      
381      -6.109056      0.087270      
382      -5.903931      0.087270      
383      -5.035875      0.087270      
384      -4.435397      0.087270      
385      -4.091612      0.087270      
386      -3.420086      0.087270      
387      -3.076301      0.087270      
388      -2.739965      0.087270      
389      -2.150947      0.087270      
390      -1.568232      0.087270      
391      -1.038803      0.087270      
392      -0.275601      0.087270      
393      0.241795      0.087270      
394      0.677256      0.087270      
395      1.677097      0.087270      
396      2.771479      0.087270      
397      4.399873      0.087270      
398      5.919402      0.087270      
399      7.861213      0.087270      
400      9.137227      0.087270      
401      10.618367      0.087270      
402      12.302340      0.087270      
403      13.762279      0.087270      
404      15.258316      0.087270      
405      17.734140      0.087270      
406      19.463950      0.087270      
407      21.347891      0.087270      
408      22.540824      0.087270      
409      24.247143      0.087270      
410      25.704218      0.087270      
411      27.053000      0.087270      
412      28.933503      0.087270      
413      31.450008      0.087270      
414      33.314468      0.087270      
415      35.597772      0.087270      
416      37.802578      0.087270      
417      38.958268      0.087270      
418      40.392997      0.087270      
419      41.560719      0.087270      
420      42.680885      0.087270      
421      43.921948      0.087270      
422      45.168741      0.087270      
423      46.467102      0.087270      
424      48.304059      0.087270      
425      50.037307      0.087270      
426      51.281235      0.087270      
427      53.008754      0.087270      
428      54.190801      0.087270      
429      55.670794      0.087270      
430      56.914722      0.087270      
431      58.527646      0.087270      
432      59.750947      0.087270      
433      61.331211      0.087270      
434      62.361993      0.087270      
435      63.962311      0.113390      
436      65.351202      0.162260      
437      66.364221      0.201340      
438      67.427662      0.240480      
439      69.011364      0.287890      
440      70.050740      0.336740      
441      72.315136      0.395380      
442      74.707305      0.436330      
