80      0.026890      1638131714451      
81      0.008100      1638131714489      
82      0.008800      1638131714515      
83      0.023470      1638131714546      
84      0.009140      1638131714575      
85      0.006370      1638131714624      
86      0.015810      1638131714654      
87      0.009820      1638131714681      
88      0.000230      1638131714713      
89      0.008080      1638131714746      
90      0.014810      1638131714775      
91      0.000580      1638131714814      
92      0.005420      1638131714854      
93      0.003430      1638131714891      
94      -0.002760      1638131714915      
95      0.003510      1638131714949      
96      0.001140      1638131714980      
97      0.005670      1638131715009      
98      0.002930      1638131715054      
99      0.007980      1638131715088      
100      -0.000810      1638131715121      
101      0.006430      1638131715153      
102      0.007900      1638131715183      
103      0.004350      1638131715212      
104      0.002840      1638131715243      
105      0.008860      1638131715293      
106      0.013640      1638131715325      
107      0.013840      1638131715354      
108      0.007440      1638131715387      
109      0.007200      1638131715415      
110      0.006520      1638131715447      
111      0.008640      1638131715493      
112      0.010140      1638131715521      
113      0.009810      1638131715553      
114      0.006010      1638131715583      
115      0.011650      1638131715614      
116      0.004580      1638131715648      
117      0.002640      1638131715681      
118      0.007630      1638131715733      
119      0.003230      1638131715759      
120      0.002960      1638131715790      
121      0.007790      1638131715821      
122      0.011870      1638131715855      
123      0.011620      1638131715881      
124      0.007430      1638131715934      
125      0.003380      1638131715957      
126      0.006710      1638131715990      
127      0.007750      1638131716019      
128      0.013260      1638131716051      
129      0.012510      1638131716085      
130      0.012520      1638131716129      
131      0.015500      1638131716165      
132      0.005640      1638131716194      
133      0.010100      1638131716227      
134      0.009790      1638131716258      
135      0.010010      1638131716290      
136      0.002280      1638131716322      
137      0.002750      1638131716355      
138      0.010180      1638131716387      
139      0.004380      1638131716435      
140      0.012240      1638131716462      
141      0.003400      1638131716496      
142      0.006820      1638131716526      
143      0.006120      1638131716557      
144      0.009050      1638131716588      
145      0.005820      1638131716635      
146      0.021260      1638131716660      
147      0.015740      1638131716695      
148      0.018180      1638131716723      
149      0.005600      1638131716769      
150      0.012300      1638131716800      
151      0.006670      1638131716833      
152      0.005400      1638131716865      
153      0.009250      1638131716892      
154      0.008160      1638131716925      
155      0.015940      1638131716956      
156      0.012020      1638131717003      
157      0.010860      1638131717037      
158      0.006960      1638131717067      
159      0.000520      1638131717101      
160      0.008220      1638131717129      
161      0.007120      1638131717166      
162      0.011770      1638131717195      
163      0.011460      1638131717227      
164      0.014090      1638131717270      
165      0.019360      1638131717302      
166      0.013100      1638131717334      
167      0.010320      1638131717366      
168      0.009580      1638131717394      
169      0.008120      1638131717429      
170      0.001120      1638131717477      
171      0.013000      1638131717504      
172      0.006190      1638131717540      
173      0.009730      1638131717570      
174      0.006660      1638131717599      
175      0.013890      1638131717630      
176      0.006140      1638131717679      
177      0.012910      1638131717708      
178      0.002270      1638131717743      
179      0.012830      1638131717770      
180      0.014240      1638131717803      
181      0.008410      1638131717835      
182      0.015530      1638131717865      
183      0.011270      1638131717911      
184      0.026770      1638131717946      
185      -0.002820      1638131717974      
186      0.010540      1638131718004      
187      0.004850      1638131718034      
188      0.005650      1638131718066      
189      0.012740      1638131718115      
190      0.014860      1638131718146      
191      0.020630      1638131718175      
192      0.012510      1638131718207      
193      0.022920      1638131718240      
194      0.006820      1638131718271      
195      0.019190      1638131718302      
196      0.010030      1638131718356      
197      0.010090      1638131718380      
198      0.006730      1638131718413      
199      0.010400      1638131718441      
200      0.015600      1638131718472      
201      0.001880      1638131718508      
202      0.018010      1638131718539      
203      0.004180      1638131718585      
204      0.003900      1638131718614      
205      -0.003520      1638131718649      
206      -0.010430      1638131718676      
207      0.001800      1638131718706      
208      -0.005640      1638131718740      
209      -0.001030      1638131718775      
210      0.012750      1638131718817      
211      -0.006350      1638131718846      
212      0.011670      1638131718884      
213      -0.004700      1638131718911      
214      0.005960      1638131718940      
215      0.003970      1638131718987      
216      0.015650      1638131719019      
217      0.005170      1638131719053      
218      0.010690      1638131719084      
219      0.009520      1638131719113      
220      -0.003020      1638131719143      
221      0.014240      1638131719176      
222      -0.001390      1638131719221      
223      0.025280      1638131719252      
224      -0.002080      1638131719266      
225      -0.002930      1638131719308      
226      0.016740      1638131719327      
227      0.001160      1638131719367      
228      0.005100      1638131719394      
229      0.014580      1638131719426      
230      -0.015660      1638131719456      
231      0.008410      1638131719488      
232      -0.002710      1638131719520      
233      0.002700      1638131719551      
234      0.010500      1638131719583      
235      0.001520      1638131719633      
236      0.026680      1638131719663      
237      0.003090      1638131719694      
238      0.017360      1638131719725      
239      0.004290      1638131719758      
240      0.024870      1638131719786      
241      -0.000040      1638131719822      
242      -0.000530      1638131719866      
243      0.002850      1638131719896      
244      0.006040      1638131719928      
245      0.013430      1638131719962      
246      -0.007610      1638131719991      
247      0.008570      1638131720022      
248      -0.006800      1638131720055      
249      0.019390      1638131720087      
250      0.006560      1638131720142      
251      0.000740      1638131720165      
252      -0.000740      1638131720195      
253      -0.001290      1638131720228      
254      0.023700      1638131720260      
255      -0.005720      1638131720290      
256      0.014620      1638131720321      
257      0.004170      1638131720354      
258      0.001390      1638131720400      
259      0.017850      1638131720432      
260      -0.009840      1638131720465      
261      0.009120      1638131720497      
262      -0.011820      1638131720527      
263      0.013290      1638131720559      
264      0.005750      1638131720587      
265      -0.001280      1638131720638      
266      0.012950      1638131720665      
267      -0.009700      1638131720698      
268      0.012700      1638131720729      
269      -0.005190      1638131720764      
270      0.009230      1638131720800      
271      0.010330      1638131720823      
272      -0.003710      1638131720852      
273      0.021170      1638131720906      
274      -0.000170      1638131720931      
275      0.013310      1638131720960      
276      0.008500      1638131720991      
277      0.003630      1638131721023      
278      0.019030      1638131721056      
279      0.000700      1638131721100      
280      0.018280      1638131721131      
281      -0.003110      1638131721164      
282      0.010630      1638131721196      
283      0.011680      1638131721228      
284      -0.005720      1638131721257      
285      0.013990      1638131721291      
286      -0.000500      1638131721321      
287      0.000270      1638131721367      
288      0.009680      1638131721400      
289      -0.002530      1638131721434      
290      0.019040      1638131721473      
291      -0.003380      1638131721494      
292      0.007820      1638131721527      
293      0.012150      1638131721559      
294      -0.005690      1638131721604      
295      0.003660      1638131721634      
296      -0.005950      1638131721667      
297      0.005830      1638131721698      
298      0.003290      1638131721728      
299      -0.005900      1638131721766      
300      0.007550      1638131721793      
301      0.000070      1638131721837      
302      0.007130      1638131721867      
303      0.001420      1638131721899      
304      -0.004460      1638131721936      
305      0.009650      1638131721962      
306      -0.005210      1638131721990      
307      0.003160      1638131722037      
308      0.000570      1638131722066      
309      0.003790      1638131722100      
310      0.012330      1638131722128      
311      0.001510      1638131722161      
312      0.014150      1638131722190      
313      0.004240      1638131722224      
314      0.000470      1638131722260      
315      0.010680      1638131722302      
316      0.009260      1638131722331      
317      0.008220      1638131722364      
318      0.003940      1638131722397      
319      0.012780      1638131722426      
320      0.011000      1638131722458      
321      0.001360      1638131722508      
322      0.009280      1638131722538      
323      0.001990      1638131722568      
324      0.003610      1638131722601      
325      -0.004530      1638131722634      
326      0.010810      1638131722660      
327      -0.003540      1638131722694      
328      0.003720      1638131722739      
329      0.003700      1638131722773      
330      -0.000120      1638131722808      
331      0.010520      1638131722832      
332      -0.008160      1638131722864      
333      0.014800      1638131722896      
334      0.008710      1638131722927      
335      -0.002780      1638131722957      
336      0.027640      1638131723006      
337      0.000050      1638131723045      
338      0.008620      1638131723068      
339      -0.002840      1638131723097      
340      0.009650      1638131723129      
341      0.001150      1638131723161      
342      -0.002580      1638131723206      
343      0.003220      1638131723235      
344      -0.011280      1638131723264      
345      0.007020      1638131723297      
346      -0.007190      1638131723328      
347      -0.009580      1638131723357      
348      0.007870      1638131723406      
349      -0.029650      1638131723440      
350      -0.011190      1638131723467      
351      -0.010460      1638131723500      
352      -0.053980      1638131723540      
353      -0.011900      1638131723564      
354      -0.027780      1638131723594      
355      -0.035750      1638131723627      
356      -0.007910      1638131723660      
357      -0.044870      1638131723707      
358      -0.025950      1638131723738      
359      -0.015630      1638131723769      
360      -0.035230      1638131723801      
361      0.002420      1638131723831      
362      -0.022110      1638131723864      
363      -0.035210      1638131723894      
364      -0.009600      1638131723940      
365      -0.031470      1638131723969      
366      -0.005490      1638131724004      
367      -0.015420      1638131724031      
368      -0.028090      1638131724061      
369      -0.009020      1638131724111      
370      -0.031250      1638131724136      
371      -0.018760      1638131724152      
372      -0.003430      1638131724184      
373      -0.024930      1638131724236      
374      -0.026720      1638131724265      
375      -0.009360      1638131724297      
376      -0.024850      1638131724328      
377      -0.012000      1638131724363      
378      -0.016430      1638131724393      
379      -0.013170      1638131724426      
380      -0.009990      1638131724457      
381      -0.016930      1638131724491      
382      -0.015690      1638131724522      
383      -0.015750      1638131724564      
384      -0.015160      1638131724594      
385      -0.011840      1638131724628      
386      -0.011570      1638131724658      
387      -0.018900      1638131724686      
388      -0.017440      1638131724730      
389      -0.019950      1638131724762      
390      -0.014550      1638131724793      
391      -0.008840      1638131724826      
392      -0.009890      1638131724855      
393      -0.005110      1638131724889      
394      -0.012140      1638131724919      
395      -0.009200      1638131724963      
396      -0.029600      1638131725005      
397      -0.015790      1638131725037      
398      -0.012620      1638131725057      
399      -0.015010      1638131725088      
400      -0.015880      1638131725121      
401      -0.015050      1638131725167      
402      -0.030630      1638131725198      
403      -0.020690      1638131725228      
404      -0.014650      1638131725258      
405      -0.013780      1638131725292      
406      -0.012470      1638131725323      
407      -0.010660      1638131725353      
408      -0.016830      1638131725384      
409      -0.010520      1638131725442      
410      -0.010680      1638131725464      
411      -0.014080      1638131725496      
412      -0.012580      1638131725525      
413      -0.013520      1638131725557      
414      -0.017670      1638131725588      
415      -0.019630      1638131725621      
416      -0.015290      1638131725667      
417      -0.014680      1638131725699      
418      -0.010630      1638131725726      
419      -0.023510      1638131725757      
420      -0.015770      1638131725791      
421      -0.002720      1638131725823      
422      -0.020560      1638131725853      
423      -0.024570      1638131725899      
424      -0.017170      1638131725932      
425      -0.019220      1638131725963      
426      -0.014960      1638131725995      
427      -0.012940      1638131726026      
428      -0.013250      1638131726058      
429      -0.016600      1638131726091      
430      -0.019720      1638131726121      
431      -0.008550      1638131726168      
432      -0.024450      1638131726196      
433      -0.008350      1638131726231      
434      -0.008180      1638131726256      
435      -0.011390      1638131726289      
436      -0.009430      1638131726322      
437      -0.019420      1638131726366      
438      -0.020900      1638131726399      
439      -0.019170      1638131726430      
440      -0.015240      1638131726463      
441      -0.025060      1638131726494      
442      -0.027860      1638131726523      
443      -0.012620      1638131726555      
444      -0.023680      1638131726600      
445      -0.033920      1638131726634      
446      -0.019460      1638131726663      
447      -0.019350      1638131726692      
448      -0.013030      1638131726723      
449      -0.016560      1638131726770      
450      -0.020860      1638131726799      
451      -0.000120      1638131726833      
452      -0.021520      1638131726866      
