158      -30.426405      57.301518      148.363542      
159      -30.803926      54.672226      148.855357      
160      -31.640987      52.100965      149.684904      
161      -31.984963      49.465177      150.280619      
162      -33.009741      47.480210      150.502482      
163      -33.435036      45.855191      151.058428      
164      -34.249677      44.007973      151.416533      
165      -34.460438      42.357785      151.921807      
166      -33.556693      41.152033      152.696017      
167      -33.888934      38.622499      153.352862      
168      -33.973206      35.788989      155.189269      
169      -35.024014      32.749098      154.783134      
170      -35.306149      29.345726      154.981308      
171      -36.059960      25.341690      155.035145      
172      -36.317532      22.374441      154.908510      
173      -37.583741      18.941062      155.269388      
174      -38.247233      15.997889      155.810326      
175      -38.644787      11.927888      156.655792      
176      -38.824990      10.112095      157.581693      
177      -38.837262      8.329691      158.465411      
178      -39.597649      5.384566      159.436382      
179      -40.069716      3.456629      160.131106      
180      -40.036741      2.015935      160.858250      
181      -40.522418      0.838054      161.300272      
182      -40.734360      -0.386520      161.767810      
183      -40.956965      -1.333095      162.440311      
184      -41.144409      -2.166385      162.760767      
185      -41.555104      -3.117613      163.219851      
186      -41.759503      -3.706415      163.522884      
187      -42.003336      -4.310774      163.676244      
188      -42.278930      -5.060293      164.245989      
189      -42.834736      -5.739075      164.776978      
190      -43.576673      -6.909098      165.147626      
191      -43.889151      -7.710505      165.381804      
192      -44.381913      -8.343783      165.792897      
193      -45.087011      -9.469723      166.196878      
194      -45.484030      -10.229656      166.629369      
195      -46.228471      -11.270240      167.101696      
196      -46.774187      -12.094362      167.525682      
197      -47.237074      -13.148200      168.038533      
198      -47.810095      -14.402105      168.618960      
199      -48.423991      -15.453551      169.084432      
200      -49.135232      -16.662786      169.756662      
201      -50.212726      -17.963982      170.593031      
202      -50.714394      -18.934759      171.214042      
203      -51.461466      -20.034440      171.946840      
204      -51.799423      -20.728120      172.409860      
205      -52.432820      -21.691224      173.059806      
206      -52.740216      -22.549509      173.594162      
207      -53.208138      -23.658754      174.003222      
208      -53.775191      -24.261673      174.653079      
209      -54.138851      -24.917314      175.368813      
210      -54.118689      -25.190012      175.365559      
211      -54.086081      -25.383747      175.460605      
212      -53.256545      -24.060507      174.964587      
213      -49.726338      -19.583681      172.541230      
214      -48.318410      -17.415753      171.634675      
215      -46.637053      -14.643422      170.576835      
216      -44.932971      -11.781749      169.241848      
217      -44.160452      -9.909975      168.483581      
218      -44.009144      -9.234345      168.003083      
219      -43.955561      -8.451497      167.718517      
220      -43.727405      -6.610389      166.701319      
221      -43.017194      -3.828610      165.309148      
222      -42.005331      -1.500572      164.272561      
223      -41.847520      -0.102105      163.587295      
224      -41.492262      1.978697      162.904021      
225      -40.763009      3.605307      162.179808      
226      -40.620127      4.794116      161.621835      
227      -40.653494      5.418456      161.481007      
228      -40.776436      6.345063      161.053857      
229      -40.502315      7.560178      160.368368      
230      -40.494341      8.733281      159.730098      
231      -40.429161      10.148224      159.090649      
232      -40.205771      11.393790      158.459833      
233      -39.925482      13.144723      157.775865      
234      -39.853144      15.366274      156.989133      
235      -39.470015      17.488202      156.213720      
236      -39.271541      18.888961      155.737759      
237      -39.406643      20.092819      155.430780      
238      -39.426719      22.102151      154.828133      
239      -39.363557      24.317234      154.007207      
240      -38.826716      27.135652      153.189976      
241      -38.127478      29.881105      152.824652      
242      -37.643051      32.389988      152.300743      
243      -37.139975      36.213950      151.670727      
244      -36.767274      39.260358      150.704862      
245      -36.853730      41.916756      149.996604      
246      -35.648166      45.021241      150.100561      
247      -34.008141      48.669596      150.270402      
248      -32.945098      51.053746      150.761539      
249      -32.767932      52.754563      150.593426      
250      -31.426177      53.095392      152.370884      
251      -31.570674      53.862938      151.857097      
252      -31.938241      55.187206      151.058815      
253      -31.287919      55.982642      151.558726      
254      -30.704016      56.433221      152.587244      
255      -30.601113      56.738754      152.785891      
256      -30.809572      56.710646      152.442101      
257      -30.998613      56.856494      152.085847      
258      -31.161385      56.953861      151.765219      
259      -31.012799      57.249971      151.629209      
