212      74.913576      0.087270      
213      74.570364      0.087270      
214      74.231736      0.087270      
215      74.070158      0.087270      
216      73.889098      0.087270      
217      73.526405      0.087270      
218      73.336750      0.087270      
219      72.987808      0.087270      
220      72.704759      0.087270      
221      72.413115      0.087270      
222      72.207417      0.087270      
223      71.566258      0.087270      
224      70.939424      0.087270      
225      70.188827      0.087270      
226      68.923126      0.087270      
227      68.527773      0.087270      
228      67.561738      0.087270      
229      66.430113      0.087270      
230      65.551743      0.087270      
231      64.833806      0.087270      
232      64.252236      0.087270      
233      63.781251      0.087270      
234      63.128633      0.087270      
235      62.734426      0.087270      
236      62.426739      0.087270      
237      62.182079      0.087270      
238      61.659526      0.087270      
239      61.237243      0.087270      
240      60.727869      0.087270      
241      60.189846      0.087270      
242      59.582492      0.087270      
243      58.970555      0.087270      
244      58.072704      0.087270      
245      57.443578      0.087270      
246      56.623651      0.087270      
247      55.657616      0.087270      
248      55.121884      0.087270      
249      53.372593      0.087270      
250      52.389941      0.087270      
251      51.705236      0.087270      
252      50.819417      0.087270      
253      50.316919      0.087270      
254      50.063664      0.087270      
255      49.559446      0.087270      
256      48.969282      0.087270      
257      48.204361      0.087270      
258      47.664619      0.087270      
259      47.061849      0.087270      
260      46.879071      0.087270      
261      46.666497      0.087270      
262      46.422983      0.087270      
263      45.990387      0.087270      
264      45.784689      0.087270      
265      45.176763      0.087270      
266      44.522999      0.087270      
267      43.768391      0.087270      
268      42.692344      0.087270      
269      42.062072      0.087270      
270      41.451281      0.087270      
271      40.539678      0.087270      
272      40.363202      0.087270      
273      39.676206      0.087270      
274      39.096928      0.087270      
275      38.355499      0.087270      
276      37.787681      0.087270      
277      37.276015      0.087270      
278      36.392488      0.087270      
279      35.829254      0.087270      
280      35.447079      0.087270      
281      34.729715      0.087270      
282      34.104600      0.087270      
283      33.628458      0.087270      
284      33.218208      0.087270      
285      32.642368      0.087270      
286      31.880312      0.087270      
287      31.020277      0.087270      
288      30.377399      0.087270      
289      29.590705      0.087270      
290      29.263537      0.087270      
291      28.341620      0.087270      
292      27.583575      0.087270      
293      26.762502      0.087270      
294      26.249690      0.087270      
295      25.334076      0.087270      
296      24.873404      0.087270      
297      24.209900      0.087270      
298      24.012796      0.087270      
299      23.524622      0.087270      
300      23.044469      0.087270      
301      22.700111      0.087270      
302      22.077288      0.087270      
303      21.692822      0.087270      
304      21.301480      0.087270      
305      20.960560      0.087270      
306      20.671781      0.087270      
307      20.460353      0.087270      
308      19.929206      0.087270      
309      19.728092      0.087270      
310      19.177463      0.087270      
311      18.768359      0.087270      
312      18.301385      0.087270      
313      18.079071      0.087270      
314      17.314149      0.087270      
315      16.798472      0.087270      
316      16.399109      0.087270      
317      15.966513      0.087270      
318      15.729874      0.087270      
319      15.339106      0.087270      
320      14.822855      0.087270      
321      14.272800      0.087270      
322      14.120388      0.087270      
323      13.675187      0.087270      
324      13.385262      0.087270      
325      12.908547      0.087270      
326      12.762438      0.087270      
327      12.621487      0.087270      
328      12.415216      0.087270      
329      12.246188      0.087270      
330      12.023301      0.087270      
331      11.638262      0.087270      
332      11.225720      0.087270      
333      10.838962      0.087270      
334      10.323285      0.087270      
335      9.986376      0.087270      
336      9.605921      0.087270      
337      9.291358      0.087270      
338      8.807194      0.087270      
339      8.552220      0.087270      
340      8.102435      0.087270      
341      7.767245      0.087270      
342      7.222919      0.087270      
343      6.809231      0.087270      
344      6.283813      0.087270      
345      6.042018      0.087270      
346      5.787617      0.087270      
347      5.224383      0.087270      
348      5.066242      0.087270      
349      4.761420      0.087270      
350      4.510457      0.087270      
351      4.265224      0.087270      
352      3.966704      0.087270      
353      3.742671      0.087270      
354      3.527232      0.087270      
355      3.310075      0.087270      
356      3.020150      0.087270      
357      2.674646      0.087270      
358      2.267834      0.087270      
359      1.925195      0.087270      
360      1.469680      0.087270      
361      1.011300      0.087270      
362      0.885819      0.087270      
363      0.650326      0.087270      
364      0.461245      0.087270      
365      0.300812      0.087270      
366      -0.006303      0.087270      
367      -0.297947      0.087270      
368      -0.630845      0.087270      
369      -1.308101      0.087270      
370      -1.556199      0.087270      
371      -1.685119      0.087270      
372      -2.029476      0.087270      
373      -2.307942      0.087270      
374      -2.517078      0.087270      
375      -2.748560      0.087270      
376      -3.016139      0.087270      
377      -3.272831      0.087270      
378      -3.569059      0.087270      
379      -4.088747      0.087270      
380      -4.323094      0.087270      
381      -4.564316      0.087270      
382      -4.861690      0.087270      
383      -4.945345      0.087270      
384      -5.134999      0.087270      
385      -5.394557      0.087270      
386      -5.426643      0.087270      
387      -5.799077      0.087270      
388      -5.978418      0.087270      
389      -6.116505      0.087270      
390      -6.421327      0.087270      
391      -6.619004      0.087270      
392      -6.990864      0.087270      
393      -7.227503      0.087270      
394      -7.477320      0.087270      
395      -7.653223      0.087270      
396      -7.973516      0.087270      
397      -8.117905      0.087270      
398      -8.340220      0.087270      
399      -8.725259      0.087270      
400      -8.889129      0.087270      
401      -9.243228      0.087270      
402      -9.462104      0.087270      
403      -9.753175      0.087270      
404      -10.078052      0.087270      
405      -10.287761      0.087270      
406      -10.933503      0.087270      
407      -11.283018      0.087270      
408      -11.507051      0.087270      
409      -11.680089      0.087270      
410      -11.980901      0.087270      
411      -12.173993      0.087270      
412      -12.355053      0.087270      
413      -12.595130      0.087270      
414      -12.787076      0.087270      
415      -13.030590      0.087270      
416      -13.170396      0.087270      
417      -13.434538      0.087270      
418      -13.740506      0.087270      
419      -13.788636      0.087270      
420      -14.358746      0.087270      
421      -14.561579      0.087270      
422      -14.837180      0.087270      
423      -14.996467      0.087270      
424      -15.298997      0.087270      
425      -15.821550      0.087270      
426      -16.170492      0.087270      
427      -16.455260      0.087270      
428      -17.055165      0.087270      
429      -17.546204      0.087270      
430      -17.969632      0.087270      
431      -18.322012      0.087270      
432      -18.299666      0.087270      
433      -18.461245      0.087270      
434      -18.553494      0.087270      
435      -18.519115      0.087270      
436      -18.711635      0.087270      
437      -18.995830      0.087270      
438      -19.238198      0.087270      
439      -19.459940      0.087270      
440      -19.642145      0.087270      
441      -19.836384      0.087270      
442      -20.074741      0.087270      
443      -20.807576      0.087270      
444      -20.917014      0.087270      
445      -21.264810      0.087270      
446      -21.468216      0.087270      
447      -21.606303      0.087270      
448      -21.677352      0.087270      
449      -22.028012      0.087270      
450      -22.431959      0.087270      
451      -22.717301      0.087270      
452      -23.031864      0.087270      
453      -23.396276      0.087270      
454      -23.549833      0.087270      
455      -23.832309      0.087270      
456      -23.976126      0.087270      
457      -24.152029      0.087270      
458      -24.327360      0.087270      
459      -24.498679      0.087270      
460      -24.705523      0.087270      
461      -24.813242      0.087270      
462      -25.100875      0.087270      
463      -25.333503      0.087270      
464      -25.449817      0.087270      
465      -25.693331      0.087270      
466      -25.961483      0.087270      
467      -26.176922      0.087270      
468      -26.478880      0.087270      
469      -26.560815      0.087270      
470      -26.976222      0.087270      
471      -27.457520      0.087270      
472      -28.083209      0.087270      
473      -28.300939      0.087270      
474      -28.550756      0.087270      
475      -28.896260      0.087270      
476      -29.026898      0.087270      
477      -29.190196      0.087270      
478      -29.464651      0.087270      
479      -29.839949      0.087270      
480      -30.330988      0.087270      
481      -30.577940      0.087270      
482      -30.814579      0.087270      
483      -31.036320      0.087270      
484      -31.239153      0.087270      
485      -31.382970      0.087270      
486      -31.554289      0.087270      
487      -31.717014      0.087270      
488      -31.760560      0.087270      
489      -31.874582      0.087270      
490      -31.581219      0.087270      
491      -30.901671      0.087270      
492      -30.117269      0.087270      
493      -29.563775      0.087270      
494      -27.906732      0.087270      
495      -26.783129      0.106670      
496      -25.043005      0.087270      
497      -23.371638      0.087270      
498      -21.822887      0.087270      
499      -21.035620      0.087270      
500      -20.166990      0.087270      
501      -19.353366      0.087270      
502      -18.838262      0.087270      
503      -18.564380      0.087270      
504      -17.933535      0.087270      
505      -17.251122      0.087270      
506      -15.623301      0.087270      
507      -14.267643      0.087270      
508      -13.140029      0.087270      
509      -11.995225      0.087270      
510      -10.736400      0.087270      
511      -9.984657      0.087270      
512      -8.645042      0.087270      
513      -7.365017      0.087270      
514      -6.097024      0.087270      
515      -4.993474      0.087270      
516      -3.610314      0.087270      
517      -2.541143      0.087270      
518      -1.877065      0.087270      
519      -0.098552      0.087270      
520      0.447493      0.087270      
521      1.570524      0.087270      
522      2.863728      0.087270      
523      4.155212      0.087270      
524      5.174534      0.087270      
525      6.439663      0.087270      
526      7.538055      0.087270      
527      7.962629      0.087270      
528      9.026070      0.087270      
529      10.805157      0.087270      
530      11.871463      0.087270      
531      12.822028      0.087270      
532      13.766290      0.087270      
533      14.910520      0.087270      
534      15.971670      0.087270      
535      17.083240      0.087270      
536      17.517555      0.087270      
537      18.934522      0.087270      
538      19.846697      0.087270      
539      20.550310      0.087270      
540      21.455037      0.087270      
541      22.290435      0.087270      
542      23.147605      0.087270      
543      23.970396      0.087270      
544      25.218335      0.087270      
545      26.074932      0.087270      
546      26.331625      0.087270      
547      26.791724      0.087270      
548      27.505650      0.087270      
549      28.030495      0.087270      
550      28.493459      0.087270      
551      29.038930      0.087270      
552      30.022155      0.087270      
553      30.745249      0.087270      
554      31.259207      0.087270      
555      31.467197      0.087270      
556      31.993188      0.087270      
557      32.805666      0.087270      
558      33.590641      0.087270      
559      34.181951      0.087270      
560      34.775553      0.087270      
561      35.388063      0.087270      
562      36.296801      0.087270      
563      36.980933      0.087270      
564      37.391183      0.087270      
565      37.521248      0.087270      
566      38.007703      0.087270      
567      38.574948      0.087270      
568      39.125004      0.087270      
569      39.966704      0.087270      
570      40.631927      0.087270      
571      41.105205      0.087270      
572      41.781315      0.087270      
573      42.208181      0.087270      
574      42.675155      0.087270      
575      43.156454      0.087270      
576      43.708802      0.087270      
577      44.173484      0.087270      
578      44.920070      0.087270      
579      45.539456      0.087270      
580      46.048830      0.087270      
581      46.585134      0.087270      
582      47.238899      0.087270      
583      47.575808      0.087270      
584      48.616903      0.087270      
585      49.989750      0.087270      
586      50.396562      0.087270      
587      50.991310      0.087270      
588      51.425052      0.087270      
589      51.622155      0.087270      
590      52.193411      0.087270      
591      52.433487      0.087270      
592      53.058030      0.087270      
593      53.666529      0.087270      
594      54.597040      0.087270      
595      55.267993      0.087270      
596      55.942384      0.087270      
597      56.658603      0.087270      
598      57.147923      0.087270      
599      57.651568      0.087270      
600      58.285278      0.087270      
601      59.128696      0.087270      
602      60.079834      0.087270      
603      60.873404      0.087270      
604      61.867516      0.087270      
605      62.323603      0.087270      
606      62.693172      0.087270      
607      63.110298      0.087270      
608      63.631132      0.087270      
609      64.121025      0.087270      
610      64.577113      0.087270      
611      65.289320      0.087270      
612      66.000382      0.087270      
613      67.009390      0.087270      
614      67.878020      0.087270      
615      68.542671      0.087270      
616      69.272640      0.087270      
617      69.550533      0.087270      
618      70.010632      0.087270      
619      70.320611      0.087270      
620      70.666115      0.087270      
621      71.005316      0.087270      
622      71.454528      0.087270      
623      71.872227      0.087270      
624      72.291644      0.087270      
625      72.823938      0.087270      
626      73.433010      0.087270      
627      74.300493      0.087270      
628      74.877479      0.087270      
