44      0.406910      0.014375      0.131215      1.325969      -1.002670      0.996805      
45      0.407580      0.014755      0.131315      1.332536      -0.989697      0.983800      
46      0.407950      0.014935      0.131355      1.335472      -0.983829      0.977919      
47      0.408710      0.015255      0.131405      1.341384      -0.971889      0.965950      
48      0.409490      0.015635      0.131445      1.349136      -0.955964      0.949988      
49      0.410290      0.016075      0.131485      1.354703      -0.944334      0.938331      
50      0.411490      0.016795      0.131535      1.363348      -0.925932      0.919886      
51      0.412290      0.017245      0.131505      1.371178      -0.908888      0.902804      
52      0.413080      0.017555      0.131505      1.376613      -0.896839      0.890729      
53      0.413880      0.017835      0.131565      1.381835      -0.885082      0.878946      
54      0.414630      0.018145      0.131565      1.390267      -0.865714      0.859537      
55      0.415410      0.018365      0.131665      1.397539      -0.848603      0.842390      
56      0.415780      0.018465      0.131715      1.399171      -0.844708      0.838487      
57      0.416500      0.018675      0.131795      1.403315      -0.834727      0.828486      
58      0.417260      0.018845      0.131865      1.409037      -0.820722      0.814453      
59      0.418390      0.019055      0.132045      1.416575      -0.801848      0.795542      
60      0.419260      0.019215      0.132155      1.423402      -0.784320      0.777980      
61      0.420120      0.019385      0.132185      1.430264      -0.766250      0.759876      
62      0.421120      0.019525      0.132225      1.435677      -0.751656      0.745256      
63      0.421590      0.019595      0.132245      1.437769      -0.745932      0.739521      
64      0.423150      0.019825      0.132325      1.445119      -0.725426      0.718979      
65      0.424240      0.019995      0.132285      1.449351      -0.713325      0.706857      
66      0.425220      0.020125      0.132215      1.451481      -0.707149      0.700669      
67      0.426170      0.020315      0.132135      1.454681      -0.697760      0.691265      
68      0.427120      0.020535      0.132105      1.459535      -0.683251      0.676731      
69      0.428030      0.020895      0.132175      1.462809      -0.673271      0.666735      
70      0.428490      0.021095      0.132225      1.463153      -0.672215      0.665677      
71      0.430010      0.021815      0.132465      1.467346      -0.659174      0.652615      
72      0.431040      0.022365      0.132655      1.471736      -0.645220      0.638639      
73      0.432130      0.022995      0.132695      1.474742      -0.635474      0.628878      
74      0.433300      0.023645      0.132665      1.476971      -0.628142      0.621535      
75      0.434420      0.024285      0.132635      1.479651      -0.619206      0.612586      
76      0.435370      0.024905      0.132545      1.483432      -0.606360      0.599721      
77      0.436520      0.025645      0.132455      1.485700      -0.598514      0.591863      
78      0.436860      0.025835      0.132435      1.486822      -0.594590      0.587933      
79      0.437570      0.026215      0.132385      1.489219      -0.586120      0.579451      
80      0.438230      0.026565      0.132395      1.491635      -0.577445      0.570763      
81      0.438960      0.026845      0.132485      1.494169      -0.568200      0.561506      
82      0.439410      0.026985      0.132485      1.495040      -0.564984      0.558285      
83      0.440330      0.027265      0.132405      1.496652      -0.558983      0.552276      
84      0.441410      0.027485      0.132375      1.497533      -0.555672      0.548960      
85      0.442390      0.027745      0.132285      1.497924      -0.554198      0.547485      
86      0.443320      0.028045      0.131995      1.499342      -0.548815      0.542094      
87      0.444400      0.028355      0.131685      1.500870      -0.542950      0.536221      
88      0.444990      0.028545      0.131475      1.501157      -0.541840      0.535110      
89      0.446080      0.028935      0.130945      1.502814      -0.535391      0.528652      
90      0.447200      0.029285      0.130455      1.504899      -0.527154      0.520404      
91      0.448150      0.029605      0.130265      1.505896      -0.523170      0.516416      
92      0.449540      0.030035      0.130105      1.506132      -0.522223      0.515467      
93      0.450470      0.030265      0.130205      1.506153      -0.522137      0.515381      
94      0.451270      0.030475      0.130485      1.505968      -0.522883      0.516128      
95      0.451950      0.030645      0.130735      1.506633      -0.520203      0.513445      
96      0.452300      0.030725      0.130825      1.506945      -0.518945      0.512185      
97      0.452930      0.030835      0.130875      1.507393      -0.517127      0.510365      
98      0.453520      0.030945      0.130775      1.508393      -0.513049      0.506281      
99      0.454020      0.030985      0.130665      1.510667      -0.503646      0.496867      
100      0.454460      0.030995      0.130445      1.513281      -0.492606      0.485814      
101      0.454650      0.030955      0.130385      1.515239      -0.484168      0.477365      
102      0.454840      0.030945      0.130345      1.517132      -0.475859      0.469047      
103      0.455140      0.031025      0.130155      1.519106      -0.467034      0.460211      
104      0.455610      0.031125      0.129875      1.521026      -0.458284      0.451451      
105      0.455820      0.031165      0.129725      1.521379      -0.456657      0.449822      
106      0.456370      0.031335      0.129285      1.522698      -0.450520      0.443678      
107      0.457060      0.031455      0.128625      1.526942      -0.430162      0.423297      
108      0.457710      0.031605      0.127945      1.528121      -0.424331      0.417461      
109      0.458610      0.031765      0.127135      1.528052      -0.424674      0.417804      
110      0.459190      0.031745      0.126875      1.528789      -0.420987      0.414113      
111      0.459790      0.031625      0.126735      1.528884      -0.420511      0.413637      
112      0.460410      0.031445      0.126715      1.528614      -0.421868      0.414995      
113      0.461070      0.031235      0.126695      1.528750      -0.421182      0.414308      
114      0.461720      0.030935      0.126715      1.528923      -0.420316      0.413442      
115      0.462020      0.030795      0.126705      1.528971      -0.420074      0.413200      
116      0.462660      0.030535      0.126595      1.528975      -0.420051      0.413176      
117      0.463220      0.030235      0.126525      1.529249      -0.418671      0.411795      
118      0.463930      0.029805      0.126545      1.529383      -0.417993      0.411116      
119      0.464380      0.029485      0.126495      1.529729      -0.416238      0.409359      
120      0.464750      0.029175      0.126395      1.530616      -0.411708      0.404824      
121      0.465050      0.028925      0.126325      1.531117      -0.409126      0.402240      
122      0.465330      0.028735      0.126235      1.531611      -0.406560      0.399671      
123      0.465520      0.028605      0.126135      1.532756      -0.400553      0.393658      
124      0.465670      0.028545      0.125935      1.533410      -0.397081      0.390183      
125      0.465750      0.028575      0.125785      1.534005      -0.393898      0.386996      
126      0.466050      0.028715      0.125295      1.535573      -0.385375      0.378465      
127      0.466240      0.028815      0.125005      1.536694      -0.379162      0.372245      
128      0.466410      0.028915      0.124725      1.537421      -0.375071      0.368150      
129      0.466610      0.028975      0.124435      1.539290      -0.364357      0.357426      
130      0.466830      0.029015      0.124125      1.540578      -0.356780      0.349843      
131      0.467030      0.029135      0.123745      1.541866      -0.349037      0.342093      
132      0.467210      0.029265      0.123335      1.543457      -0.339222      0.332269      
133      0.467300      0.029285      0.123155      1.543996      -0.335830      0.328874      
134      0.467720      0.029245      0.122565      1.548941      -0.302947      0.295964      
135      0.468010      0.029305      0.122175      1.550989      -0.288222      0.281227      
136      0.468340      0.029315      0.121745      1.552442      -0.277296      0.270292      
137      0.468530      0.029325      0.121405      1.552495      -0.276888      0.269885      
138      0.468710      0.029315      0.121105      1.552544      -0.276513      0.269509      
139      0.468870      0.029315      0.120825      1.552734      -0.275049      0.268044      
140      0.469020      0.029345      0.120515      1.553288      -0.270728      0.263719      
141      0.469150      0.029365      0.120255      1.553856      -0.266234      0.259222      
142      0.469230      0.029375      0.120115      1.554680      -0.259570      0.252554      
143      0.469260      0.029315      0.119985      1.555486      -0.252882      0.245861      
144      0.469230      0.029205      0.119895      1.556193      -0.246859      0.239834      
145      0.469190      0.029005      0.119805      1.557039      -0.239464      0.232434      
146      0.469130      0.028735      0.119735      1.557877      -0.231904      0.224869      
147      0.469100      0.028575      0.119725      1.558167      -0.229232      0.222196      
148      0.469120      0.028505      0.119715      1.558743      -0.223818      0.216778      
149      0.469120      0.028485      0.119695      1.559077      -0.220628      0.213586      
150      0.469120      0.028475      0.119675      1.559194      -0.219492      0.212449      
151      0.469140      0.028465      0.119645      1.559536      -0.216154      0.209109      
152      0.469160      0.028485      0.119615      1.560681      -0.204592      0.197541      
153      0.469160      0.028485      0.119615      1.561566      -0.195185      0.188128      
154      0.469160      0.028485      0.119625      1.561766      -0.192990      0.185931      
155      0.469220      0.028575      0.119625      1.563137      -0.177260      0.170193      
156      0.469280      0.028615      0.119655      1.563699      -0.170398      0.163327      
157      0.469320      0.028625      0.119685      1.563939      -0.167386      0.160314      
158      0.469430      0.028675      0.119735      1.564227      -0.163700      0.156626      
159      0.469580      0.028785      0.119765      1.564717      -0.157221      0.150143      
160      0.469720      0.028875      0.119835      1.564951      -0.154028      0.146949      
161      0.469850      0.028965      0.119875      1.565266      -0.149635      0.142554      
162      0.470050      0.029015      0.119825      1.565523      -0.145948      0.138865      
163      0.470280      0.029045      0.119785      1.565602      -0.144802      0.137719      
164      0.470570      0.029035      0.119735      1.565800      -0.141868      0.134783      
165      0.470670      0.029025      0.119785      1.565767      -0.142362      0.135278      
166      0.470910      0.029005      0.119835      1.565966      -0.139373      0.132287      
167      0.471200      0.028975      0.119905      1.566217      -0.135512      0.128425      
168      0.471580      0.028865      0.120005      1.566518      -0.130734      0.123644      
169      0.471920      0.028735      0.120055      1.566437      -0.132036      0.124947      
170      0.472450      0.028575      0.120075      1.566651      -0.128552      0.121462      
171      0.472760      0.028395      0.120055      1.566598      -0.129423      0.122333      
172      0.473010      0.028245      0.119965      1.566575      -0.129808      0.122718      
173      0.473240      0.028155      0.119925      1.566779      -0.126441      0.119350      
174      0.473360      0.028125      0.119925      1.566871      -0.124888      0.117796      
175      0.473460      0.028075      0.119925      1.566923      -0.124009      0.116916      
176      0.473690      0.027985      0.119865      1.567011      -0.122502      0.115409      
177      0.473890      0.027955      0.119845      1.567333      -0.116820      0.109725      
178      0.474210      0.027915      0.119845      1.567560      -0.112653      0.105556      
179      0.474420      0.027955      0.119795      1.567859      -0.106908      0.099808      
180      0.474510      0.028015      0.119725      1.568261      -0.098674      0.091571      
181      0.474600      0.028085      0.119625      1.568358      -0.096578      0.089475      
182      0.474620      0.028115      0.119625      1.568300      -0.097842      0.090739      
183      0.474630      0.028255      0.119645      1.568523      -0.092928      0.085823      
184      0.474670      0.028445      0.119605      1.568801      -0.086420      0.079314      
185      0.474820      0.028535      0.119535      1.568720      -0.088367      0.081261      
186      0.475010      0.028615      0.119495      1.568869      -0.084772      0.077664      
187      0.475190      0.028685      0.119415      1.568932      -0.083202      0.076094      
188      0.475350      0.028725      0.119355      1.569039      -0.080462      0.073353      
189      0.475410      0.028755      0.119325      1.569112      -0.078539      0.071429      
190      0.475500      0.028805      0.119305      1.569333      -0.072446      0.065335      
191      0.475520      0.028815      0.119295      1.569331      -0.072509      0.065398      
192      0.475510      0.028845      0.119275      1.569444      -0.069188      0.062076      
193      0.475500      0.028845      0.119295      1.569549      -0.065961      0.058848      
194      0.475510      0.028855      0.119305      1.569481      -0.068058      0.060945      
195      0.475530      0.028885      0.119325      1.569502      -0.067398      0.060285      
196      0.475520      0.028925      0.119335      1.569609      -0.064046      0.056932      
197      0.475540      0.028925      0.119345      1.569539      -0.066260      0.059146      
198      0.475570      0.028925      0.119335      1.569501      -0.067437      0.060324      
199      0.475590      0.028865      0.119355      1.569601      -0.064297      0.057183      
200      0.475630      0.028815      0.119425      1.569656      -0.062483      0.055369      
201      0.475670      0.028775      0.119475      1.569780      -0.058259      0.051143      
202      0.475710      0.028775      0.119535      1.569935      -0.052464      0.045347      
203      0.475830      0.028785      0.119585      1.570078      -0.046567      0.039449      
204      0.475930      0.028795      0.119595      1.570160      -0.042822      0.035702      
205      0.476030      0.028765      0.119595      1.570277      -0.036862      0.029741      
206      0.476060      0.028735      0.119615      1.570234      -0.039163      0.032042      
207      0.476100      0.028695      0.119615      1.570253      -0.038142      0.031021      
208      0.476190      0.028665      0.119665      1.570265      -0.037537      0.030416      
209      0.476250      0.028625      0.119675      1.570297      -0.035770      0.028649      
210      0.476270      0.028605      0.119665      1.570297      -0.035762      0.028641      
211      0.476250      0.028605      0.119655      1.570337      -0.033469      0.026347      
212      0.476230      0.028585      0.119685      1.570372      -0.031286      0.024164      
213      0.476240      0.028495      0.119675      1.570409      -0.028828      0.021705      
214      0.476270      0.028465      0.119655      1.570468      -0.024486      0.017362      
215      0.476260      0.028455      0.119685      1.570506      -0.021274      0.014149      
216      0.476290      0.028365      0.119705      1.570538      -0.018172      0.011047      
217      0.476370      0.028215      0.119685      1.570516      -0.020371      0.013246      
218      0.476410      0.028125      0.119675      1.570526      -0.019373      0.012249      
219      0.476440      0.028035      0.119695      1.570565      -0.015172      0.008046      
220      0.476480      0.027945      0.119735      1.570573      -0.014175      0.007049      
221      0.476480      0.027895      0.119715      1.570588      -0.012078      0.004952      
222      0.476430      0.027795      0.119705      1.570631      -0.003031      -0.004097      
223      0.476410      0.027755      0.119675      1.570638      0.000456      -0.007585      
224      0.476390      0.027765      0.119635      1.570636      0.006079      -0.013208      
225      0.476330      0.027705      0.119595      1.570597      0.016155      -0.023286      
226      0.476280      0.027595      0.119565      1.570578      0.018943      -0.026074      
227      0.476220      0.027565      0.119535      1.570591      0.017066      -0.024197      
228      0.476180      0.027545      0.119515      1.570573      0.019524      -0.026655      
229      0.476140      0.027535      0.119495      1.570572      0.019689      -0.026820      
230      0.476020      0.027495      0.119425      1.570557      0.021464      -0.028596      
231      0.475920      0.027445      0.119385      1.570521      0.025265      -0.032397      
232      0.475840      0.027395      0.119365      1.570517      0.025666      -0.032798      
233      0.475760      0.027355      0.119305      1.570513      0.025988      -0.033120      
234      0.475710      0.027345      0.119305      1.570511      0.026231      -0.033363      
235      0.475680      0.027325      0.119315      1.570509      0.026380      -0.033512      
236      0.475680      0.027285      0.119285      1.570519      0.025454      -0.032586      
237      0.475670      0.027265      0.119265      1.570466      0.030048      -0.037180      
238      0.475640      0.027255      0.119255      1.570435      0.032333      -0.039466      
239      0.475570      0.027225      0.119245      1.570417      0.033661      -0.040793      
240      0.475480      0.027215      0.119205      1.570375      0.036464      -0.043597      
241      0.475380      0.027175      0.119175      1.570334      0.038978      -0.046111      
242      0.475340      0.027175      0.119175      1.570275      0.042362      -0.049496      
243      0.475290      0.027155      0.119135      1.570099      0.051001      -0.058135      
244      0.475240      0.027125      0.119095      1.569796      0.063040      -0.070174      
245      0.475190      0.027095      0.119065      1.569578      0.070390      -0.077525      
246      0.475140      0.027065      0.119055      1.569568      0.070720      -0.077855      
247      0.475100      0.027015      0.119035      1.569554      0.071144      -0.078279      
248      0.475090      0.027015      0.119025      1.569589      0.070037      -0.077171      
249      0.475070      0.027005      0.119035      1.569520      0.072228      -0.079362      
250      0.475050      0.026985      0.119015      1.569508      0.072573      -0.079708      
251      0.475030      0.026995      0.119015      1.569514      0.072393      -0.079527      
252      0.474970      0.027015      0.118995      1.569434      0.074851      -0.081985      
253      0.474870      0.027005      0.119005      1.569194      0.081690      -0.088825      
254      0.474780      0.027005      0.119025      1.569053      0.085475      -0.092610      
255      0.474770      0.027005      0.119005      1.569010      0.086582      -0.093717      
256      0.474780      0.026995      0.118995      1.568718      0.093783      -0.100917      
257      0.474810      0.026975      0.119005      1.568635      0.095730      -0.102864      
258      0.474820      0.026985      0.118975      1.568542      0.097866      -0.105000      
259      0.474820      0.026985      0.118935      1.568342      0.102302      -0.109436      
260      0.474790      0.026965      0.118915      1.568139      0.106605      -0.113738      
261      0.474750      0.026945      0.118895      1.568132      0.106762      -0.113895      
262      0.474730      0.026945      0.118855      1.568069      0.108057      -0.115191      
263      0.474710      0.026915      0.118845      1.567845      0.112548      -0.119681      
264      0.474690      0.026905      0.118845      1.567732      0.114747      -0.121879      
265      0.474700      0.026855      0.118835      1.567544      0.118311      -0.125444      
266      0.474740      0.026805      0.118855      1.566908      0.129631      -0.136763      
267      0.474780      0.026745      0.118935      1.566482      0.136673      -0.143803      
268      0.474790      0.026715      0.118945      1.566431      0.137497      -0.144628      
269      0.474810      0.026695      0.118935      1.566372      0.138439      -0.145569      
270      0.474800      0.026685      0.118925      1.566108      0.142576      -0.149705      
271      0.474790      0.026695      0.118925      1.566036      0.143675      -0.150804      
272      0.474790      0.026695      0.118935      1.565898      0.145770      -0.152900      
273      0.474820      0.026695      0.118995      1.565322      0.154216      -0.161344      
274      0.474890      0.026705      0.119025      1.565215      0.155723      -0.162850      
275      0.475010      0.026715      0.119055      1.565028      0.158336      -0.165463      
276      0.475070      0.026725      0.119085      1.564669      0.163241      -0.170367      
277      0.475230      0.026715      0.119155      1.564176      0.169723      -0.176848      
278      0.475390      0.026705      0.119215      1.563838      0.174031      -0.181155      
279      0.475520      0.026645      0.119255      1.563725      0.175451      -0.182575      
280      0.475630      0.026575      0.119275      1.563336      0.180238      -0.187361      
281      0.475730      0.026535      0.119305      1.563293      0.180756      -0.187878      
282      0.475780      0.026535      0.119335      1.563224      0.181587      -0.188710      
283      0.475830      0.026515      0.119385      1.563063      0.183517      -0.190640      
284      0.475940      0.026515      0.119425      1.563031      0.183902      -0.191024      
285      0.476000      0.026525      0.119455      1.562990      0.184388      -0.191510      
286      0.476140      0.026495      0.119485      1.562760      0.187103      -0.194224      
287      0.476270      0.026425      0.119535      1.562448      0.190712      -0.197832      
288      0.476420      0.026375      0.119575      1.562428      0.190939      -0.198060      
289      0.476700      0.026255      0.119655      1.561867      0.197255      -0.204374      
290      0.476900      0.026185      0.119705      1.561625      0.199914      -0.207032      
291      0.477070      0.026165      0.119705      1.561609      0.200087      -0.207205      
292      0.477150      0.026165      0.119725      1.561445      0.201867      -0.208985      
293      0.477290      0.026155      0.119785      1.561321      0.203209      -0.210326      
294      0.477460      0.026165      0.119845      1.561409      0.202259      -0.209377      
295      0.477650      0.026155      0.119875      1.561271      0.203742      -0.210859      
296      0.477850      0.026105      0.119955      1.561077      0.205813      -0.212929      
297      0.478160      0.026005      0.120035      1.561121      0.205342      -0.212459      
298      0.478360      0.025895      0.120125      1.561004      0.206589      -0.213706      
299      0.478540      0.025785      0.120165      1.561076      0.205821      -0.212937      
300      0.478760      0.025655      0.120225      1.560957      0.207083      -0.214200      
301      0.478910      0.025605      0.120275      1.560831      0.208401      -0.215517      
302      0.479170      0.025525      0.120375      1.560632      0.210480      -0.217595      
303      0.479460      0.025485      0.120425      1.560757      0.209178      -0.216293      
304      0.479810      0.025455      0.120525      1.560513      0.211703      -0.218818      
305      0.479920      0.025465      0.120525      1.560576      0.211052      -0.218167      
306      0.479910      0.025485      0.120515      1.560545      0.211374      -0.218489      
307      0.479850      0.025525      0.120525      1.560300      0.213891      -0.221006      
308      0.479790      0.025545      0.120545      1.560192      0.214989      -0.222103      
309      0.479780      0.025545      0.120565      1.559975      0.217177      -0.224291      
310      0.479810      0.025585      0.120605      1.559567      0.221232      -0.228344      
311      0.479850      0.025615      0.120645      1.559266      0.224180      -0.231292      
312      0.479970      0.025645      0.120715      1.558788      0.228776      -0.235885      
313      0.480050      0.025695      0.120765      1.558474      0.231747      -0.238856      
314      0.480140      0.025775      0.120865      1.558216      0.234154      -0.241262      
315      0.480260      0.025845      0.120855      1.558155      0.234727      -0.241834      
316      0.480350      0.025945      0.120905      1.557894      0.237134      -0.244241      
317      0.480410      0.026065      0.120985      1.557727      0.238662      -0.245769      
318      0.480460      0.026145      0.121075      1.557668      0.239196      -0.246302      
319      0.480540      0.026195      0.121205      1.557535      0.240403      -0.247509      
320      0.480640      0.026235      0.121345      1.557134      0.244009      -0.251114      
321      0.480780      0.026285      0.121505      1.556896      0.246118      -0.253222      
322      0.480910      0.026335      0.121595      1.556250      0.251762      -0.258863      
323      0.481040      0.026395      0.121665      1.555948      0.254356      -0.261457      
324      0.481140      0.026475      0.121725      1.555796      0.255649      -0.262750      
325      0.481240      0.026535      0.121775      1.555858      0.255124      -0.262225      
326      0.481340      0.026595      0.121835      1.555824      0.255406      -0.262507      
327      0.481450      0.026665      0.121885      1.555782      0.255767      -0.262867      
328      0.481590      0.026735      0.121945      1.555764      0.255916      -0.263016      
329      0.481790      0.026835      0.122085      1.555533      0.257875      -0.264975      
330      0.481990      0.026945      0.122245      1.555314      0.259709      -0.266808      
331      0.482200      0.027065      0.122355      1.555237      0.260352      -0.267450      
332      0.482380      0.027165      0.122455      1.554996      0.262358      -0.269456      
333      0.482540      0.027245      0.122545      1.554852      0.263549      -0.270646      
334      0.482650      0.027315      0.122575      1.554795      0.264019      -0.271116      
335      0.482840      0.027325      0.122615      1.554370      0.267491      -0.274586      
336      0.482880      0.027335      0.122625      1.554401      0.267240      -0.274336      
337      0.482960      0.027385      0.122645      1.553917      0.271142      -0.278236      
338      0.483010      0.027415      0.122675      1.553684      0.272999      -0.280093      
339      0.483070      0.027445      0.122705      1.553739      0.272561      -0.279654      
340      0.483100      0.027465      0.122715      1.553213      0.276713      -0.283805      
341      0.483150      0.027495      0.122745      1.552653      0.281069      -0.288159      
342      0.483220      0.027535      0.122785      1.552001      0.286051      -0.293139      
343      0.483260      0.027565      0.122835      1.551594      0.289122      -0.296208      
344      0.483300      0.027585      0.122865      1.551346      0.290970      -0.298056      
345      0.483320      0.027585      0.122875      1.550894      0.294323      -0.301407      
346      0.483320      0.027585      0.122875      1.550744      0.295419      -0.302502      
347      0.483320      0.027585      0.122885      1.550426      0.297745      -0.304827      
348      0.483280      0.027565      0.122865      1.549177      0.306688      -0.313766      
349      0.483230      0.027525      0.122895      1.548675      0.310211      -0.317287      
350      0.483150      0.027495      0.122895      1.547973      0.315065      -0.322139      
351      0.483080      0.027505      0.122865      1.547113      0.320913      -0.327984      
352      0.483000      0.027485      0.122905      1.546384      0.325789      -0.332857      
353      0.482900      0.027465      0.122975      1.546009      0.328262      -0.335329      
354      0.482860      0.027455      0.122985      1.545818      0.329514      -0.336581      
355      0.482860      0.027455      0.122985      1.545481      0.331721      -0.338786      
356      0.482850      0.027445      0.122995      1.545334      0.332676      -0.339741      
357      0.482830      0.027415      0.123085      1.545030      0.334640      -0.341704      
358      0.482780      0.027375      0.123255      1.544204      0.339930      -0.346990      
359      0.482730      0.027265      0.123485      1.543709      0.343059      -0.350118      
360      0.482640      0.027105      0.123765      1.543040      0.347237      -0.354293      
361      0.482580      0.027015      0.123945      1.542893      0.348152      -0.355208      
362      0.482500      0.026935      0.124155      1.542528      0.350405      -0.357459      
363      0.482410      0.026865      0.124315      1.542184      0.352517      -0.359570      
364      0.482390      0.026835      0.124405      1.542201      0.352407      -0.359460      
365      0.482350      0.026745      0.124575      1.542043      0.353377      -0.360430      
366      0.482280      0.026585      0.124845      1.541520      0.356552      -0.363603      
367      0.482230      0.026435      0.125025      1.541151      0.358773      -0.365823      
368      0.482230      0.026285      0.125205      1.541202      0.358468      -0.365518      
369      0.482220      0.026125      0.125385      1.540724      0.361331      -0.368379      
370      0.482240      0.025955      0.125535      1.540374      0.363411      -0.370458      
371      0.482260      0.025795      0.125735      1.540242      0.364193      -0.371239      
372      0.482260      0.025725      0.125815      1.539879      0.366335      -0.373380      
373      0.482290      0.025605      0.125935      1.539589      0.368032      -0.375076      
374      0.482350      0.025535      0.126015      1.539454      0.368822      -0.375865      
375      0.482400      0.025385      0.126115      1.538938      0.371824      -0.378865      
376      0.482430      0.025265      0.126185      1.538588      0.373841      -0.380881      
377      0.482450      0.025175      0.126255      1.538244      0.375818      -0.382857      
378      0.482420      0.025075      0.126345      1.538085      0.376725      -0.383764      
379      0.482350      0.024965      0.126405      1.538022      0.377085      -0.384123      
380      0.482310      0.024825      0.126485      1.537784      0.378445      -0.385482      
381      0.482290      0.024765      0.126545      1.537611      0.379422      -0.386459      
382      0.482230      0.024555      0.126645      1.537158      0.381986      -0.389021      
383      0.482130      0.024395      0.126735      1.536729      0.384393      -0.391426      
384      0.482020      0.024185      0.126865      1.536235      0.387144      -0.394175      
385      0.481930      0.023985      0.126975      1.536358      0.386464      -0.393496      
386      0.481830      0.023775      0.127155      1.535524      0.391074      -0.398103      
387      0.481770      0.023555      0.127385      1.535165      0.393043      -0.400071      
388      0.481710      0.023275      0.127735      1.534801      0.395028      -0.402054      
389      0.481640      0.022935      0.128265      1.534125      0.398684      -0.405708      
390      0.481620      0.022845      0.128385      1.534144      0.398582      -0.405606      
391      0.481560      0.022695      0.128675      1.533792      0.400473      -0.407495      
392      0.481520      0.022605      0.128925      1.533259      0.403324      -0.410345      
393      0.481460      0.022525      0.129155      1.532687      0.406354      -0.413373      
394      0.481400      0.022475      0.129335      1.532732      0.406120      -0.413139      
395      0.481400      0.022395      0.129505      1.532023      0.409846      -0.416861      
396      0.481430      0.022225      0.129725      1.531497      0.412594      -0.419608      
397      0.481450      0.022105      0.129835      1.531164      0.414320      -0.421333      
398      0.481450      0.022055      0.129915      1.530980      0.415273      -0.422285      
399      0.481460      0.021965      0.130175      1.530872      0.415827      -0.422839      
400      0.481490      0.021875      0.130445      1.530599      0.417233      -0.424243      
401      0.481510      0.021815      0.130665      1.530275      0.418896      -0.425905      
402      0.481560      0.021765      0.130865      1.529989      0.420355      -0.427364      
403      0.481560      0.021725      0.130965      1.529879      0.420918      -0.427926      
404      0.481570      0.021665      0.130995      1.529669      0.421987      -0.428994      
405      0.481560      0.021595      0.131085      1.529466      0.423018      -0.430024      
406      0.481560      0.021535      0.131175      1.528872      0.426015      -0.433019      
407      0.481600      0.021475      0.131225      1.528912      0.425812      -0.432817      
408      0.481630      0.021395      0.131355      1.528763      0.426562      -0.433565      
409      0.481640      0.021375      0.131445      1.528200      0.429379      -0.436381      
410      0.481670      0.021305      0.131555      1.527827      0.431237      -0.438237      
411      0.481740      0.021265      0.131685      1.527947      0.430644      -0.437644      
412      0.481820      0.021265      0.131765      1.527413      0.433289      -0.440288      
413      0.482020      0.021255      0.131965      1.527076      0.434951      -0.441949      
414      0.482120      0.021295      0.132175      1.527108      0.434795      -0.441793      
415      0.482270      0.021355      0.132405      1.526935      0.435646      -0.442643      
416      0.482360      0.021365      0.132525      1.526882      0.435903      -0.442900      
417      0.482500      0.021385      0.132705      1.527162      0.434530      -0.441528      
418      0.482620      0.021455      0.132835      1.526712      0.436738      -0.443734      
419      0.482740      0.021515      0.133025      1.526504      0.437761      -0.444756      
420      0.482850      0.021505      0.133265      1.526312      0.438697      -0.445691      
421      0.482920      0.021395      0.133515      1.525358      0.443324      -0.450314      
422      0.482990      0.021335      0.133775      1.524431      0.447778      -0.454765      
423      0.482980      0.021335      0.133935      1.522688      0.456022      -0.463002      
424      0.483030      0.021305      0.134045      1.522562      0.456614      -0.463595      
425      0.483080      0.021315      0.134105      1.520972      0.463990      -0.470965      
426      0.483110      0.021325      0.134155      1.519836      0.469190      -0.476160      
427      0.483150      0.021355      0.134185      1.519186      0.472136      -0.479104      
428      0.483330      0.021355      0.134215      1.518612      0.474724      -0.481689      
429      0.483570      0.021315      0.134285      1.518409      0.475636      -0.482600      
430      0.483740      0.021265      0.134375      1.517414      0.480077      -0.487038      
431      0.483910      0.021205      0.134435      1.517100      0.481472      -0.488431      
432      0.484080      0.021165      0.134495      1.516746      0.483038      -0.489996      
433      0.484350      0.021095      0.134595      1.517293      0.480615      -0.487575      
434      0.484630      0.021055      0.134725      1.517421      0.480046      -0.487007      
435      0.484930      0.021115      0.134715      1.516532      0.483981      -0.490938      
436      0.485300      0.021085      0.134795      1.515708      0.487595      -0.494549      
437      0.485460      0.021025      0.134875      1.515891      0.486793      -0.493747      
438      0.485770      0.020925      0.134975      1.516211      0.485391      -0.492346      
439      0.486000      0.020905      0.134995      1.516475      0.484230      -0.491187      
440      0.486180      0.020925      0.135065      1.515713      0.487572      -0.494526      
441      0.486330      0.020905      0.135125      1.515679      0.487720      -0.494674      
442      0.486340      0.020945      0.135145      1.514678      0.492074      -0.499024      
443      0.486350      0.021005      0.135165      1.513393      0.497603      -0.504548      
444      0.486280      0.021115      0.135215      1.512206      0.502656      -0.509597      
445      0.486230      0.021225      0.135215      1.511412      0.506004      -0.512941      
446      0.486210      0.021315      0.135235      1.510107      0.511460      -0.518392      
447      0.486180      0.021455      0.135285      1.506455      0.526414      -0.533332      
448      0.486240      0.021545      0.135365      1.504957      0.532419      -0.539331      
449      0.486330      0.021655      0.135425      1.502943      0.540380      -0.547284      
450      0.486500      0.021735      0.135485      1.499846      0.552388      -0.559280      
451      0.486730      0.021845      0.135585      1.499440      0.553942      -0.560832      
452      0.486820      0.021895      0.135575      1.499282      0.554548      -0.561438      
453      0.486850      0.021905      0.135585      1.499656      0.553119      -0.560010      
454      0.486940      0.021895      0.135635      1.500846      0.548542      -0.555437      
455      0.487080      0.021905      0.135695      1.501332      0.546661      -0.553559      
456      0.487220      0.021885      0.135765      1.502058      0.543840      -0.550740      
457      0.487380      0.021865      0.135855      1.505060      0.532006      -0.538919      
458      0.487490      0.021905      0.135945      1.508795      0.516884      -0.523811      
459      0.487620      0.021945      0.136075      1.513673      0.496404      -0.503350      
460      0.487700      0.022025      0.136285      1.521279      0.462579      -0.469555      
461      0.487770      0.022045      0.136355      1.525737      0.441490      -0.448482      
462      0.487820      0.022075      0.136395      1.530665      0.416897      -0.423908      
463      0.487840      0.022105      0.136415      1.532628      0.406667      -0.413685      
464      0.487820      0.022075      0.136565      1.536743      0.384315      -0.391348      
465      0.487680      0.022015      0.136845      1.541307      0.357835      -0.364885      
466      0.487530      0.021945      0.137145      1.544741      0.336502      -0.343565      
467      0.487250      0.021805      0.137565      1.548698      0.310047      -0.317123      
468      0.487010      0.021675      0.137865      1.550989      0.293618      -0.300702      
469      0.486790      0.021535      0.138145      1.553252      0.276408      -0.283499      
470      0.486560      0.021405      0.138365      1.555107      0.261433      -0.268531      
471      0.486340      0.021305      0.138605      1.556982      0.245357      -0.252462      
472      0.486240      0.021255      0.138735      1.557969      0.236444      -0.243551      
473      0.485880      0.021135      0.139165      1.559983      0.217099      -0.224212      
474      0.485340      0.020925      0.139885      1.562667      0.188178      -0.195299      
475      0.485000      0.020735      0.140325      1.564584      0.164379      -0.171505      
476      0.484650      0.020565      0.140745      1.565796      0.147301      -0.154430      
477      0.484370      0.020405      0.141065      1.566899      0.129781      -0.136912      
478      0.484080      0.020245      0.141385      1.568007      0.109321      -0.116455      
479      0.483910      0.020135      0.141565      1.568400      0.101046      -0.108180      
480      0.483620      0.019975      0.141905      1.568851      0.090587      -0.097721      
481      0.483370      0.019785      0.142255      1.569560      0.070948      -0.078082      
482      0.483090      0.019595      0.142705      1.570161      0.048142      -0.055276      
483      0.482740      0.019405      0.143275      1.570562      0.020891      -0.028022      
484      0.482570      0.019315      0.143585      1.570630      -0.003416      -0.003712      
485      0.482390      0.019235      0.143885      1.570415      -0.028397      0.021273      
486      0.482280      0.019165      0.144105      1.570064      -0.047148      0.040030      
487      0.482110      0.019135      0.144335      1.569413      -0.070091      0.062979      
488      0.482020      0.019135      0.144465      1.568888      -0.084309      0.077201      
489      0.481850      0.019115      0.144625      1.567293      -0.117534      0.110439      
490      0.481550      0.019155      0.144965      1.563041      -0.178405      0.171339      
491      0.481290      0.019185      0.145175      1.560648      -0.204930      0.197878      
492      0.481100      0.019185      0.145365      1.557867      -0.231990      0.224956      
493      0.480810      0.019145      0.145585      1.555694      -0.251120      0.244098      
494      0.480560      0.019075      0.145745      1.553904      -0.265850      0.258838      
495      0.480290      0.018955      0.145935      1.552842      -0.274211      0.267206      
496      0.479910      0.018835      0.146225      1.550940      -0.288582      0.281587      
497      0.479680      0.018785      0.146355      1.549829      -0.296649      0.289661      
498      0.479230      0.018695      0.146615      1.547356      -0.313867      0.306892      
499      0.478580      0.018495      0.147095      1.543456      -0.339230      0.332277      
500      0.478150      0.018365      0.147415      1.540786      -0.355538      0.348599      
501      0.477810      0.018305      0.147665      1.538331      -0.369894      0.362969      
502      0.477450      0.018225      0.147955      1.534585      -0.390768      0.383863      
503      0.477020      0.018105      0.148245      1.531407      -0.407621      0.400733      
504      0.476660      0.018005      0.148465      1.527227      -0.428759      0.421893      
505      0.476390      0.017925      0.148695      1.522451      -0.451673      0.444832      
506      0.476080      0.017845      0.148915      1.518197      -0.471120      0.464302      
507      0.475810      0.017735      0.149125      1.513490      -0.491712      0.484918      
508      0.475610      0.017615      0.149295      1.508302      -0.513421      0.506655      
509      0.475370      0.017515      0.149435      1.504095      -0.530345      0.523600      
510      0.475150      0.017445      0.149565      1.499368      -0.548714      0.541993      
511      0.474950      0.017375      0.149765      1.493810      -0.569518      0.562825      
512      0.474600      0.017275      0.150065      1.487137      -0.593483      0.586825      
513      0.474230      0.017185      0.150375      1.478518      -0.623002      0.616387      
514      0.473950      0.017125      0.150565      1.471652      -0.645490      0.638910      
515      0.473570      0.017125      0.150645      1.464237      -0.668869      0.662326      
516      0.473240      0.017155      0.150625      1.459384      -0.683706      0.677187      
517      0.472870      0.017165      0.150725      1.453893      -0.700084      0.693593      
518      0.472520      0.017225      0.150795      1.448106      -0.716909      0.710446      
519      0.472290      0.017325      0.150845      1.444301      -0.727739      0.721296      
520      0.471970      0.017495      0.150925      1.440516      -0.738339      0.731915      
521      0.471480      0.017685      0.150935      1.434104      -0.755929      0.749536      
522      0.471030      0.017815      0.150975      1.427341      -0.774004      0.767645      
523      0.470580      0.017865      0.151025      1.421680      -0.788783      0.782451      
524      0.470140      0.017895      0.151075      1.414276      -0.807658      0.801363      
525      0.469680      0.017865      0.151285      1.404828      -0.831049      0.824801      
526      0.469410      0.017835      0.151435      1.400500      -0.841522      0.835294      
527      0.468860      0.017805      0.151755      1.393088      -0.859122      0.852931      
528      0.468360      0.017835      0.152045      1.385634      -0.876417      0.870263      
529      0.467940      0.017865      0.152315      1.376545      -0.896991      0.890881      
530      0.467440      0.017935      0.152535      1.369659      -0.912225      0.906148      
531      0.466790      0.018115      0.152645      1.363401      -0.925818      0.919772      
532      0.466250      0.018405      0.152675      1.351996      -0.950011      0.944020      
533      0.466130      0.018455      0.152835      1.345898      -0.962654      0.956693      
534      0.466010      0.018445      0.153055      1.340872      -0.972930      0.966994      
535      0.465910      0.018405      0.153205      1.337814      -0.979120      0.973198      
536      0.465680      0.018265      0.153555      1.330234      -0.994266      0.988381      
537      0.465430      0.018125      0.153905      1.325624      -1.003346      0.997484      
538      0.464900      0.017955      0.154505      1.321567      -1.011254      1.005411      
