87      0.006520      1638131305926      
88      0.005490      1638131305958      
89      0.007990      1638131306005      
90      0.011050      1638131306036      
91      0.006890      1638131306068      
92      0.007000      1638131306099      
93      0.015080      1638131306128      
94      0.009910      1638131306172      
95      0.016080      1638131306202      
96      0.010850      1638131306235      
97      0.014710      1638131306266      
98      0.012310      1638131306298      
99      0.010280      1638131306331      
100      0.013120      1638131306375      
101      0.017320      1638131306408      
102      0.008390      1638131306437      
103      0.007120      1638131306466      
104      0.010510      1638131306498      
105      0.013400      1638131306531      
106      0.010960      1638131306563      
107      0.014340      1638131306611      
108      0.022630      1638131306642      
109      0.011090      1638131306675      
110      0.013290      1638131306706      
111      0.014360      1638131306737      
112      0.008510      1638131306766      
113      0.012540      1638131306800      
114      0.008070      1638131306844      
115      0.018630      1638131306876      
116      0.012860      1638131306907      
117      0.015220      1638131306938      
118      0.014340      1638131306971      
119      0.011220      1638131307015      
120      0.019580      1638131307044      
121      0.010080      1638131307080      
122      0.010690      1638131307106      
123      0.010520      1638131307124      
124      0.011350      1638131307153      
125      0.016980      1638131307185      
126      0.015020      1638131307214      
127      0.011450      1638131307244      
128      0.005620      1638131307294      
129      0.018290      1638131307322      
130      0.004450      1638131307355      
131      0.003510      1638131307384      
132      0.010120      1638131307415      
133      0.010470      1638131307446      
134      0.006460      1638131307478      
135      0.014400      1638131307523      
136      0.011100      1638131307555      
137      0.016570      1638131307588      
138      0.013010      1638131307616      
139      0.012030      1638131307646      
140      0.016950      1638131307679      
141      0.013410      1638131307727      
142      0.018940      1638131307755      
143      0.006560      1638131307786      
144      0.009940      1638131307817      
145      0.016400      1638131307850      
146      0.008880      1638131307877      
147      0.008600      1638131307923      
148      0.020440      1638131307961      
149      0.007430      1638131307992      
150      0.016680      1638131308018      
151      0.014370      1638131308051      
152      0.015600      1638131308080      
153      0.014250      1638131308127      
154      0.018530      1638131308157      
155      0.015330      1638131308189      
156      0.004010      1638131308224      
157      0.007460      1638131308255      
158      0.007720      1638131308285      
159      -0.000540      1638131308314      
160      0.009160      1638131308346      
161      0.007620      1638131308390      
162      0.006410      1638131308421      
163      0.010770      1638131308454      
164      0.010100      1638131308486      
165      0.011620      1638131308519      
166      0.010660      1638131308548      
167      0.005340      1638131308582      
168      0.008990      1638131308629      
169      0.016770      1638131308661      
170      0.010000      1638131308689      
171      0.009430      1638131308721      
172      0.007390      1638131308748      
173      0.010580      1638131308785      
174      0.011610      1638131308815      
175      0.005770      1638131308862      
176      0.015520      1638131308890      
177      0.006040      1638131308926      
178      0.008390      1638131308952      
179      0.007450      1638131308986      
180      0.009280      1638131309014      
181      0.005570      1638131309063      
182      0.016080      1638131309091      
183      0.005800      1638131309123      
184      -0.000360      1638131309155      
185      0.005660      1638131309195      
186      0.011240      1638131309215      
187      0.005570      1638131309271      
188      0.021290      1638131309292      
189      0.005600      1638131309327      
190      0.004490      1638131309355      
191      0.015860      1638131309386      
192      0.015770      1638131309420      
193      0.013290      1638131309450      
194      0.010000      1638131309481      
195      0.006360      1638131309526      
196      0.017730      1638131309558      
197      0.015520      1638131309594      
198      0.011090      1638131309621      
199      -0.003310      1638131309657      
200      0.005280      1638131309685      
201      0.007100      1638131309730      
202      -0.000840      1638131309759      
203      0.011820      1638131309790      
204      0.006920      1638131309821      
205      -0.001630      1638131309856      
206      0.011920      1638131309902      
207      0.009450      1638131309931      
208      -0.003010      1638131309962      
209      0.001890      1638131309997      
210      0.005220      1638131310025      
211      0.002290      1638131310053      
212      0.003790      1638131310087      
213      0.002950      1638131310134      
214      0.010460      1638131310166      
215      0.010690      1638131310195      
216      0.005910      1638131310230      
217      0.012600      1638131310261      
218      0.008400      1638131310293      
219      0.002060      1638131310320      
220      -0.006090      1638131310368      
221      -0.003710      1638131310401      
222      0.000170      1638131310432      
223      -0.000320      1638131310461      
224      0.001320      1638131310492      
225      0.000530      1638131310525      
226      0.001390      1638131310571      
227      0.013540      1638131310600      
228      0.002480      1638131310629      
229      0.017050      1638131310661      
230      0.015890      1638131310704      
231      0.011080      1638131310735      
232      0.009150      1638131310769      
233      0.012650      1638131310800      
234      0.004260      1638131310831      
235      -0.000630      1638131310863      
236      0.001610      1638131310894      
237      0.002050      1638131310942      
238      -0.000130      1638131310973      
239      0.009460      1638131311005      
240      -0.001840      1638131311036      
241      0.005280      1638131311071      
242      0.006520      1638131311097      
243      0.000830      1638131311129      
244      0.006890      1638131311178      
245      0.006220      1638131311211      
246      0.001680      1638131311237      
247      0.003000      1638131311271      
248      0.006000      1638131311303      
249      0.005580      1638131311336      
250      0.001340      1638131311365      
251      0.007400      1638131311410      
252      0.003930      1638131311441      
253      0.000420      1638131311474      
254      0.007580      1638131311502      
255      0.002600      1638131311532      
256      0.008470      1638131311581      
257      0.001560      1638131311611      
258      0.007700      1638131311638      
259      0.004530      1638131311671      
260      0.002610      1638131311703      
261      0.006470      1638131311751      
262      0.002920      1638131311780      
263      0.012850      1638131311811      
264      0.007190      1638131311845      
265      0.004660      1638131311876      
266      0.004070      1638131311905      
267      0.005060      1638131311939      
268      0.002380      1638131311988      
269      0.010460      1638131312018      
270      0.004750      1638131312044      
271      0.001550      1638131312074      
272      0.009170      1638131312104      
273      0.004470      1638131312154      
274      0.013010      1638131312186      
275      0.007470      1638131312214      
276      0.001730      1638131312246      
277      0.004530      1638131312279      
278      0.001230      1638131312306      
279      -0.001530      1638131312341      
280      0.004070      1638131312386      
281      0.001240      1638131312418      
282      -0.000620      1638131312447      
283      0.000450      1638131312478      
284      0.000510      1638131312509      
285      0.001660      1638131312544      
286      0.000340      1638131312589      
287      0.002250      1638131312619      
288      -0.000250      1638131312650      
289      -0.001740      1638131312683      
290      0.007450      1638131312713      
291      0.000640      1638131312742      
292      0.001650      1638131312797      
293      0.007980      1638131312823      
294      -0.001810      1638131312852      
295      0.004460      1638131312883      
296      0.003680      1638131312914      
297      0.001560      1638131312947      
298      0.003830      1638131312991      
299      0.003230      1638131313019      
300      0.005390      1638131313050      
301      -0.001330      1638131313088      
302      0.006400      1638131313113      
303      0.005460      1638131313158      
304      0.008680      1638131313188      
305      0.006980      1638131313220      
306      0.003840      1638131313253      
307      0.008970      1638131313282      
308      0.016310      1638131313314      
309      0.006970      1638131313347      
310      0.010580      1638131313360      
311      0.001270      1638131313394      
312      0.015370      1638131313408      
313      0.013300      1638131313424      
314      0.004270      1638131313472      
315      -0.011300      1638131313502      
316      0.013310      1638131313530      
317      0.007730      1638131313565      
318      -0.001440      1638131313594      
319      0.002710      1638131313626      
320      0.009390      1638131313657      
321      -0.001220      1638131313703      
322      -0.008640      1638131313735      
323      0.002050      1638131313766      
324      -0.002300      1638131313795      
325      0.003680      1638131313829      
326      -0.001800      1638131313861      
327      0.009920      1638131313892      
328      0.002680      1638131313926      
329      -0.002630      1638131313975      
330      0.012230      1638131314000      
331      -0.001680      1638131314034      
332      -0.009710      1638131314065      
333      0.002400      1638131314099      
334      0.002590      1638131314127      
335      -0.004210      1638131314170      
336      0.004750      1638131314202      
337      0.006690      1638131314233      
338      -0.005600      1638131314263      
339      -0.000480      1638131314293      
340      0.001210      1638131314341      
341      -0.008390      1638131314374      
342      -0.006860      1638131314399      
343      -0.008320      1638131314430      
344      -0.017020      1638131314461      
345      -0.021890      1638131314496      
346      -0.019260      1638131314527      
347      -0.036350      1638131314571      
348      -0.026600      1638131314604      
349      -0.044420      1638131314639      
350      -0.027440      1638131314664      
351      -0.027670      1638131314698      
352      -0.032800      1638131314726      
353      -0.028310      1638131314759      
354      -0.020160      1638131314793      
355      -0.020090      1638131314836      
356      -0.018130      1638131314865      
357      -0.008300      1638131314897      
358      -0.006510      1638131314938      
359      -0.010700      1638131314967      
360      -0.008140      1638131315004      
361      -0.015870      1638131315038      
362      -0.013000      1638131315064      
363      -0.010610      1638131315096      
364      -0.019790      1638131315131      
365      -0.018660      1638131315162      
366      -0.012310      1638131315208      
367      -0.032770      1638131315237      
368      -0.010500      1638131315272      
369      -0.010070      1638131315306      
370      -0.015600      1638131315333      
371      -0.011390      1638131315366      
372      -0.019000      1638131315396      
373      -0.013240      1638131315434      
374      -0.015170      1638131315475      
375      -0.026000      1638131315508      
376      -0.015900      1638131315534      
377      -0.013930      1638131315570      
378      -0.023790      1638131315599      
379      -0.019370      1638131315645      
380      -0.025640      1638131315676      
381      -0.006780      1638131315708      
382      -0.008030      1638131315739      
383      -0.006440      1638131315769      
384      -0.008280      1638131315799      
385      -0.008870      1638131315836      
386      -0.010770      1638131315866      
387      -0.008080      1638131315911      
388      -0.017040      1638131315941      
389      -0.012870      1638131315976      
390      -0.011240      1638131316003      
391      -0.013480      1638131316037      
392      -0.010350      1638131316072      
393      -0.015860      1638131316099      
394      -0.009180      1638131316132      
395      -0.011850      1638131316177      
396      -0.018230      1638131316211      
397      -0.008650      1638131316241      
398      -0.013840      1638131316272      
399      -0.020090      1638131316305      
400      -0.016720      1638131316336      
401      -0.015780      1638131316368      
402      -0.017490      1638131316414      
403      -0.027470      1638131316447      
404      -0.015760      1638131316478      
405      -0.021100      1638131316509      
406      -0.012700      1638131316542      
407      -0.010080      1638131316570      
408      -0.011820      1638131316601      
409      -0.012780      1638131316651      
410      -0.008930      1638131316678      
411      -0.006140      1638131316713      
412      -0.007580      1638131316740      
413      -0.003790      1638131316774      
414      -0.007830      1638131316818      
415      -0.016220      1638131316847      
416      -0.010520      1638131316878      
417      -0.013270      1638131316913      
418      -0.006320      1638131316938      
419      -0.009620      1638131316986      
420      -0.021560      1638131317024      
421      -0.006450      1638131317050      
422      -0.016480      1638131317079      
423      -0.020450      1638131317108      
424      -0.016710      1638131317139      
425      -0.016630      1638131317187      
426      -0.033640      1638131317215      
427      -0.013920      1638131317248      
428      -0.020040      1638131317279      
429      -0.014180      1638131317314      
430      -0.014690      1638131317342      
431      -0.014690      1638131317373      
432      -0.013530      1638131317423      
433      -0.014840      1638131317452      
434      -0.006430      1638131317483      
435      -0.008780      1638131317515      
436      -0.007140      1638131317549      
437      -0.012090      1638131317578      
438      -0.007370      1638131317627      
439      -0.015290      1638131317657      
440      -0.011340      1638131317689      
441      -0.011770      1638131317720      
442      -0.015290      1638131317748      
443      -0.026530      1638131317779      
444      -0.018260      1638131317812      
445      -0.013090      1638131317862      
446      -0.015750      1638131317890      
447      -0.008130      1638131317920      
448      -0.005950      1638131317951      
449      -0.007460      1638131317986      
450      -0.011190      1638131318015      
451      -0.008490      1638131318058      
452      -0.019810      1638131318087      
453      -0.009210      1638131318122      
454      -0.009740      1638131318152      
455      -0.016000      1638131318183      
456      -0.012000      1638131318229      
457      -0.023830      1638131318260      
458      -0.019620      1638131318292      
459      -0.023310      1638131318327      
460      -0.020940      1638131318351      
