195      74.842527      0.436330      
196      70.725704      0.436330      
197      67.258061      0.436330      
198      64.479707      0.436330      
199      62.399809      0.436330      
200      66.573357      0.436330      
201      66.873022      0.436330      
202      65.519656      0.436330      
203      65.106541      0.436330      
204      66.708579      0.436330      
205      67.974853      0.436330      
206      68.221805      0.436330      
207      70.294254      0.436330      
208      71.500939      0.436330      
209      72.244087      0.436330      
210      74.392742      0.436330      
371      74.539997      0.087270      
372      73.471399      0.087270      
373      71.574853      0.087270      
374      70.054178      0.087270      
375      69.014802      0.087270      
376      68.437816      0.087270      
377      68.193156      0.087270      
378      67.704982      0.087270      
379      66.687379      0.087270      
380      65.337450      0.087270      
381      63.187076      0.087270      
382      60.804647      0.087270      
383      57.557027      0.087270      
384      53.253414      0.087270      
385      51.070953      0.087270      
386      47.796976      0.087270      
387      45.887824      0.087270      
388      44.954449      0.087270      
389      44.144835      0.087270      
390      43.353557      0.087270      
391      42.626452      0.087270      
392      41.439249      0.087270      
393      40.088174      0.087270      
394      38.982333      0.087270      
395      38.607035      0.087270      
396      37.624956      0.087270      
397      36.618813      0.087270      
398      35.824670      0.087270      
399      34.843737      0.087270      
400      33.459430      0.087270      
401      31.853382      0.087270      
402      30.551011      0.087270      
403      29.104823      0.087270      
404      28.260831      0.087270      
405      26.970492      0.087270      
406      25.805634      0.087270      
407      25.116919      0.087270      
408      24.315900      0.087270      
409      23.347573      0.087270      
410      22.438262      0.087270      
411      21.397740      0.087270      
412      20.534840      0.087270      
413      19.660481      0.087270      
414      18.992392      0.087270      
415      18.721948      0.087270      
416      18.290498      0.087270      
417      17.591469      0.087270      
418      16.647207      0.087270      
419      15.323635      0.087270      
420      13.711857      0.087270      
421      11.893809      0.087270      
422      10.775362      0.087270      
423      10.505491      0.087270      
424      9.956008      0.087270      
425      9.392774      0.087270      
426      8.316155      0.087270      
427      7.392519      0.087270      
428      6.591501      0.087270      
429      5.670158      0.087270      
430      4.617030      0.087270      
431      3.514627      0.087270      
432      2.781219      0.087270      
433      1.839249      0.087270      
434      1.276015      0.087270      
435      0.663505      0.087270      
436      0.340920      0.087270      
437      0.334617      0.087270      
438      0.442336      0.087270      
439      0.521980      0.087270      
440      0.835970      0.087270      
441      1.503486      0.087270      
442      2.196785      0.087270      
443      3.120993      0.087270      
444      4.121407      0.087270      
445      5.636352      0.087270      
446      7.491071      0.087270      
447      8.540188      0.087270      
448      11.231450      0.087270      
449      14.629763      0.087270      
450      17.166322      0.087270      
451      19.645010      0.087270      
452      21.911125      0.087270      
453      24.269489      0.087270      
454      26.213592      0.087270      
455      26.828394      0.087270      
456      27.938246      0.087270      
457      29.722489      0.087270      
458      31.089034      0.087270      
459      33.023396      0.087270      
460      34.893013      0.087270      
461      36.855451      0.087270      
462      38.701003      0.087270      
463      40.620468      0.087270      
464      41.879293      0.087270      
465      42.996021      0.087270      
466      44.532166      0.087270      
467      46.091230      0.087270      
468      47.792392      0.087270      
469      49.958809      0.087270      
470      52.048448      0.087270      
471      54.881808      0.087270      
472      56.667770      0.087270      
473      57.524940      0.087270      
474      58.770014      0.087270      
475      59.765844      0.087270      
476      60.831004      0.087270      
477      62.167181      0.087270      
478      63.271304      0.087270      
479      65.067006      0.087270      
480      66.211237      0.087270      
481      66.665606      0.087270      
482      67.784052      0.087270      
483      68.960942      0.087270      
484      70.121216      0.087270      
485      71.048289      0.087270      
486      72.540315      0.087270      
487      73.552188      0.087270      
488      74.644278      0.087270      
571      74.696419      0.436330      
572      73.404361      0.436330      
573      70.284514      0.436330      
574      68.166226      0.436330      
575      67.697533      0.436330      
576      67.731912      0.436330      
577      74.572083      0.436330      
715      74.999523      0.436330      
716      74.873468      0.436330      
717      74.839663      0.436330      
718      74.839663      0.436330      
719      74.754289      0.436330      
720      74.754289      0.436330      
721      74.835079      0.436330      
722      74.754289      0.436330      
723      74.758873      0.436330      
724      74.835079      0.436330      
725      74.754289      0.436330      
726      74.835079      0.436330      
727      74.835079      0.436330      
728      74.749706      0.436330      
729      74.749706      0.436330      
730      74.749133      0.436330      
731      74.749133      0.436330      
732      74.749133      0.436330      
733      74.749133      0.436330      
734      74.744549      0.436330      
735      74.749133      0.436330      
736      74.749133      0.436330      
737      74.749133      0.436330      
738      74.749133      0.436330      
739      74.749133      0.436330      
740      74.749133      0.436330      
741      74.749133      0.436330      
742      74.749133      0.436330      
743      74.749133      0.436330      
744      74.749133      0.436330      
745      74.749133      0.436330      
746      74.749133      0.436330      
747      74.749133      0.436330      
748      74.749133      0.436330      
749      74.749133      0.436330      
750      74.749133      0.436330      
751      74.749133      0.436330      
752      74.748560      0.436330      
753      74.748560      0.436330      
754      74.748560      0.436330      
755      74.748560      0.436330      
756      74.748560      0.436330      
757      74.748560      0.436330      
758      74.743976      0.436330      
759      74.748560      0.436330      
760      74.748560      0.436330      
761      74.748560      0.436330      
762      74.748560      0.436330      
763      74.748560      0.436330      
764      74.748560      0.436330      
765      74.748560      0.436330      
766      74.748560      0.436330      
767      74.743976      0.436330      
768      74.748560      0.436330      
769      74.748560      0.436330      
770      74.667770      0.436330      
771      74.748560      0.436330      
772      74.748560      0.436330      
773      74.743403      0.436330      
774      74.739392      0.436330      
775      74.743403      0.436330      
776      74.743403      0.436330      
777      74.743403      0.436330      
778      74.743403      0.436330      
779      74.743403      0.436330      
780      74.743403      0.436330      
781      74.662613      0.436330      
782      74.743403      0.436330      
783      74.662613      0.436330      
784      74.743403      0.436330      
785      74.743403      0.436330      
786      74.662613      0.436330      
787      74.662613      0.436330      
788      74.662613      0.436330      
789      74.738819      0.436330      
790      74.662613      0.436330      
791      74.662613      0.436330      
792      74.662613      0.436330      
793      74.662613      0.436330      
794      74.743403      0.436330      
795      74.743403      0.436330      
796      74.738819      0.436330      
797      74.738819      0.436330      
798      74.662613      0.436330      
799      74.743403      0.436330      
800      74.658030      0.436330      
801      74.743403      0.436330      
802      74.581824      0.436330      
803      74.658030      0.436330      
804      74.662613      0.436330      
805      74.662613      0.436330      
806      74.658030      0.436330      
807      74.662613      0.436330      
808      74.662613      0.436330      
809      74.743403      0.436330      
810      74.662613      0.436330      
811      74.662613      0.436330      
812      74.743403      0.436330      
813      74.738819      0.436330      
814      74.662613      0.436330      
815      74.662613      0.436330      
816      74.658030      0.436330      
817      74.743403      0.436330      
818      74.743403      0.436330      
819      74.662613      0.436330      
820      74.662613      0.436330      
821      74.662613      0.436330      
822      74.662613      0.436330      
823      74.658030      0.436330      
824      74.743403      0.436330      
825      74.662040      0.436330      
826      74.657457      0.436330      
827      74.742830      0.436330      
828      74.662040      0.436330      
829      74.657457      0.436330      
830      74.662040      0.436330      
831      74.657457      0.436330      
832      74.662040      0.436330      
833      74.662040      0.436330      
834      74.662040      0.436330      
835      74.657457      0.436330      
836      74.662040      0.436330      
837      74.662040      0.436330      
838      74.662040      0.436330      
839      74.662040      0.436330      
840      74.662040      0.436330      
841      74.662040      0.436330      
842      74.662040      0.436330      
843      74.662040      0.436330      
844      74.738246      0.436330      
845      74.662040      0.436330      
846      74.742830      0.436330      
847      74.581824      0.436330      
848      74.662040      0.436330      
849      74.662040      0.436330      
850      74.742830      0.436330      
851      74.662040      0.436330      
852      74.662040      0.436330      
853      74.662040      0.436330      
854      74.577240      0.436330      
855      74.657457      0.436330      
856      74.738246      0.436330      
857      74.662040      0.436330      
858      74.581251      0.436330      
859      74.662040      0.436330      
860      74.662040      0.436330      
