59      0.442831      0.024512      0.121469      1.323334      -1.008366      1.004526      
60      0.444401      0.024902      0.120579      1.328757      -0.997728      0.993867      
61      0.445961      0.025182      0.119589      1.331289      -0.992714      0.988844      
62      0.448101      0.025742      0.118329      1.336480      -0.982339      0.978449      
63      0.449491      0.026252      0.117709      1.339268      -0.976714      0.972814      
64      0.450171      0.026392      0.117409      1.340220      -0.974783      0.970880      
65      0.451521      0.026852      0.116639      1.342452      -0.970241      0.966329      
66      0.452781      0.027312      0.115859      1.343799      -0.967487      0.963569      
67      0.454111      0.027732      0.115189      1.345822      -0.963334      0.959409      
68      0.455441      0.028072      0.114579      1.350009      -0.954670      0.950729      
69      0.456881      0.028222      0.113979      1.353082      -0.948252      0.944300      
70      0.458211      0.028392      0.113419      1.356340      -0.941392      0.937427      
71      0.460361      0.028462      0.112569      1.360502      -0.932545      0.928564      
72      0.461781      0.028622      0.112069      1.362603      -0.928039      0.924050      
73      0.462441      0.028592      0.111749      1.364150      -0.924706      0.920711      
74      0.463881      0.028612      0.111079      1.367024      -0.918476      0.914470      
75      0.465081      0.028822      0.110319      1.369174      -0.913783      0.909769      
76      0.466241      0.028852      0.109409      1.370081      -0.911796      0.907778      
77      0.467251      0.028972      0.108439      1.372595      -0.906258      0.902231      
78      0.468211      0.029032      0.107679      1.374926      -0.901089      0.897053      
79      0.469181      0.029152      0.107029      1.377798      -0.894673      0.890625      
80      0.470691      0.029442      0.105649      1.381313      -0.886748      0.882687      
81      0.471641      0.029832      0.104669      1.383713      -0.881290      0.877220      
82      0.472521      0.030232      0.103509      1.386590      -0.874696      0.870615      
83      0.472961      0.030462      0.102999      1.387679      -0.872185      0.868100      
84      0.473921      0.031022      0.102129      1.388235      -0.870899      0.866812      
85      0.475061      0.031502      0.101229      1.390602      -0.865404      0.861307      
86      0.476771      0.032222      0.099969      1.393497      -0.858626      0.854519      
87      0.477741      0.032642      0.098959      1.397609      -0.848896      0.844772      
88      0.478621      0.033112      0.097939      1.400794      -0.841271      0.837135      
89      0.479571      0.033522      0.097159      1.403888      -0.833787      0.829639      
90      0.480511      0.033792      0.096379      1.407416      -0.825161      0.820999      
91      0.480921      0.033882      0.096029      1.409582      -0.819815      0.815644      
92      0.481751      0.034242      0.095369      1.411559      -0.814902      0.810724      
93      0.482611      0.034512      0.094709      1.413318      -0.810500      0.806315      
94      0.483471      0.034672      0.094009      1.416219      -0.803183      0.798986      
95      0.484271      0.034942      0.093479      1.417694      -0.799435      0.795232      
96      0.485611      0.035142      0.092439      1.422263      -0.787695      0.783475      
97      0.486371      0.035382      0.091749      1.425192      -0.780068      0.775835      
98      0.486731      0.035472      0.091529      1.426275      -0.777226      0.772989      
99      0.487461      0.035712      0.090869      1.429418      -0.768910      0.764661      
100      0.488061      0.035962      0.090099      1.431885      -0.762316      0.758058      
101      0.488541      0.036262      0.089579      1.433515      -0.757921      0.753656      
102      0.489071      0.036502      0.088909      1.436719      -0.749204      0.744926      
103      0.489651      0.036592      0.088319      1.438148      -0.745282      0.740998      
104      0.490051      0.036862      0.087909      1.439615      -0.741227      0.736938      
105      0.490821      0.036952      0.086949      1.444237      -0.728298      0.723989      
106      0.491281      0.037092      0.086689      1.445172      -0.725654      0.721341      
107      0.491461      0.037142      0.086499      1.445651      -0.724293      0.719979      
108      0.491881      0.037182      0.085889      1.447800      -0.718157      0.713834      
109      0.492341      0.037232      0.085379      1.450315      -0.710903      0.706570      
110      0.492821      0.037112      0.084839      1.452067      -0.705802      0.701462      
111      0.493301      0.036992      0.084199      1.453921      -0.700360      0.696012      
112      0.494131      0.036612      0.083219      1.454750      -0.697911      0.693560      
113      0.494621      0.036412      0.082609      1.455023      -0.697103      0.692751      
114      0.495101      0.036192      0.081919      1.455530      -0.695601      0.691247      
115      0.495311      0.036062      0.081529      1.455426      -0.695909      0.691555      
116      0.495801      0.035712      0.080759      1.456595      -0.692428      0.688070      
117      0.496321      0.035322      0.080219      1.457373      -0.690102      0.685740      
118      0.496901      0.034922      0.079539      1.459248      -0.684462      0.680093      
119      0.497361      0.034622      0.078919      1.461664      -0.677117      0.672738      
120      0.497661      0.034482      0.078559      1.463059      -0.672838      0.668453      
121      0.498161      0.034352      0.077709      1.463317      -0.672044      0.667658      
122      0.498581      0.034262      0.077109      1.463389      -0.671820      0.667434      
123      0.498941      0.034262      0.076399      1.464818      -0.667401      0.663009      
124      0.499201      0.034372      0.075669      1.465690      -0.664686      0.660290      
125      0.499331      0.034422      0.075389      1.466199      -0.663097      0.658699      
126      0.499581      0.034512      0.074899      1.467394      -0.659347      0.654944      
127      0.499791      0.034622      0.074409      1.468627      -0.655457      0.651049      
128      0.499971      0.034662      0.074059      1.469694      -0.652069      0.647656      
129      0.500201      0.034642      0.073879      1.471232      -0.647151      0.642732      
130      0.500641      0.034472      0.073529      1.474324      -0.637141      0.632709      
131      0.501031      0.034222      0.073429      1.475993      -0.631670      0.627231      
132      0.501381      0.033992      0.073329      1.477772      -0.625781      0.621334      
133      0.501511      0.033882      0.073269      1.479483      -0.620059      0.615606      
134      0.501831      0.033652      0.073099      1.479841      -0.618853      0.614398      
135      0.502171      0.033392      0.072699      1.480433      -0.616858      0.612400      
136      0.502411      0.033232      0.072369      1.481291      -0.613950      0.609489      
137      0.502701      0.033102      0.072159      1.481542      -0.613099      0.608637      
138      0.503061      0.032932      0.071849      1.483097      -0.607784      0.603315      
139      0.503531      0.032722      0.071519      1.485201      -0.600517      0.596040      
140      0.503821      0.032582      0.071539      1.487573      -0.592210      0.587723      
141      0.503871      0.032602      0.071429      1.490954      -0.580151      0.575649      
142      0.503931      0.032612      0.071719      1.494861      -0.565875      0.561356      
143      0.503981      0.032632      0.071859      1.496523      -0.559687      0.555161      
144      0.504021      0.032602      0.071839      1.499898      -0.546895      0.542355      
145      0.503981      0.032712      0.071949      1.502997      -0.534865      0.530311      
146      0.504001      0.032792      0.071969      1.505691      -0.524172      0.519606      
147      0.504041      0.032822      0.072059      1.508348      -0.513397      0.508819      
148      0.504021      0.032822      0.072069      1.510555      -0.504265      0.499677      
149      0.503721      0.032942      0.072239      1.515812      -0.481790      0.477178      
150      0.503551      0.032902      0.072869      1.520240      -0.461974      0.457342      
151      0.503211      0.032842      0.072959      1.523267      -0.447908      0.443263      
152      0.503031      0.032842      0.073039      1.524491      -0.442089      0.437438      
153      0.502651      0.032882      0.073479      1.526513      -0.432301      0.427640      
154      0.502321      0.032852      0.073539      1.528706      -0.421418      0.416747      
155      0.501981      0.032912      0.073529      1.529639      -0.416700      0.412025      
156      0.501761      0.033092      0.074289      1.532155      -0.403698      0.399010      
157      0.501531      0.033262      0.074769      1.534558      -0.390861      0.386163      
158      0.501411      0.033332      0.074899      1.536655      -0.379300      0.374591      
159      0.501401      0.033352      0.074899      1.538544      -0.368563      0.363845      
160      0.501451      0.033332      0.074929      1.540240      -0.358651      0.353924      
161      0.501431      0.033382      0.074949      1.541094      -0.353550      0.348818      
162      0.501291      0.033552      0.074919      1.542561      -0.344610      0.339871      
163      0.501181      0.033642      0.074749      1.543108      -0.341218      0.336477      
164      0.501031      0.033922      0.074859      1.544385      -0.333159      0.328411      
165      0.501031      0.034042      0.074849      1.545912      -0.323253      0.318497      
166      0.501141      0.034472      0.075529      1.548141      -0.308221      0.303453      
167      0.501331      0.034692      0.075869      1.550206      -0.293591      0.288812      
168      0.501611      0.034792      0.076209      1.550977      -0.287940      0.283157      
169      0.501651      0.035022      0.076269      1.551598      -0.283307      0.278521      
170      0.501451      0.035392      0.076159      1.552552      -0.276035      0.271244      
171      0.501521      0.035572      0.076659      1.553403      -0.269381      0.264584      
172      0.501601      0.035622      0.077009      1.553687      -0.267118      0.262320      
173      0.501491      0.035992      0.077259      1.555714      -0.250407      0.245597      
174      0.501621      0.036042      0.078129      1.556121      -0.246913      0.242101      
175      0.501781      0.035972      0.078839      1.556948      -0.239667      0.234850      
176      0.502171      0.035622      0.079569      1.557924      -0.230814      0.225991      
177      0.502451      0.035512      0.080129      1.558918      -0.221435      0.216606      
178      0.502531      0.035522      0.080319      1.559089      -0.219773      0.214943      
179      0.502801      0.035562      0.080659      1.559483      -0.215917      0.211085      
180      0.503281      0.035582      0.081029      1.559557      -0.215181      0.210348      
181      0.503811      0.035522      0.081109      1.559774      -0.213017      0.208183      
182      0.504381      0.035452      0.081229      1.559746      -0.213307      0.208473      
183      0.505541      0.035172      0.082039      1.559889      -0.211865      0.207030      
184      0.506291      0.034782      0.082319      1.560126      -0.209467      0.204630      
185      0.507051      0.034382      0.082859      1.560284      -0.207852      0.203015      
186      0.507561      0.034002      0.083019      1.560744      -0.203078      0.198238      
187      0.507991      0.033572      0.083129      1.561179      -0.198445      0.193602      
188      0.508241      0.033372      0.083309      1.561220      -0.198014      0.193171      
189      0.508611      0.033022      0.083449      1.561980      -0.189649      0.184800      
190      0.509051      0.032562      0.083659      1.562799      -0.180192      0.175338      
191      0.509421      0.032282      0.083869      1.563618      -0.170233      0.165373      
192      0.509461      0.032322      0.083849      1.564059      -0.164609      0.159746      
193      0.509531      0.032332      0.084079      1.564313      -0.161283      0.156419      
194      0.509641      0.032192      0.083899      1.564863      -0.153855      0.148986      
195      0.509591      0.032242      0.083889      1.565244      -0.148474      0.143602      
196      0.509471      0.032322      0.083899      1.565180      -0.149391      0.144520      
197      0.509401      0.032272      0.083639      1.565422      -0.145900      0.141027      
198      0.509341      0.032242      0.083569      1.565574      -0.143664      0.138790      
199      0.509221      0.032242      0.083389      1.565897      -0.138800      0.133923      
200      0.509171      0.032222      0.083329      1.566020      -0.136901      0.132023      
201      0.509111      0.032272      0.083369      1.566585      -0.127815      0.122933      
202      0.509131      0.032292      0.083309      1.567307      -0.115189      0.110300      
203      0.509111      0.032402      0.083099      1.567607      -0.109523      0.104631      
204      0.508931      0.032602      0.082879      1.567769      -0.106328      0.101435      
205      0.508891      0.032672      0.082699      1.567977      -0.102098      0.097203      
206      0.509001      0.032632      0.082569      1.568211      -0.097106      0.092209      
207      0.508991      0.032622      0.082299      1.568275      -0.095701      0.090803      
208      0.508941      0.032642      0.082109      1.568276      -0.095685      0.090787      
209      0.508901      0.032622      0.081959      1.568247      -0.096321      0.091423      
210      0.508741      0.032582      0.081739      1.568292      -0.095340      0.090442      
211      0.508701      0.032512      0.081689      1.568352      -0.093998      0.089099      
212      0.508631      0.032472      0.081599      1.568477      -0.091133      0.086233      
213      0.508521      0.032502      0.081499      1.568580      -0.088699      0.083798      
214      0.508401      0.032522      0.081389      1.568629      -0.087530      0.082628      
215      0.508341      0.032542      0.081339      1.568621      -0.087726      0.082824      
216      0.508191      0.032592      0.081149      1.568619      -0.087781      0.082879      
217      0.508071      0.032612      0.081049      1.568625      -0.087624      0.082722      
218      0.507981      0.032622      0.080969      1.568592      -0.088432      0.083531      
219      0.507791      0.032662      0.080779      1.568583      -0.088637      0.083735      
220      0.507511      0.032682      0.080519      1.568442      -0.091941      0.087041      
221      0.507371      0.032632      0.080339      1.568446      -0.091839      0.086939      
222      0.507221      0.032602      0.080169      1.568349      -0.094053      0.089154      
223      0.507201      0.032552      0.080159      1.568403      -0.092836      0.087937      
224      0.507111      0.032532      0.080059      1.568507      -0.090426      0.085526      
225      0.507111      0.032532      0.080059      1.568600      -0.088220      0.083319      
226      0.507101      0.032512      0.080049      1.568693      -0.085968      0.081065      
227      0.507051      0.032562      0.080019      1.568820      -0.082804      0.077900      
228      0.506891      0.032612      0.079979      1.568950      -0.079413      0.074508      
229      0.506871      0.032582      0.079989      1.569076      -0.075982      0.071076      
230      0.506881      0.032572      0.080059      1.569305      -0.069364      0.064455      
231      0.506871      0.032572      0.079979      1.569375      -0.067205      0.062295      
232      0.506871      0.032532      0.080049      1.569349      -0.067998      0.063088      
233      0.506871      0.032532      0.080059      1.569384      -0.066899      0.061989      
234      0.506901      0.032482      0.080049      1.569459      -0.064513      0.059601      
235      0.506941      0.032522      0.080159      1.569447      -0.064905      0.059994      
236      0.506951      0.032562      0.080199      1.569513      -0.062738      0.057826      
237      0.506941      0.032602      0.080249      1.569575      -0.060626      0.055713      
238      0.507001      0.032632      0.080319      1.569609      -0.059449      0.054535      
239      0.507051      0.032732      0.080479      1.569775      -0.053262      0.048346      
240      0.507071      0.032812      0.080579      1.569777      -0.053199      0.048283      
241      0.507061      0.032842      0.080579      1.569795      -0.052469      0.047553      
242      0.507031      0.032912      0.080569      1.569823      -0.051354      0.046437      
243      0.507121      0.033002      0.080939      1.569941      -0.046329      0.041410      
244      0.507151      0.033042      0.081009      1.569992      -0.043974      0.039054      
245      0.507111      0.033152      0.081019      1.570030      -0.042176      0.037255      
246      0.507121      0.033192      0.081029      1.570036      -0.041885      0.036965      
247      0.507071      0.033282      0.081039      1.570102      -0.038493      0.033571      
248      0.507051      0.033332      0.081099      1.570172      -0.034544      0.029620      
249      0.507101      0.033312      0.081179      1.570193      -0.033295      0.028371      
250      0.507101      0.033342      0.081219      1.570209      -0.032282      0.027358      
251      0.507091      0.033392      0.081229      1.570208      -0.032321      0.027397      
252      0.507131      0.033392      0.081369      1.570226      -0.031167      0.026243      
253      0.507151      0.033442      0.081459      1.570271      -0.028081      0.023156      
254      0.507151      0.033432      0.081429      1.570273      -0.027948      0.023022      
255      0.507151      0.033402      0.081519      1.570302      -0.025765      0.020838      
256      0.507081      0.033442      0.081669      1.570340      -0.022585      0.017657      
257      0.507001      0.033462      0.081789      1.570353      -0.021407      0.016479      
258      0.506931      0.033462      0.082099      1.570376      -0.019177      0.014248      
259      0.506901      0.033492      0.082259      1.570384      -0.018368      0.013439      
260      0.506821      0.033562      0.082459      1.570382      -0.018596      0.013667      
261      0.506681      0.033762      0.082909      1.570416      -0.014560      0.009629      
262      0.506621      0.033832      0.082969      1.570420      -0.013971      0.009040      
263      0.506601      0.033852      0.082919      1.570429      -0.012691      0.007760      
264      0.506641      0.033832      0.082969      1.570464      -0.006032      0.001099      
265      0.506651      0.033802      0.082919      1.570469      -0.004673      -0.000260      
266      0.506621      0.033802      0.082929      1.570472      -0.003535      -0.001399      
267      0.506651      0.033732      0.082909      1.570478      0.001460      -0.006395      
268      0.506651      0.033692      0.082849      1.570478      0.003438      -0.008375      
269      0.506611      0.033652      0.082739      1.570476      0.004930      -0.009867      
270      0.506631      0.033622      0.082729      1.570472      0.007223      -0.012161      
271      0.506691      0.033572      0.082689      1.570466      0.009124      -0.014062      
272      0.506771      0.033572      0.082769      1.570459      0.010946      -0.015884      
273      0.506811      0.033592      0.082719      1.570449      0.013136      -0.018076      
274      0.506831      0.033572      0.082689      1.570447      0.013521      -0.018461      
275      0.506841      0.033572      0.082699      1.570441      0.014581      -0.019521      
276      0.506861      0.033542      0.082689      1.570441      0.014581      -0.019521      
277      0.506991      0.033452      0.082799      1.570427      0.016733      -0.021673      
278      0.507031      0.033402      0.082819      1.570425      0.017094      -0.022035      
279      0.507081      0.033332      0.082869      1.570411      0.018916      -0.023857      
280      0.507211      0.033162      0.082979      1.570385      0.021916      -0.026858      
281      0.507261      0.033092      0.082979      1.570352      0.025269      -0.030212      
282      0.507261      0.033022      0.083079      1.570339      0.026376      -0.031319      
283      0.507291      0.032932      0.083149      1.570299      0.029698      -0.034642      
284      0.507321      0.032822      0.083149      1.570279      0.031213      -0.036158      
285      0.507431      0.032682      0.083209      1.570260      0.032587      -0.037532      
286      0.507461      0.032642      0.083209      1.570260      0.032548      -0.037493      
287      0.507501      0.032542      0.083259      1.570186      0.037432      -0.042379      
288      0.507521      0.032482      0.083329      1.570163      0.038799      -0.043745      
289      0.507531      0.032462      0.083429      1.570146      0.039749      -0.044696      
290      0.507561      0.032422      0.083519      1.570089      0.042866      -0.047814      
291      0.507631      0.032342      0.083629      1.570042      0.045285      -0.050233      
292      0.507651      0.032372      0.083699      1.570040      0.045395      -0.050343      
293      0.507691      0.032352      0.083799      1.569998      0.047437      -0.052385      
294      0.507791      0.032312      0.083929      1.569992      0.047704      -0.052652      
295      0.507811      0.032312      0.084049      1.569965      0.048936      -0.053885      
296      0.507801      0.032332      0.084099      1.569967      0.048874      -0.053823      
297      0.507851      0.032262      0.084399      1.569888      0.052376      -0.057326      
298      0.507841      0.032222      0.084599      1.569868      0.053200      -0.058150      
299      0.507821      0.032202      0.084689      1.569835      0.054606      -0.059556      
300      0.507791      0.032172      0.084779      1.569806      0.055744      -0.060695      
301      0.507761      0.032122      0.084869      1.569770      0.057189      -0.062140      
302      0.507671      0.032132      0.084919      1.569756      0.057739      -0.062690      
303      0.507581      0.032192      0.084939      1.569734      0.058587      -0.063538      
304      0.507481      0.032232      0.084999      1.569712      0.059411      -0.064363      
305      0.507411      0.032222      0.085009      1.569706      0.059639      -0.064591      
306      0.507281      0.032232      0.084989      1.569677      0.060707      -0.065659      
307      0.507271      0.032212      0.085049      1.569679      0.060644      -0.065596      
308      0.507251      0.032242      0.085059      1.569679      0.060636      -0.065588      
309      0.507211      0.032272      0.085069      1.569678      0.060668      -0.065619      
310      0.507211      0.032292      0.085059      1.569647      0.061783      -0.066735      
311      0.507061      0.032472      0.085079      1.569592      0.063730      -0.068682      
312      0.507021      0.032542      0.085079      1.569560      0.064837      -0.069790      
313      0.506971      0.032672      0.085069      1.569592      0.063738      -0.068690      
314      0.506961      0.032762      0.085039      1.569518      0.066266      -0.071219      
315      0.506961      0.032832      0.085069      1.569489      0.067240      -0.072193      
316      0.506951      0.032902      0.085099      1.569492      0.067145      -0.072099      
317      0.507011      0.032932      0.085259      1.569429      0.069195      -0.074149      
318      0.507061      0.032962      0.085249      1.569301      0.073191      -0.078146      
319      0.507101      0.032962      0.085179      1.569261      0.074393      -0.079348      
320      0.507071      0.033022      0.085239      1.569264      0.074291      -0.079245      
321      0.506981      0.033112      0.085169      1.569308      0.072971      -0.077926      
322      0.507031      0.033082      0.085259      1.569264      0.074283      -0.079238      
323      0.507041      0.033062      0.085259      1.569229      0.075319      -0.080274      
324      0.507051      0.033072      0.085229      1.569266      0.074228      -0.079183      
325      0.507101      0.033022      0.085279      1.569196      0.076293      -0.081248      
326      0.507231      0.032942      0.085389      1.569182      0.076701      -0.081656      
327      0.507241      0.032932      0.085389      1.569184      0.076630      -0.081586      
328      0.507281      0.032882      0.085419      1.569183      0.076685      -0.081641      
329      0.507231      0.032912      0.085479      1.569183      0.076662      -0.081617      
330      0.507221      0.032902      0.085509      1.569145      0.077753      -0.082709      
331      0.507221      0.032942      0.085569      1.569150      0.077612      -0.082567      
332      0.507191      0.032982      0.085519      1.569198      0.076230      -0.081185      
333      0.507201      0.032952      0.085529      1.569224      0.075492      -0.080447      
334      0.507201      0.032912      0.085489      1.569195      0.076324      -0.081279      
335      0.507161      0.032912      0.085459      1.569200      0.076191      -0.081146      
336      0.507171      0.032882      0.085499      1.569266      0.074228      -0.079183      
337      0.507161      0.032892      0.085379      1.569306      0.073034      -0.077989      
338      0.507181      0.032882      0.085369      1.569379      0.070781      -0.075735      
339      0.507201      0.032892      0.085399      1.569407      0.069894      -0.074848      
340      0.507221      0.032962      0.085279      1.569580      0.064154      -0.069107      
341      0.507221      0.032982      0.085049      1.569779      0.056844      -0.061795      
342      0.507221      0.032982      0.084849      1.570112      0.041634      -0.046581      
343      0.507011      0.033072      0.084219      1.570411      0.018869      -0.023810      
344      0.506711      0.033182      0.083699      1.570472      -0.003370      -0.001564      
345      0.506511      0.033132      0.083099      1.570321      -0.024265      0.019338      
346      0.506221      0.033122      0.082449      1.570077      -0.039781      0.034859      
347      0.506061      0.032992      0.082239      1.569541      -0.061788      0.056876      
348      0.505891      0.032872      0.081579      1.569095      -0.075449      0.070542      
349      0.505781      0.032812      0.081559      1.568315      -0.094814      0.089916      
350      0.505701      0.032782      0.081479      1.567824      -0.105229      0.100336      
351      0.505521      0.032672      0.080959      1.567166      -0.117755      0.112867      
352      0.505391      0.032572      0.080809      1.566294      -0.132570      0.127690      
353      0.505211      0.032482      0.080739      1.564868      -0.153777      0.148908      
354      0.505081      0.032442      0.080729      1.563483      -0.171911      0.167052      
355      0.504931      0.032402      0.081149      1.561570      -0.194196      0.189350      
356      0.504871      0.032302      0.081039      1.560197      -0.208738      0.203901      
357      0.504731      0.032192      0.081329      1.559159      -0.219099      0.214269      
358      0.504491      0.032172      0.081489      1.557460      -0.235061      0.230241      
359      0.504381      0.032122      0.081439      1.556382      -0.244649      0.239836      
360      0.504141      0.032042      0.081789      1.554187      -0.263093      0.258292      
361      0.503871      0.031982      0.082349      1.552422      -0.277037      0.272246      
362      0.503691      0.031822      0.082869      1.550161      -0.293919      0.289141      
363      0.503421      0.031712      0.083659      1.547923      -0.309723      0.304956      
364      0.503221      0.031542      0.084359      1.546093      -0.322057      0.317300      
365      0.502981      0.031222      0.085789      1.543667      -0.337716      0.332972      
366      0.502721      0.031022      0.086559      1.542698      -0.343766      0.339027      
367      0.502481      0.030812      0.087499      1.541521      -0.350971      0.346238      
368      0.502321      0.030672      0.088029      1.541076      -0.353659      0.348928      
369      0.502041      0.030462      0.088849      1.539877      -0.360800      0.356074      
370      0.501791      0.030192      0.089759      1.537684      -0.373491      0.368777      
371      0.501481      0.029992      0.090579      1.536787      -0.378559      0.373849      
372      0.501201      0.029822      0.091279      1.535929      -0.383345      0.378639      
373      0.500981      0.029652      0.091989      1.534397      -0.391735      0.387037      
374      0.500651      0.029552      0.093279      1.532033      -0.404337      0.399651      
375      0.500511      0.029472      0.094179      1.530078      -0.414462      0.409785      
376      0.500441      0.029492      0.094499      1.529164      -0.419110      0.414437      
377      0.500381      0.029452      0.095129      1.528258      -0.423663      0.418995      
378      0.500451      0.029312      0.096089      1.526854      -0.430625      0.425963      
379      0.500381      0.029262      0.096919      1.525424      -0.437600      0.432945      
380      0.500271      0.029102      0.097689      1.523437      -0.447106      0.442460      
381      0.500061      0.029032      0.098579      1.521384      -0.456710      0.452073      
382      0.499671      0.028832      0.099239      1.520044      -0.462869      0.458238      
383      0.499391      0.028722      0.099429      1.517881      -0.472638      0.468018      
384      0.499101      0.028632      0.099139      1.516723      -0.477782      0.473167      
385      0.498841      0.028532      0.099099      1.514941      -0.485586      0.480979      
386      0.498731      0.028462      0.099079      1.513568      -0.491513      0.486912      
387      0.498541      0.028222      0.098899      1.511408      -0.500689      0.496097      
388      0.498391      0.027882      0.098949      1.509878      -0.507086      0.502502      
389      0.498171      0.027562      0.099179      1.507790      -0.515681      0.511106      
390      0.497841      0.027232      0.099229      1.506859      -0.519465      0.514894      
391      0.497421      0.026922      0.099699      1.506052      -0.522720      0.518152      
392      0.496681      0.026412      0.100089      1.504099      -0.530517      0.525958      
393      0.496151      0.026162      0.100669      1.503535      -0.532745      0.528189      
394      0.495731      0.025962      0.101099      1.502655      -0.536208      0.531655      
395      0.495531      0.025832      0.101249      1.501796      -0.539561      0.535013      
396      0.495191      0.025622      0.101709      1.500537      -0.544435      0.539892      
397      0.494911      0.025442      0.102059      1.498068      -0.553870      0.549337      
398      0.494831      0.025132      0.102259      1.496044      -0.561478      0.556954      
399      0.494781      0.024802      0.102509      1.493941      -0.569270      0.564755      
400      0.494771      0.024532      0.102459      1.493081      -0.572425      0.567914      
401      0.494811      0.024132      0.102399      1.492423      -0.574827      0.570319      
402      0.494711      0.023582      0.102049      1.491449      -0.578361      0.573857      
403      0.494701      0.023142      0.102089      1.490956      -0.580143      0.575641      
404      0.494711      0.022742      0.102279      1.490452      -0.581956      0.577456      
405      0.494681      0.022572      0.102379      1.489863      -0.584071      0.579573      
406      0.494731      0.022182      0.102679      1.487003      -0.594216      0.589731      
407      0.494871      0.021602      0.102949      1.483974      -0.604766      0.600294      
408      0.494921      0.020932      0.103209      1.483025      -0.608032      0.603563      
409      0.494821      0.020322      0.103649      1.481107      -0.614576      0.610116      
410      0.494661      0.019682      0.103649      1.477906      -0.625332      0.620886      
411      0.494261      0.018682      0.103749      1.477383      -0.627072      0.622627      
412      0.494141      0.018142      0.104089      1.475269      -0.634050      0.629615      
413      0.494031      0.017632      0.104509      1.473342      -0.640339      0.635911      
414      0.493951      0.017432      0.104769      1.472256      -0.643853      0.639430      
415      0.493881      0.016952      0.105209      1.470132      -0.650671      0.646257      
416      0.493881      0.016322      0.105789      1.467502      -0.659007      0.654604      
417      0.493561      0.016052      0.106449      1.462976      -0.673093      0.668708      
418      0.493261      0.015812      0.106879      1.458295      -0.687336      0.682971      
419      0.492841      0.015242      0.107649      1.450930      -0.709118      0.704783      
420      0.492431      0.014992      0.108029      1.448151      -0.717150      0.712825      
421      0.492101      0.014802      0.108389      1.444748      -0.726853      0.722542      
422      0.491851      0.014522      0.108769      1.440749      -0.738079      0.733784      
423      0.491721      0.014432      0.108979      1.439155      -0.742502      0.738214      
424      0.491351      0.014342      0.109459      1.434450      -0.755390      0.751121      
425      0.491071      0.014222      0.109789      1.429479      -0.768749      0.764500      
426      0.490721      0.014082      0.110089      1.427287      -0.774559      0.770319      
427      0.490341      0.014002      0.110529      1.425639      -0.778896      0.774662      
428      0.489731      0.013802      0.111279      1.421926      -0.788568      0.784349      
429      0.489381      0.013752      0.111659      1.418432      -0.797553      0.793347      
430      0.489111      0.013622      0.111739      1.415464      -0.805095      0.800901      
431      0.488841      0.013492      0.112099      1.411280      -0.815598      0.811420      
432      0.488761      0.013442      0.112209      1.408108      -0.823458      0.819293      
433      0.488591      0.013272      0.112329      1.401945      -0.838495      0.834354      
434      0.488381      0.013122      0.112609      1.398842      -0.845953      0.841825      
435      0.488221      0.013092      0.112779      1.394522      -0.856212      0.852100      
436      0.487851      0.013132      0.113089      1.388080      -0.871257      0.867170      
437      0.487661      0.013142      0.113169      1.383116      -0.882651      0.878583      
438      0.487531      0.013152      0.112999      1.381166      -0.887082      0.883022      
439      0.487241      0.013232      0.112889      1.376397      -0.897809      0.893767      
440      0.487131      0.013232      0.112749      1.373634      -0.903958      0.899927      
441      0.486921      0.013162      0.112429      1.370032      -0.911902      0.907885      
442      0.486571      0.013212      0.112249      1.366501      -0.919613      0.915609      
443      0.486181      0.013282      0.112159      1.362339      -0.928607      0.924619      
444      0.485801      0.013252      0.112019      1.357844      -0.938207      0.934236      
445      0.485341      0.013232      0.111729      1.353681      -0.946997      0.943042      
446      0.485061      0.013192      0.111449      1.346214      -0.962526      0.958600      
447      0.484801      0.013152      0.111149      1.339982      -0.975266      0.971363      
448      0.484561      0.013092      0.110899      1.337274      -0.980741      0.976848      
449      0.484331      0.013032      0.110889      1.332032      -0.991238      0.987365      
450      0.484061      0.012992      0.110789      1.326268      -1.002627      0.998776      
451      0.483911      0.013042      0.110659      1.325977      -1.003199      0.999349      
452      0.483641      0.013152      0.110589      1.324978      -1.005154      1.001308      
453      0.483481      0.013162      0.110649      1.320521      -1.013831      1.010001      
