141      0.020890      1637667167831      
142      0.012790      1637667167882      
143      0.029580      1637667167915      
144      0.027600      1637667167948      
145      0.012850      1637667167973      
146      0.010230      1637667168013      
147      0.033890      1637667168039      
148      0.028010      1637667168074      
149      0.024900      1637667168112      
150      0.024330      1637667168153      
151      0.035210      1637667168183      
152      0.006110      1637667168208      
153      -0.001870      1637667168249      
154      0.006930      1637667168283      
155      0.005360      1637667168313      
156      0.003980      1637667168352      
157      0.005820      1637667168384      
158      0.005040      1637667168416      
159      0.013150      1637667168448      
160      0.007490      1637667168478      
161      0.016650      1637667168518      
162      0.021710      1637667168540      
163      0.009030      1637667168573      
164      0.014130      1637667168604      
165      0.012100      1637667168635      
166      0.012500      1637667168666      
167      0.011720      1637667168722      
168      0.011690      1637667168751      
169      0.023210      1637667168783      
170      0.013380      1637667168817      
171      0.013430      1637667168841      
172      0.005930      1637667168873      
173      0.009810      1637667168919      
174      0.010400      1637667168937      
175      0.003240      1637667168966      
176      0.008920      1637667168998      
177      0.008960      1637667169049      
178      0.005690      1637667169082      
179      0.007590      1637667169120      
180      0.007060      1637667169140      
181      0.003580      1637667169173      
182      0.012770      1637667169207      
183      0.007240      1637667169238      
184      0.006710      1637667169269      
185      0.013870      1637667169308      
186      0.010080      1637667169339      
187      0.010670      1637667169380      
188      0.020930      1637667169407      
189      0.007300      1637667169442      
190      0.003230      1637667169472      
191      0.007260      1637667169502      
192      0.004750      1637667169539      
193      0.001480      1637667169586      
194      0.010830      1637667169616      
195      0.006510      1637667169645      
196      0.010010      1637667169674      
197      0.006020      1637667169709      
198      0.020880      1637667169748      
199      0.022270      1637667169770      
200      0.017830      1637667169805      
201      0.010510      1637667169851      
202      0.030870      1637667169882      
203      0.006380      1637667169911      
204      0.003780      1637667169943      
205      0.012420      1637667169973      
206      0.005100      1637667170013      
207      0.007010      1637667170038      
208      0.014090      1637667170068      
209      0.010350      1637667170100      
210      0.008080      1637667170132      
211      0.012080      1637667170164      
212      0.011840      1637667170218      
213      0.010240      1637667170246      
214      0.013010      1637667170275      
215      0.011620      1637667170308      
216      0.017750      1637667170340      
217      0.004950      1637667170371      
218      0.009270      1637667170406      
219      0.003200      1637667170433      
220      0.012300      1637667170465      
221      0.010890      1637667170516      
222      0.019970      1637667170542      
223      0.013020      1637667170576      
224      0.009710      1637667170617      
225      0.006530      1637667170643      
226      0.023700      1637667170670      
227      0.020260      1637667170702      
228      0.011290      1637667170733      
229      0.000930      1637667170766      
230      0.005350      1637667170820      
231      0.008140      1637667170849      
232      0.002860      1637667170875      
233      0.003080      1637667170907      
234      0.002710      1637667170937      
235      0.003800      1637667170969      
236      0.008680      1637667171005      
237      0.008630      1637667171052      
238      0.014990      1637667171085      
239      -0.000210      1637667171112      
240      0.003270      1637667171142      
241      0.005160      1637667171176      
242      0.004170      1637667171207      
243      0.006540      1637667171247      
244      0.014580      1637667171280      
245      0.006920      1637667171301      
246      0.001470      1637667171333      
247      0.014310      1637667171382      
248      0.015680      1637667171413      
249      0.007270      1637667171449      
250      0.008170      1637667171483      
251      0.008350      1637667171509      
252      0.002490      1637667171536      
253      0.004920      1637667171568      
254      0.009250      1637667171615      
255      0.003900      1637667171652      
256      0.003860      1637667171700      
257      0.002660      1637667171723      
258      0.005090      1637667171742      
259      0.000350      1637667171773      
260      0.000410      1637667171803      
261      -0.000800      1637667171833      
262      -0.003000      1637667171880      
263      0.000080      1637667171913      
264      -0.000010      1637667171944      
265      0.000820      1637667171977      
266      -0.000410      1637667172007      
267      -0.000420      1637667172039      
268      0.002320      1637667172084      
269      0.003900      1637667172113      
270      0.001830      1637667172134      
271      0.006650      1637667172166      
272      0.008130      1637667172200      
273      0.008470      1637667172231      
274      0.009820      1637667172264      
275      0.014140      1637667172306      
276      0.005570      1637667172339      
277      0.002890      1637667172371      
278      0.000480      1637667172404      
279      0.001410      1637667172435      
280      0.002710      1637667172480      
281      0.003140      1637667172515      
282      0.009620      1637667172552      
283      0.008780      1637667172580      
284      0.000000      1637667172615      
285      0.002670      1637667172640      
286      0.001410      1637667172684      
287      -0.000020      1637667172713      
288      -0.000200      1637667172734      
289      -0.000290      1637667172767      
290      0.002120      1637667172801      
291      0.005280      1637667172830      
292      0.002670      1637667172865      
293      0.003990      1637667172911      
294      0.003220      1637667172940      
295      0.000180      1637667172972      
296      0.001410      1637667173004      
297      -0.000150      1637667173035      
298      0.005840      1637667173067      
299      0.003600      1637667173103      
300      0.004380      1637667173130      
301      0.000830      1637667173160      
302      0.006350      1637667173205      
303      0.008570      1637667173238      
304      0.002870      1637667173270      
305      0.010050      1637667173302      
306      0.001410      1637667173339      
307      0.009490      1637667173367      
308      0.007230      1637667173398      
309      0.005630      1637667173431      
310      0.002350      1637667173473      
311      0.012990      1637667173505      
312      0.002520      1637667173547      
313      0.004350      1637667173569      
314      -0.000400      1637667173601      
315      0.001580      1637667173646      
316      0.000750      1637667173681      
317      0.005880      1637667173716      
318      0.002750      1637667173749      
319      0.000470      1637667173772      
320      0.000850      1637667173802      
321      0.002310      1637667173835      
322      0.001570      1637667173868      
323      -0.000020      1637667173898      
324      0.001770      1637667173939      
325      0.000940      1637667173980      
326      0.004360      1637667174006      
327      0.000350      1637667174040      
328      0.004570      1637667174069      
329      0.004190      1637667174101      
330      0.002590      1637667174154      
331      0.003450      1637667174188      
332      0.005840      1637667174212      
333      0.001830      1637667174242      
334      0.003300      1637667174272      
335      -0.002220      1637667174304      
336      -0.000620      1637667174348      
337      0.001200      1637667174373      
338      0.002490      1637667174412      
339      0.004500      1637667174444      
340      0.007520      1637667174472      
341      0.005820      1637667174505      
342      0.002200      1637667174549      
343      0.004940      1637667174589      
344      0.003870      1637667174618      
345      0.003340      1637667174651      
346      0.014680      1637667174673      
347      0.006570      1637667174706      
348      0.003800      1637667174746      
349      -0.000310      1637667174773      
350      0.002280      1637667174805      
351      0.003570      1637667174832      
352      0.000720      1637667174867      
353      0.005720      1637667174906      
354      0.005630      1637667174944      
355      0.006340      1637667174983      
356      0.002110      1637667175007      
357      0.003350      1637667175034      
358      0.000840      1637667175069      
359      0.002290      1637667175097      
360      0.000210      1637667175129      
361      0.001770      1637667175184      
362      0.002670      1637667175206      
363      0.012650      1637667175239      
364      0.007930      1637667175273      
365      0.005140      1637667175301      
366      0.004050      1637667175332      
367      0.005930      1637667175384      
368      0.007690      1637667175415      
369      0.001710      1637667175440      
370      0.001500      1637667175476      
371      0.001280      1637667175506      
372      0.002600      1637667175536      
373      0.005420      1637667175572      
374      0.001530      1637667175606      
375      0.000280      1637667175630      
376      0.000990      1637667175676      
377      0.000170      1637667175713      
378      -0.000220      1637667175739      
379      0.000120      1637667175780      
380      -0.000240      1637667175812      
381      0.001420      1637667175836      
382      0.004420      1637667175869      
383      0.004850      1637667175897      
384      0.004420      1637667175929      
385      0.004420      1637667175982      
386      0.006230      1637667176017      
387      0.014750      1637667176047      
388      0.004050      1637667176075      
389      0.005470      1637667176104      
390      0.000780      1637667176134      
391      0.003400      1637667176168      
392      0.003340      1637667176201      
393      0.005160      1637667176248      
394      0.006360      1637667176272      
395      0.007310      1637667176310      
396      0.004010      1637667176339      
397      0.011600      1637667176371      
398      0.005790      1637667176404      
399      0.003060      1637667176434      
400      0.003700      1637667176464      
401      0.003920      1637667176500      
402      0.002770      1637667176543      
403      0.003790      1637667176574      
404      0.002790      1637667176616      
405      0.001270      1637667176647      
406      0.004190      1637667176678      
407      0.000310      1637667176706      
408      0.003180      1637667176734      
409      0.002480      1637667176770      
410      0.007400      1637667176806      
411      0.005030      1637667176850      
412      0.011410      1637667176881      
413      0.005780      1637667176912      
414      0.003550      1637667176946      
415      0.002870      1637667176970      
416      0.004110      1637667177015      
417      0.002700      1637667177051      
418      -0.008960      1637667177080      
419      -0.006190      1637667177116      
420      -0.008250      1637667177142      
421      -0.014180      1637667177175      
422      -0.009350      1637667177213      
423      -0.019500      1637667177249      
424      -0.022140      1637667177269      
425      -0.021760      1637667177304      
426      -0.024490      1637667177332      
427      -0.024220      1637667177365      
428      -0.021370      1637667177429      
429      -0.036500      1637667177467      
430      -0.018210      1637667177494      
431      -0.025160      1637667177527      
432      -0.020510      1637667177553      
433      -0.029210      1637667177585      
434      -0.030750      1637667177622      
435      -0.026710      1637667177653      
436      -0.029280      1637667177681      
437      -0.028100      1637667177716      
438      -0.025210      1637667177748      
439      -0.034440      1637667177777      
440      -0.035940      1637667177816      
441      -0.014490      1637667177851      
442      -0.042420      1637667177871      
443      -0.040490      1637667177903      
444      -0.044930      1637667177933      
445      -0.037620      1637667177966      
446      -0.040670      1637667177996      
447      -0.044790      1637667178054      
448      -0.019980      1637667178079      
449      -0.000200      1637667178110      
450      -0.009510      1637667178139      
451      -0.005450      1637667178172      
452      -0.014250      1637667178202      
453      -0.009210      1637667178245      
454      -0.013170      1637667178284      
455      -0.021810      1637667178315      
456      -0.020680      1637667178350      
457      -0.024500      1637667178379      
458      -0.021960      1637667178410      
459      -0.018920      1637667178449      
460      -0.013610      1637667178483      
461      -0.029310      1637667178501      
462      -0.026970      1637667178533      
463      -0.057620      1637667178562      
464      -0.051930      1637667178612      
465      -0.046740      1637667178650      
466      -0.039170      1637667178678      
467      -0.027690      1637667178706      
468      -0.009830      1637667178738      
469      -0.029980      1637667178770      
470      -0.035830      1637667178800      
471      -0.028080      1637667178836      
472      -0.040420      1637667178881      
473      -0.077940      1637667178913      
474      -0.049790      1637667178939      
475      -0.033390      1637667178975      
476      -0.010380      1637667179005      
477      -0.011210      1637667179047      
478      -0.008650      1637667179083      
479      -0.015920      1637667179115      
480      -0.037030      1637667179148      
481      -0.036760      1637667179179      
482      -0.016060      1637667179210      
483      -0.012560      1637667179247      
484      -0.018810      1637667179277      
485      -0.009600      1637667179307      
486      -0.021810      1637667179336      
487      -0.030940      1637667179370      
488      -0.028050      1637667179397      
