63      74.909565      0.087270      
64      74.344612      0.087270      
65      74.094795      0.087270      
66      73.786535      0.087270      
67      73.526978      0.087270      
68      73.249658      0.087270      
69      72.615948      0.087270      
70      72.127200      0.087270      
71      71.526150      0.087270      
72      71.377749      0.087270      
73      70.805921      0.087270      
74      70.542925      0.087270      
75      70.262741      0.087270      
76      69.992870      0.087270      
77      69.551106      0.087270      
78      69.177527      0.087270      
79      68.896769      0.087270      
80      68.574184      0.087270      
81      68.352443      0.087270      
82      68.092313      0.087270      
83      67.581219      0.087270      
84      66.734936      0.087270      
85      66.309215      0.087270      
86      65.778641      0.087270      
87      65.218845      0.087270      
88      64.869330      0.087270      
89      64.450485      0.087270      
90      64.138214      0.087270      
91      63.360688      0.087270      
92      62.834124      0.087270      
93      61.723699      0.087270      
94      61.439503      0.087270      
95      61.244119      0.087270      
96      60.914086      0.087270      
97      60.708388      0.087270      
98      60.299284      0.087270      
99      60.144581      0.087270      
100      60.008786      0.087270      
101      59.003788      0.087270      
102      58.582079      0.087270      
103      58.295018      0.087270      
104      57.554162      0.087270      
105      56.980614      0.087270      
106      56.472386      0.087270      
107      55.747573      0.087270      
108      55.396339      0.087270      
109      54.545472      0.087270      
110      54.178195      0.087270      
111      53.478020      0.087270      
112      52.876397      0.087270      
113      52.449530      0.087270      
114      52.227789      0.087270      
115      51.818112      0.087270      
116      51.587204      0.087270      
117      51.388954      0.087270      
118      50.594811      0.087270      
119      49.890053      0.087270      
120      49.327964      0.087270      
121      48.622633      0.087270      
122      47.890371      0.087270      
123      47.401623      0.087270      
124      46.070030      0.087270      
125      44.371733      0.087270      
126      43.433774      0.087270      
127      42.993729      0.087270      
128      41.599682      0.087270      
129      39.914563      0.087270      
130      38.912430      0.087270      
131      37.886806      0.087270      
132      37.636416      0.087270      
133      37.521821      0.087270      
134      36.921343      0.087270      
135      36.284768      0.087270      
136      35.364571      0.087270      
137      34.953748      0.087270      
138      33.706955      0.087270      
139      32.968964      0.087270      
140      32.224097      0.087270      
141      31.765144      0.087270      
142      31.445997      0.087270      
143      30.928028      0.087270      
144      30.529811      0.087270      
145      30.399172      0.087270      
146      29.907560      0.087270      
147      29.429699      0.087270      
148      29.324845      0.087270      
149      29.199363      0.087270      
150      28.959287      0.087270      
151      28.880789      0.087270      
152      28.259685      0.087270      
153      28.229317      0.087270      
154      28.180614      0.087270      
155      27.965176      0.087270      
156      27.666083      0.087270      
157      27.304536      0.087270      
158      26.371160      0.087270      
159      26.185516      0.087270      
160      25.764953      0.087270      
161      25.579309      0.087270      
162      25.522585      0.087270      
163      25.350692      0.087270      
164      25.049308      0.087270      
165      24.682604      0.087270      
166      24.597231      0.087270      
167      24.308451      0.087270      
168      24.252300      0.087270      
169      24.129110      0.087270      
170      23.870699      0.087270      
171      23.597963      0.087270      
172      23.203756      0.087270      
173      22.749387      0.087270      
174      22.432532      0.087270      
175      21.679643      0.087270      
176      21.009836      0.087270      
177      20.636830      0.087270      
178      20.230590      0.087270      
179      19.804870      0.087270      
180      19.088079      0.087270      
181      18.501353      0.087270      
182      17.647621      0.087270      
183      16.761229      0.087270      
184      15.894318      0.087270      
185      15.442814      0.087270      
186      15.307592      0.087270      
187      15.020532      0.087270      
188      14.799363      0.087270      
189      14.646952      0.087270      
190      14.271081      0.087270      
191      13.701544      0.087270      
192      13.518765      0.087270      
193      12.993920      0.087270      
194      12.647270      0.087270      
195      12.711444      0.087270      
196      12.441572      0.087270      
197      12.209518      0.087270      
198      12.210664      0.087270      
199      12.186599      0.087270      
200      11.974025      0.087270      
201      11.274423      0.087270      
202      11.089925      0.087270      
203      11.154098      0.087270      
204      11.122585      0.087270      
205      11.053828      0.087270      
206      10.796562      0.087270      
207      10.559924      0.087270      
208      10.531848      0.087270      
209      10.587426      0.087270      
210      10.349069      0.087270      
211      10.209836      0.087270      
212      10.120452      0.087270      
213      9.629413      0.087270      
214      9.457520      0.087270      
215      9.062168      0.087270      
216      8.839281      0.087270      
217      8.478880      0.087270      
218      8.150565      0.087270      
219      7.935127      0.087270      
220      7.845170      0.087270      
221      7.514563      0.087270      
222      7.579882      0.087270      
223      7.425179      0.087270      
224      6.864810      0.087270      
225      6.535349      0.087270      
226      6.562852      0.087270      
227      6.365749      0.087270      
228      6.453987      0.087270      
229      6.377208      0.087270      
230      6.285532      0.087270      
231      6.070667      0.087270      
232      5.910234      0.087270      
233      5.698233      0.087270      
234      5.338978      0.087270      
235      4.905236      0.087270      
236      4.506446      0.087270      
237      4.150056      0.087270      
238      3.911698      0.087270      
239      3.385134      0.087270      
240      3.198345      0.087270      
241      3.094636      0.087270      
242      2.910138      0.087270      
243      2.755435      0.087270      
244      2.587554      0.087270      
245      2.433996      0.087270      
246      2.322266      0.087270      
247      2.313672      0.087270      
248      2.202515      0.087270      
249      2.035206      0.087270      
250      1.823778      0.087270      
251      1.716632      0.087270      
252      1.555626      0.087270      
253      1.325863      0.087270      
254      1.125895      0.087270      
255      0.849148      0.087270      
256      0.868057      0.087270      
257      0.592456      0.087270      
258      0.326023      0.087270      
259      0.166163      0.087270      
260      0.095114      0.087270      
261      -0.017762      0.087270      
262      -0.092822      0.087270      
263      -0.283049      0.087270      
264      -0.390196      0.087270      
265      -0.620532      0.087270      
266      -0.983225      0.087270      
267      -1.171733      0.087270      
268      -1.343626      0.087270      
269      -1.317269      0.087270      
270      -1.571670      0.087270      
271      -1.889671      0.087270      
272      -2.510202      0.087270      
273      -3.004679      0.087270      
274      -3.091771      0.087270      
275      -3.138182      0.087270      
276      -3.295750      0.087270      
277      -3.507751      0.087270      
278      -3.778768      0.087270      
279      -3.913417      0.087270      
280      -4.230272      0.087270      
281      -4.591819      0.087270      
282      -5.010091      0.087270      
283      -5.197453      0.087270      
284      -5.437530      0.087270      
285      -5.709120      0.087270      
286      -5.795066      0.087270      
287      -6.027121      0.087270      
288      -6.333089      0.087270      
289      -6.662550      0.087270      
290      -7.476174      0.087270      
291      -7.711666      0.087270      
292      -7.692758      0.087270      
293      -7.815375      0.087270      
294      -7.935127      0.087270      
295      -8.084100      0.087270      
296      -8.298392      0.087270      
297      -8.382047      0.087270      
298      -8.667961      0.087270      
299      -9.070189      0.087270      
300      -9.175617      0.087270      
301      -9.318860      0.087270      
302      -9.434601      0.087270      
303      -9.624829      0.087270      
304      -9.602483      0.087270      
305      -9.600191      0.087270      
306      -9.672386      0.087270      
307      -9.746873      0.087270      
308      -9.971479      0.087270      
309      -9.931370      0.087270      
310      -10.008722      0.087270      
311      -10.259112      0.087270      
312      -10.304950      0.087270      
313      -10.473977      0.087270      
314      -10.559351      0.087270      
315      -10.506637      0.087270      
316      -10.789113      0.087270      
317      -11.021741      0.087270      
318      -11.135763      0.087270      
319      -11.458348      0.087270      
320      -11.478975      0.087270      
321      -11.779787      0.087270      
322      -11.990641      0.087270      
323      -12.512048      0.087270      
324      -12.779055      0.087270      
325      -12.979596      0.087270      
326      -13.224256      0.087270      
327      -13.396721      0.087270      
328      -13.782333      0.087270      
329      -14.026993      0.087270      
330      -14.256756      0.087270      
331      -14.284832      0.087270      
332      -14.385676      0.087270      
333      -15.147732      0.087270      
334      -15.258316      0.087270      
335      -15.913799      0.087270      
336      -16.490785      0.087270      
337      -17.775967      0.087270      
338      -18.587299      0.087270      
339      -18.794143      0.087270      
340      -19.013592      0.087270      
341      -19.112717      0.087270      
342      -19.090371      0.087270      
343      -19.400350      0.087270      
344      -19.286901      0.087270      
345      -19.320134      0.087270      
346      -19.603183      0.087270      
347      -19.557918      0.087270      
348      -19.790546      0.087270      
349      -19.781951      0.087270      
350      -19.753303      0.087270      
351      -20.010568      0.087270      
352      -20.055260      0.087270      
353      -20.258093      0.087270      
354      -20.393888      0.087270      
355      -20.494159      0.087270      
356      -20.679230      0.087270      
357      -20.906701      0.087270      
358      -21.053955      0.087270      
359      -21.196626      0.087270      
360      -21.632660      0.087270      
361      -21.920293      0.087270      
362      -22.048639      0.087270      
363      -22.059526      0.087270      
364      -22.082445      0.087270      
365      -22.102499      0.087270      
366      -22.108802      0.087270      
367      -22.049212      0.087270      
368      -21.948369      0.087270      
369      -21.464778      0.087270      
370      -20.727360      0.087270      
371      -20.962279      0.087270      
372      -21.025306      0.087270      
373      -21.072863      0.087270      
374      -21.267102      0.087270      
375      -21.304345      0.087270      
376      -21.332994      0.087270      
377      -21.460194      0.087270      
378      -21.845233      0.087270      
379      -22.443419      0.087270      
380      -22.319656      0.087270      
381      -22.302467      0.087270      
382      -22.374662      0.087270      
383      -22.425084      0.087270      
384      -22.527646      0.087270      
385      -22.554003      0.087270      
386      -22.631927      0.087270      
387      -22.822728      0.087270      
388      -22.822155      0.087270      
389      -22.923572      0.087270      
390      -22.998631      0.087270      
391      -22.967691      0.087270      
392      -23.008945      0.087270      
393      -23.130415      0.087270      
394      -23.071972      0.087270      
395      -23.019831      0.087270      
396      -23.113226      0.087270      
397      -23.033010      0.087270      
398      -22.965399      0.087270      
399      -22.948782      0.087270      
400      -22.862263      0.087270      
401      -22.842782      0.087270      
402      -22.779182      0.087270      
403      -22.349451      0.087270      
404      -21.656152      0.087270      
405      -21.222983      0.087270      
406      -20.905555      0.087270      
407      -20.223142      0.087270      
408      -19.293204      0.087270      
409      -18.473850      0.087270      
410      -18.039535      0.087270      
411      -16.412287      0.087270      
412      -15.753366      0.087270      
413      -14.494541      0.087270      
414      -13.609295      0.087270      
415      -13.015120      0.087270      
416      -12.270826      0.087270      
417      -11.763170      0.087270      
418      -11.343753      0.087270      
419      -9.759478      0.087270      
420      -9.023205      0.087270      
421      -8.067484      0.087270      
422      -7.473309      0.087270      
423      -6.774280      0.087270      
424      -5.804234      0.087270      
425      -5.162502      0.087270      
426      -4.648544      0.087270      
427      -3.235588      0.087270      
428      -1.506350      0.087270      
429      -0.197103      0.087270      
430      0.800446      0.087270      
431      1.406653      0.087270      
432      2.303358      0.087270      
433      3.415502      0.087270      
434      4.352316      0.087270      
435      5.856947      0.087270      
436      6.907210      0.087270      
437      8.285214      0.087270      
438      9.998981      0.087270      
439      10.853860      0.087270      
440      11.879484      0.087270      
441      12.687952      0.087270      
442      13.644246      0.087270      
443      15.077256      0.087270      
444      15.443960      0.087270      
445      16.667261      0.087270      
446      17.992551      0.087270      
447      19.257679      0.087270      
448      20.194493      0.087270      
449      20.994939      0.087270      
450      21.918574      0.087270      
451      22.972274      0.087270      
452      23.593952      0.087270      
453      24.198440      0.087270      
454      25.410855      0.087270      
455      26.373452      0.087270      
456      27.721089      0.087270      
457      29.253223      0.087270      
458      30.615757      0.087270      
459      33.637052      0.087270      
460      35.359414      0.087270      
461      35.967913      0.087270      
462      37.669075      0.087270      
463      39.282572      0.087270      
464      40.743657      0.087270      
465      42.161770      0.087270      
466      43.269330      0.087270      
467      43.956327      0.087270      
468      44.845583      0.087270      
469      45.180201      0.087270      
470      45.842559      0.087270      
471      46.944390      0.087270      
472      48.573930      0.087270      
473      49.436830      0.087270      
474      50.473341      0.087270      
475      51.674296      0.087270      
476      52.523444      0.087270      
477      53.146268      0.087270      
478      54.052141      0.087270      
479      55.086933      0.087270      
480      56.894668      0.087270      
481      58.511603      0.087270      
482      59.128696      0.087270      
483      59.894764      0.087270      
484      60.351997      0.087270      
485      61.382206      0.087270      
486      62.036543      0.087270      
487      63.065033      0.087270      
488      63.812192      0.087270      
489      64.038517      0.087270      
490      64.807449      0.087270      
491      67.026580      0.087270      
492      68.071113      0.087270      
493      68.627471      0.087270      
494      69.958491      0.087270      
495      71.229349      0.087270      
496      72.376444      0.087270      
497      73.011873      0.087270      
498      74.525672      0.087270      
