124      74.815598      0.087270      
125      74.645424      0.087270      
126      74.356072      0.087270      
127      74.111412      0.087270      
128      73.692567      0.087270      
129      73.427853      0.087270      
130      73.077192      0.087270      
131      72.975776      0.087270      
132      72.632564      0.087270      
133      72.412542      0.087270      
134      72.185644      0.087270      
135      72.147254      0.087270      
136      72.035524      0.087270      
137      71.916346      0.087270      
138      71.818940      0.087270      
139      71.588031      0.087270      
140      71.439631      0.087270      
141      71.417285      0.087270      
142      71.139965      0.087270      
143      71.051154      0.087270      
144      70.866656      0.087270      
145      70.748623      0.087270      
146      70.576731      0.087270      
147      70.310871      0.087270      
148      70.223778      0.087270      
149      70.002610      0.087270      
150      69.824988      0.087270      
151      69.562566      0.087270      
152      69.326500      0.087270      
153      68.977558      0.087270      
154      67.949069      0.087270      
155      67.224829      0.087270      
156      66.652427      0.087270      
157      66.143626      0.087270      
158      65.762597      0.087270      
159      65.454337      0.087270      
160      65.370110      0.087270      
161      65.062995      0.087270      
162      64.795989      0.087270      
163      64.794843      0.087270      
164      64.609199      0.087270      
165      64.413242      0.087270      
166      64.076333      0.087270      
167      63.935954      0.087270      
168      63.723954      0.087270      
169      63.240936      0.087270      
170      62.835843      0.087270      
171      62.228490      0.087270      
172      61.350119      0.087270      
173      59.968104      0.087270      
174      59.243864      0.087270      
175      58.320802      0.087270      
176      58.036607      0.087270      
177      57.905968      0.087270      
178      57.349610      0.087270      
179      56.912430      0.087270      
180      56.383575      0.087270      
181      55.223301      0.087270      
182      54.749451      0.087270      
183      54.657202      0.087270      
184      54.253255      0.087270      
185      54.014897      0.087270      
186      53.984530      0.087270      
187      53.544485      0.087270      
188      53.196117      0.087270      
189      52.707369      0.087270      
190      52.293681      0.087270      
191      51.903486      0.087270      
192      51.527614      0.087270      
193      51.520166      0.087270      
194      51.620436      0.087270      
195      51.614133      0.087270      
196      51.390100      0.087270      
197      50.781028      0.087270      
198      50.205762      0.087270      
199      49.648830      0.087270      
200      48.925736      0.087270      
201      47.872036      0.087270      
202      47.433137      0.087270      
203      46.659048      0.087270      
204      45.745727      0.087270      
205      45.016903      0.087270      
206      44.219322      0.087270      
207      43.568996      0.087270      
208      42.809804      0.087270      
209      42.247143      0.087270      
210      41.848353      0.087270      
211      41.485660      0.087270      
212      40.796371      0.087270      
213      40.443992      0.087270      
214      40.047493      0.087270      
215      39.572497      0.087270      
216      39.126723      0.087270      
217      38.160688      0.087270      
218      37.635843      0.087270      
219      36.867484      0.087270      
220      36.222887      0.087270      
221      34.973802      0.087270      
222      34.082254      0.087270      
223      33.434792      0.087270      
224      32.671590      0.087270      
225      32.025848      0.087270      
226      31.777177      0.087270      
227      31.275251      0.087270      
228      30.962406      0.087270      
229      30.378545      0.087270      
230      29.925322      0.087270      
231      29.875473      0.087270      
232      29.827344      0.087270      
233      29.394175      0.087270      
234      29.212542      0.087270      
235      28.908292      0.087270      
236      28.365112      0.087270      
237      28.134776      0.087270      
238      27.675824      0.087270      
239      27.193952      0.087270      
240      26.687442      0.087270      
241      26.138533      0.087270      
242      25.670985      0.087270      
243      25.032691      0.087270      
244      24.514149      0.087270      
245      24.095878      0.087270      
246      23.781315      0.087270      
247      23.079421      0.087270      
248      22.442273      0.087270      
249      22.030877      0.087270      
250      21.401178      0.087270      
251      21.071717      0.087270      
252      20.297629      0.087270      
253      20.021455      0.087270      
254      19.581410      0.087270      
255      19.336750      0.087270      
256      19.039376      0.087270      
257      18.696737      0.087270      
258      18.165590      0.087270      
259      17.672258      0.087270      
260      17.149706      0.087270      
261      16.656374      0.087270      
262      15.910361      0.087270      
263      15.484641      0.087270      
264      14.976413      0.087270      
265      14.625752      0.087270      
266      14.252173      0.105490      
267      13.683782      0.151560      
268      13.354894      0.197860      
269      13.024861      0.243870      
270      12.746968      0.313700      
271      12.822028      0.359740      
272      12.596849      0.407120      
273      12.596849      0.429470      
274      12.493140      0.436330      
275      12.285150      0.436330      
276      12.074869      0.436330      
277      11.770046      0.436330      
278      11.466943      0.436330      
279      11.435429      0.436330      
280      11.172434      0.436330      
281      11.249785      0.436330      
282      11.110552      0.436330      
283      10.702021      0.436330      
284      10.565080      0.436330      
285      10.247652      0.436330      
286      10.015025      0.436330      
287      9.690148      0.436330      
288      8.772816      0.436330      
289      8.322457      0.436330      
290      7.857775      0.436330      
291      7.675569      0.436330      
292      7.163330      0.436330      
293      6.951329      0.436330      
294      6.456852      0.436330      
295      6.487219      0.436330      
296      7.001178      0.436330      
297      8.058889      0.436330      
298      9.345217      0.405600      
299      9.541748      0.359520      
300      9.505077      0.313480      
301      9.540029      0.288350      
302      8.728696      0.242280      
303      7.996435      0.196100      
304      7.484768      0.149980      
305      6.779437      0.087270      
306      6.173229      0.087270      
307      5.949196      0.087270      
308      5.654114      0.087270      
309      5.481649      0.087270      
310      5.079994      0.087270      
311      4.657138      0.087270      
312      3.969569      0.087270      
313      3.599427      0.087270      
314      2.959414      0.087270      
315      2.472959      0.087270      
316      2.189336      0.087270      
317      1.349355      0.087270      
318      1.033646      0.087270      
319      0.990100      0.087270      
320      0.663505      0.087270      
321      0.544899      0.087270      
322      0.436607      0.087270      
323      0.120898      0.087270      
324      -0.269871      0.087270      
325      -1.150533      0.110950      
326      -1.513799      0.157090      
327      -1.950979      0.203140      
328      -1.943530      0.250620      
329      -2.163552      0.296700      
330      -2.189336      0.318930      
331      -2.274710      0.367860      
332      -2.401910      0.413930      
333      -2.427121      0.436330      
334      -2.541716      0.436330      
335      -2.678084      0.436330      
336      -2.478689      0.436330      
337      -2.596721      0.436330      
338      -3.080885      0.436330      
339      -3.034474      0.436330      
340      -3.061404      0.436330      
341      -3.430972      0.436330      
342      -3.637243      0.436330      
343      -3.701417      0.436330      
344      -3.887633      0.436330      
345      -4.125991      0.436330      
346      -4.252045      0.436330      
347      -4.256629      0.436330      
348      -4.336272      0.436330      
349      -4.306478      0.436330      
350      -4.187299      0.436330      
351      -4.032596      0.436330      
352      -3.888206      0.436330      
353      -3.838930      0.436330      
354      -3.588541      0.436330      
355      -3.463059      0.436330      
356      -3.363361      0.436330      
357      -3.108388      0.436330      
358      -3.200064      0.436330      
359      -3.182874      0.436330      
360      -3.317523      0.436330      
361      -3.593124      0.436330      
362      -3.722617      0.436330      
363      -3.763298      0.436330      
364      -4.191883      0.436330      
365      -4.342002      0.436330      
366      -4.598695      0.436330      
367      -4.660576      0.436330      
368      -4.853669      0.436330      
369      -4.929874      0.436330      
370      -5.256470      0.436330      
371      -5.569314      0.436330      
372      -6.381792      0.436330      
373      -6.822410      0.436330      
374      -7.153016      0.436330      
375      -7.395957      0.436330      
376      -7.496228      0.436330      
377      -7.634315      0.436330      
378      -7.575298      0.436330      
379      -7.499666      0.436330      
380      -7.814229      0.436330      
381      -7.963202      0.436330      
382      -8.029667      0.436330      
383      -8.694891      0.436330      
384      -9.168741      0.436330      
385      -9.012892      0.436330      
386      -8.950438      0.436330      
387      -9.003724      0.436330      
388      -8.988254      0.436330      
389      -8.978513      0.436330      
390      -9.167595      0.436330      
391      -9.737705      0.436330      
392      -9.831100      0.436330      
393      -10.172020      0.436330      
394      -10.331307      0.436330      
395      -10.634983      0.436330      
396      -10.746713      0.436330      
397      -11.168423      0.436330      
398      -11.199936      0.436330      
399      -11.551743      0.436330      
400      -11.718478      0.436330      
401      -11.833646      0.436330      
402      -12.060544      0.436330      
403      -12.234729      0.436330      
404      -12.417508      0.436330      
405      -12.428967      0.436330      
406      -12.785930      0.436330      
407      -12.847239      0.436330      
408      -13.109661      0.436330      
409      -12.971574      0.436330      
410      -12.988190      0.436330      
411      -12.989336      0.436330      
412      -13.282126      0.436330      
413      -13.247175      0.436330      
414      -13.339997      0.436330      
415      -13.273532      0.436330      
416      -13.379532      0.436330      
417      -13.647684      0.436330      
418      -13.981728      0.436330      
419      -13.990896      0.436330      
420      -14.173102      0.436330      
421      -14.076842      0.436330      
422      -14.265351      0.436330      
423      -14.183416      0.436330      
424      -14.247016      0.436330      
425      -14.542098      0.436330      
426      -14.740347      0.436330      
427      -14.689352      0.436330      
428      -14.943180      0.436330      
429      -14.801082      0.436330      
430      -15.100748      0.436330      
431      -14.790769      0.436330      
432      -14.928856      0.436330      
433      -14.934585      0.436330      
434      -14.993602      0.436330      
435      -14.916823      0.436330      
436      -15.125959      0.436330      
437      -15.085851      0.436330      
438      -15.108770      0.436330      
439      -15.328792      0.436330      
440      -15.270349      0.436330      
441      -15.278370      0.436330      
442      -15.090435      0.436330      
443      -14.502562      0.436330      
444      -13.333121      0.436330      
445      -11.274423      0.436330      
446      -10.933503      0.436330      
447      -10.754735      0.436330      
448      -10.897979      0.436330      
449      -10.601751      0.436330      
450      -10.565080      0.436330      
451      -10.678529      0.398620      
452      -10.443610      0.330150      
453      -10.347923      0.258990      
454      -10.568518      0.212670      
455      -10.842400      0.166030      
456      -11.177017      0.122020      
457      -11.480694      0.098300      
458      -11.994652      0.087270      
459      -12.055388      0.087270      
460      -12.309215      0.087270      
461      -12.436416      0.087270      
462      -12.862709      0.087270      
463      -13.127996      0.087270      
464      -13.515900      0.087270      
465      -13.790355      0.087270      
466      -13.997199      0.087270      
467      -14.163934      0.087270      
468      -14.022410      0.087270      
469      -14.152475      0.087270      
470      -14.324940      0.087270      
471      -14.580487      0.087270      
472      -14.927710      0.087270      
473      -15.190705      0.087270      
474      -15.770555      0.090110      
475      -15.691485      0.136220      
476      -15.618144      0.182260      
477      -15.634187      0.191820      
478      -15.614133      0.145770      
479      -15.705236      0.098210      
480      -15.806653      0.087270      
481      -15.971670      0.087270      
482      -15.951615      0.087270      
483      -15.959064      0.087270      
484      -16.034124      0.087270      
485      -16.141270      0.087270      
486      -16.161324      0.087270      
487      -16.237530      0.087270      
488      -16.165335      0.087270      
489      -16.104600      0.087270      
490      -16.195130      0.087270      
491      -16.326341      0.087270      
492      -16.346968      0.087270      
493      -16.261022      0.087270      
494      -16.282222      0.087270      
495      -16.389368      0.087270      
496      -16.363011      0.087270      
497      -16.263887      0.087270      
498      -16.388795      0.087270      
499      -16.382492      0.087270      
500      -16.371606      0.087270      
501      -16.384211      0.087270      
502      -16.422601      0.087270      
503      -16.406557      0.087270      
504      -16.421455      0.087270      
505      -16.482763      0.087270      
506      -16.387076      0.087270      
507      -16.450676      0.087270      
508      -16.619704      0.087270      
509      -16.579023      0.087270      
510      -16.828840      0.087270      
511      -17.242527      0.087270      
512      -17.384625      0.127830      
513      -17.425306      0.174050      
514      -17.542193      0.245320      
515      -17.561674      0.291390      
516      -17.613815      0.337490      
517      -17.648767      0.407400      
518      -17.870508      0.436330      
519      -18.013178      0.436330      
520      -18.174184      0.436330      
521      -18.260131      0.436330      
522      -18.342066      0.436330      
523      -18.380455      0.436330      
524      -18.365558      0.436330      
525      -18.377017      0.436330      
526      -18.347796      0.436330      
527      -18.483018      0.436330      
528      -18.534585      0.436330      
529      -18.601623      0.436330      
530      -18.701321      0.436330      
531      -18.777527      0.436330      
532      -18.760910      0.436330      
533      -18.705905      0.436330      
534      -18.819354      0.436330      
535      -18.872067      0.436330      
536      -18.693872      0.436330      
537      -18.721948      0.436330      
538      -18.771797      0.436330      
539      -18.809040      0.436330      
540      -18.821646      0.436330      
541      -18.799300      0.436330      
542      -18.724240      0.436330      
543      -18.806748      0.436330      
544      -18.803883      0.436330      
545      -18.840554      0.436330      
546      -18.807894      0.436330      
547      -18.858889      0.436330      
548      -18.874359      0.436330      
549      -18.874359      0.436330      
550      -18.873213      0.436330      
551      -18.834824      0.436330      
552      -18.808467      0.436330      
553      -18.819927      0.436330      
554      -18.817062      0.436330      
555      -18.876651      0.436330      
556      -18.841127      0.436330      
557      -18.862900      0.436330      
558      -18.823938      0.436330      
559      -18.865192      0.436330      
560      -18.829094      0.436330      
561      -18.901862      0.436330      
562      -18.944262      0.436330      
563      -19.083495      0.436330      
564      -19.219863      0.436330      
565      -19.277161      0.436330      
566      -19.274869      0.436330      
567      -19.306382      0.436330      
568      -19.316696      0.436330      
569      -19.226739      0.436330      
570      -19.296642      0.436330      
571      -19.375712      0.436330      
572      -19.433583      0.436330      
573      -19.404361      0.436330      
574      -19.482286      0.436330      
575      -19.407226      0.436330      
576      -19.535572      0.436330      
577      -19.415820      0.436330      
578      -19.429572      0.436330      
579      -19.359096      0.436330      
580      -19.382015      0.436330      
581      -19.335604      0.436330      
582      -19.343053      0.436330      
583      -19.365972      0.436330      
584      -19.372847      0.436330      
585      -19.288620      0.436330      
586      -19.176317      0.436330      
587      -18.757473      0.436330      
588      -18.226898      0.436330      
589      -16.949737      0.436330      
590      -15.952761      0.436330      
591      -14.617730      0.395730      
592      -13.471781      0.348270      
593      -13.062677      0.302180      
594      -12.257648      0.256120      
595      -11.583256      0.208680      
596      -11.457202      0.186210      
597      -10.618367      0.138880      
598      -9.988668      0.092800      
599      -9.205411      0.087270      
600      -8.910902      0.087270      
601      -8.415852      0.087270      
602      -7.927678      0.087270      
603      -7.355849      0.087270      
604      -6.585771      0.087270      
605      -6.098170      0.087270      
606      -5.482795      0.087270      
607      -4.900080      0.087270      
608      -4.025720      0.087270      
609      -3.708865      0.087270      
610      -3.036193      0.087270      
611      -2.266688      0.087270      
612      -0.802165      0.087270      
613      0.390769      0.087270      
614      0.682986      0.087270      
615      1.929779      0.087270      
616      3.122139      0.087270      
617      3.698552      0.087270      
618      4.900653      0.087270      
619      5.659844      0.087270      
620      6.573739      0.087270      
621      8.600350      0.087270      
622      9.311985      0.087270      
623      9.935381      0.087270      
624      11.111125      0.087270      
625      11.542575      0.087270      
626      12.556167      0.087270      
627      13.299889      0.087270      
628      14.272227      0.087270      
629      14.912239      0.087270      
630      15.619290      0.087270      
631      16.129238      0.087270      
632      17.294668      0.087270      
633      18.113449      0.087270      
634      19.270285      0.087270      
635      20.479261      0.087270      
636      21.032755      0.087270      
637      22.046347      0.087270      
638      23.079421      0.087270      
639      24.368614      0.087270      
640      24.848767      0.087270      
641      25.814229      0.087270      
642      26.618685      0.087270      
643      27.278752      0.087270      
644      27.871208      0.087270      
645      28.416107      0.087270      
646      28.940379      0.087270      
647      29.684673      0.087270      
648      30.773325      0.087270      
649      31.255197      0.087270      
650      31.961101      0.087270      
651      32.695655      0.087270      
652      33.536782      0.087270      
653      34.176222      0.087270      
654      34.601942      0.087270      
655      35.613815      0.087270      
656      36.239503      0.087270      
657      36.878943      0.087270      
658      37.245074      0.087270      
659      38.133758      0.087270      
660      38.919306      0.087270      
661      39.561038      0.087270      
662      40.193029      0.087270      
663      40.942480      0.087270      
664      41.191724      0.087270      
665      41.879866      0.087270      
666      42.386376      0.087270      
667      43.081394      0.087270      
668      43.701353      0.087270      
669      44.382620      0.087270      
670      45.265001      0.087270      
671      46.983925      0.087270      
672      47.737960      0.087270      
673      47.948814      0.087270      
674      48.408340      0.087270      
675      48.979596      0.087270      
676      49.743371      0.087270      
677      50.441827      0.087270      
678      51.167213      0.087270      
679      51.788318      0.087270      
680      52.663823      0.087270      
681      53.352539      0.087270      
682      54.056724      0.087270      
683      54.619386      0.087270      
684      55.038230      0.087270      
685      55.657616      0.087270      
686      56.251791      0.087270      
687      56.837371      0.087270      
688      57.378259      0.087270      
689      58.136877      0.087270      
690      58.489830      0.087270      
691      58.990610      0.087270      
692      59.243291      0.087270      
693      59.825434      0.087270      
694      60.165781      0.087270      
695      60.564571      0.087270      
696      61.051027      0.087270      
697      61.535190      0.087270      
698      62.088684      0.087270      
699      62.473723      0.087270      
700      62.866210      0.087270      
701      63.086806      0.087270      
702      63.443769      0.087270      
703      63.916473      0.087270      
704      64.465956      0.087270      
705      64.789686      0.087270      
706      65.050390      0.087270      
707      65.620500      0.087270      
708      66.228426      0.087270      
709      66.638676      0.087270      
710      67.049499      0.087270      
711      67.543976      0.087270      
712      67.736495      0.087270      
713      68.039599      0.087270      
714      68.332962      0.087270      
715      68.642941      0.087270      
716      68.960369      0.087270      
717      69.381506      0.087270      
718      69.875410      0.087270      
719      70.254719      0.087270      
720      70.513704      0.087270      
721      71.055738      0.087270      
722      71.710075      0.087270      
723      72.021773      0.087270      
724      72.381028      0.087270      
725      72.798154      0.087270      
726      73.088652      0.087270      
727      73.492599      0.087270      
728      74.010568      0.087270      
729      74.558905      0.087270      
