57      0.435560      0.044695      0.130625      1.319433      -1.015386      1.009553      
58      0.437190      0.045255      0.130785      1.326667      -1.001301      0.995433      
59      0.438880      0.045755      0.130975      1.333665      -0.987445      0.981543      
60      0.439700      0.045975      0.131085      1.338255      -0.978230      0.972307      
61      0.441160      0.046315      0.131275      1.346774      -0.960850      0.954885      
62      0.442540      0.046605      0.131505      1.357278      -0.938897      0.932881      
63      0.443660      0.046895      0.131715      1.363214      -0.926219      0.920174      
64      0.445240      0.047325      0.131995      1.372204      -0.906628      0.900539      
65      0.446060      0.047585      0.132165      1.376749      -0.896536      0.890424      
66      0.446810      0.047765      0.132315      1.381423      -0.886017      0.879883      
67      0.447730      0.047875      0.132495      1.388943      -0.868788      0.862617      
68      0.448150      0.047955      0.132575      1.390662      -0.864793      0.858614      
69      0.448980      0.048055      0.132725      1.391950      -0.861787      0.855601      
70      0.450070      0.048135      0.132955      1.393039      -0.859236      0.853045      
71      0.451190      0.048175      0.133185      1.394961      -0.854713      0.848513      
72      0.452610      0.048105      0.133435      1.399531      -0.843847      0.837624      
73      0.453950      0.048005      0.133715      1.401922      -0.838098      0.831864      
74      0.455310      0.047865      0.133975      1.403853      -0.833422      0.827178      
75      0.456550      0.047645      0.134215      1.404778      -0.831172      0.824923      
76      0.457930      0.047365      0.134505      1.406701      -0.826471      0.820213      
77      0.458680      0.047195      0.134655      1.407718      -0.823974      0.817712      
78      0.459940      0.046795      0.134915      1.411677      -0.814169      0.807887      
79      0.461790      0.046065      0.135395      1.416919      -0.800977      0.794669      
80      0.463150      0.045665      0.135785      1.420772      -0.791124      0.784797      
81      0.464550      0.045315      0.136125      1.424961      -0.780254      0.773907      
82      0.465720      0.044985      0.136415      1.430336      -0.766058      0.759684      
83      0.466590      0.044645      0.136645      1.435059      -0.753336      0.746939      
84      0.466990      0.044485      0.136765      1.437475      -0.746738      0.740328      
85      0.467820      0.044305      0.136985      1.438964      -0.742639      0.736222      
86      0.468420      0.044175      0.137075      1.442108      -0.733900      0.727468      
87      0.468860      0.044055      0.137205      1.446649      -0.721076      0.714621      
88      0.469340      0.043995      0.137345      1.450966      -0.708649      0.702172      
89      0.470580      0.043935      0.137635      1.457394      -0.689691      0.683182      
90      0.471320      0.043925      0.137865      1.459555      -0.683189      0.676670      
91      0.472010      0.043935      0.138035      1.460754      -0.679552      0.673027      
92      0.472300      0.043945      0.138095      1.461682      -0.676724      0.670194      
93      0.473010      0.043995      0.138145      1.463663      -0.670642      0.664102      
94      0.473770      0.044005      0.138125      1.464954      -0.666648      0.660101      
95      0.474260      0.043905      0.138155      1.465633      -0.664535      0.657985      
96      0.474880      0.043595      0.138155      1.467913      -0.657391      0.650830      
97      0.475440      0.043395      0.138325      1.469364      -0.652800      0.646231      
98      0.475960      0.043135      0.138485      1.472230      -0.643629      0.637046      
99      0.476460      0.042845      0.138635      1.475080      -0.634369      0.627772      
100      0.476860      0.042565      0.138775      1.478077      -0.624471      0.617858      
101      0.477140      0.042405      0.138855      1.479906      -0.618348      0.611726      
102      0.477680      0.042195      0.139045      1.482859      -0.608325      0.601689      
103      0.478240      0.042025      0.139225      1.486983      -0.594025      0.587367      
104      0.478660      0.041845      0.139355      1.490025      -0.583239      0.576566      
105      0.479200      0.041575      0.139455      1.494684      -0.566301      0.559604      
106      0.479540      0.041375      0.139505      1.498047      -0.553733      0.547019      
107      0.479790      0.041165      0.139525      1.501757      -0.539512      0.532779      
108      0.479920      0.041055      0.139495      1.503316      -0.533419      0.526678      
109      0.480160      0.040835      0.139445      1.505057      -0.526525      0.519775      
110      0.480310      0.040565      0.139345      1.506935      -0.518984      0.512224      
111      0.480510      0.040155      0.139215      1.508294      -0.513453      0.506686      
112      0.480740      0.039875      0.138995      1.508550      -0.512404      0.505636      
113      0.481020      0.039615      0.138835      1.510554      -0.504120      0.497341      
114      0.481110      0.039485      0.138735      1.511089      -0.501881      0.495100      
115      0.481310      0.039205      0.138525      1.512668      -0.495219      0.488429      
116      0.481500      0.038985      0.138275      1.513203      -0.492941      0.486148      
117      0.481690      0.038795      0.138005      1.514280      -0.488321      0.481524      
118      0.481820      0.038545      0.137855      1.514300      -0.488236      0.481438      
119      0.482010      0.038195      0.137645      1.514352      -0.488010      0.481212      
120      0.482140      0.037975      0.137395      1.515207      -0.484308      0.477505      
121      0.482030      0.037805      0.137115      1.515591      -0.482636      0.475831      
122      0.481860      0.037645      0.136695      1.516627      -0.478092      0.471282      
123      0.481650      0.037515      0.136325      1.517892      -0.472482      0.465665      
124      0.481560      0.037375      0.136105      1.519641      -0.464613      0.457788      
125      0.481530      0.037305      0.135965      1.521460      -0.456283      0.449447      
126      0.481400      0.037175      0.135685      1.523223      -0.448051      0.441206      
127      0.481370      0.037005      0.135325      1.525607      -0.436669      0.429812      
128      0.481430      0.036865      0.135145      1.527483      -0.427496      0.420629      
129      0.481320      0.036675      0.135085      1.529637      -0.416706      0.409828      
130      0.481070      0.036485      0.134915      1.531514      -0.407067      0.400178      
131      0.480910      0.036315      0.134745      1.532650      -0.401115      0.394220      
132      0.480890      0.036225      0.134685      1.533953      -0.394179      0.387277      
133      0.480810      0.036065      0.134555      1.535946      -0.383315      0.376402      
134      0.480710      0.035925      0.134315      1.537380      -0.375305      0.368385      
135      0.480560      0.035765      0.133975      1.539453      -0.363404      0.356473      
136      0.480360      0.035705      0.133785      1.541041      -0.354014      0.347074      
137      0.480230      0.035745      0.133405      1.542247      -0.346709      0.339762      
138      0.480180      0.035805      0.132965      1.543050      -0.341762      0.334811      
139      0.480110      0.035805      0.132505      1.544042      -0.335541      0.328584      
140      0.479950      0.035795      0.132145      1.544361      -0.333516      0.326558      
141      0.479930      0.035785      0.131835      1.544360      -0.333524      0.326566      
142      0.479930      0.035785      0.131695      1.544598      -0.332007      0.325048      
143      0.479820      0.035745      0.131425      1.544998      -0.329435      0.322474      
144      0.479320      0.035615      0.130845      1.546024      -0.322758      0.315791      
145      0.479210      0.035585      0.130435      1.546314      -0.320843      0.313874      
146      0.479230      0.035595      0.129925      1.546861      -0.317198      0.310227      
147      0.479110      0.035535      0.129365      1.547211      -0.314844      0.307871      
148      0.479000      0.035465      0.128995      1.547156      -0.315220      0.308246      
149      0.478820      0.035405      0.128545      1.547670      -0.311732      0.304755      
150      0.478670      0.035365      0.128315      1.547882      -0.310285      0.303307      
151      0.478320      0.035285      0.127885      1.548192      -0.308157      0.301178      
152      0.478010      0.035195      0.127305      1.548678      -0.304786      0.297804      
153      0.477620      0.035085      0.126655      1.550021      -0.295272      0.288283      
154      0.477180      0.034975      0.126085      1.550738      -0.290069      0.283075      
155      0.476910      0.034825      0.125635      1.551125      -0.287212      0.280216      
156      0.476480      0.034635      0.125105      1.551795      -0.282211      0.275211      
157      0.476060      0.034425      0.124755      1.552541      -0.276536      0.269532      
158      0.475730      0.034135      0.124495      1.553317      -0.270501      0.263492      
159      0.475500      0.033885      0.124345      1.554372      -0.262076      0.255061      
160      0.475300      0.033605      0.124285      1.555618      -0.251762      0.244741      
161      0.475230      0.033455      0.124255      1.556203      -0.246773      0.239748      
162      0.475100      0.033055      0.124255      1.557695      -0.233565      0.226531      
163      0.475160      0.032815      0.124265      1.558046      -0.230345      0.223309      
164      0.475170      0.032745      0.124265      1.558165      -0.229248      0.222211      
165      0.475220      0.032735      0.124205      1.558044      -0.230369      0.223333      
166      0.475350      0.032775      0.124155      1.558220      -0.228739      0.221702      
167      0.475370      0.032795      0.124085      1.558339      -0.227626      0.220588      
168      0.475390      0.032805      0.124015      1.558470      -0.226396      0.219357      
169      0.475480      0.032835      0.123775      1.558599      -0.225189      0.218150      
170      0.475570      0.032825      0.123565      1.558840      -0.222901      0.215860      
171      0.475630      0.032765      0.123475      1.559636      -0.215174      0.208128      
172      0.475650      0.032655      0.123485      1.559855      -0.213003      0.205956      
173      0.475680      0.032585      0.123465      1.559858      -0.212964      0.205917      
174      0.475690      0.032555      0.123455      1.560080      -0.210746      0.203697      
175      0.475710      0.032555      0.123415      1.559979      -0.211757      0.204709      
176      0.475780      0.032575      0.123245      1.559876      -0.212791      0.205744      
177      0.475870      0.032585      0.123075      1.560100      -0.210534      0.203486      
178      0.475930      0.032575      0.122935      1.560214      -0.209390      0.202341      
179      0.476000      0.032585      0.122765      1.560439      -0.207085      0.200035      
180      0.476060      0.032555      0.122665      1.560647      -0.204937      0.197886      
181      0.476040      0.032475      0.122655      1.560674      -0.204663      0.197611      
182      0.476120      0.032415      0.122495      1.560686      -0.204538      0.197486      
183      0.476260      0.032345      0.122195      1.560800      -0.203346      0.196293      
184      0.476350      0.032215      0.122015      1.560710      -0.204287      0.197235      
185      0.476410      0.032075      0.121865      1.560839      -0.202938      0.195886      
186      0.476370      0.031885      0.121765      1.561011      -0.201128      0.194074      
187      0.476290      0.031655      0.121705      1.561095      -0.200242      0.193187      
188      0.476180      0.031355      0.121635      1.561396      -0.197028      0.189971      
189      0.476140      0.031055      0.121585      1.561558      -0.195271      0.188214      
190      0.476080      0.030715      0.121535      1.561837      -0.192214      0.185155      
191      0.475970      0.030195      0.121485      1.561851      -0.192057      0.184998      
192      0.475960      0.029355      0.121305      1.561785      -0.192786      0.185727      
193      0.475910      0.029065      0.121255      1.561846      -0.192112      0.185053      
194      0.475680      0.028415      0.121275      1.561915      -0.191343      0.184284      
195      0.475560      0.027915      0.121215      1.561732      -0.193366      0.186308      
196      0.475580      0.027245      0.121105      1.562007      -0.190324      0.183264      
197      0.475540      0.026815      0.121115      1.562162      -0.188583      0.181522      
198      0.475540      0.026535      0.121095      1.562286      -0.187180      0.180118      
199      0.475350      0.026305      0.121025      1.562700      -0.182420      0.175356      
200      0.475110      0.026175      0.120965      1.562932      -0.179707      0.172641      
201      0.474800      0.026145      0.120835      1.563193      -0.176594      0.169526      
202      0.474390      0.026115      0.120715      1.563496      -0.172916      0.165846      
203      0.474190      0.026105      0.120655      1.563508      -0.172759      0.165689      
204      0.473870      0.026085      0.120515      1.563594      -0.171708      0.164638      
205      0.473490      0.026065      0.120395      1.563955      -0.167182      0.160110      
206      0.473130      0.026045      0.120315      1.564041      -0.166092      0.159019      
207      0.472850      0.026055      0.120245      1.564174      -0.164382      0.157308      
208      0.472540      0.026095      0.120165      1.564397      -0.161472      0.154397      
209      0.472250      0.026175      0.120035      1.564623      -0.158476      0.151399      
210      0.472040      0.026205      0.119955      1.564878      -0.155032      0.147954      
211      0.471540      0.026255      0.119865      1.565089      -0.152114      0.145034      
212      0.471290      0.026365      0.119765      1.565115      -0.151753      0.144673      
213      0.471090      0.026395      0.119615      1.565224      -0.150231      0.143150      
214      0.470840      0.026415      0.119525      1.565333      -0.148678      0.141596      
215      0.470870      0.026415      0.119535      1.565398      -0.147752      0.140670      
216      0.470790      0.026415      0.119525      1.565879      -0.140691      0.133606      
217      0.470750      0.026455      0.119525      1.566109      -0.137192      0.130105      
218      0.470740      0.026475      0.119525      1.566251      -0.134979      0.127891      
219      0.470740      0.026505      0.119525      1.566321      -0.133873      0.126784      
220      0.470740      0.026505      0.119525      1.566321      -0.133873      0.126784      
221      0.470700      0.026515      0.119525      1.566468      -0.131534      0.124445      
222      0.470560      0.026585      0.119495      1.566580      -0.129714      0.122624      
223      0.470300      0.026665      0.119415      1.566675      -0.128168      0.121077      
224      0.470070      0.026715      0.119345      1.566891      -0.124550      0.117458      
225      0.469170      0.026785      0.119095      1.567504      -0.113681      0.106584      
226      0.468620      0.026735      0.118975      1.567623      -0.111460      0.104362      
227      0.468400      0.026695      0.118895      1.567698      -0.110039      0.102941      
228      0.468260      0.026675      0.118865      1.567909      -0.105911      0.098811      
229      0.468140      0.026695      0.118845      1.568000      -0.104082      0.096982      
230      0.467980      0.026755      0.118795      1.568100      -0.102057      0.094956      
231      0.467940      0.026815      0.118785      1.568267      -0.098548      0.091446      
232      0.467690      0.026895      0.118745      1.568765      -0.087300      0.080193      
233      0.467200      0.026975      0.118645      1.568967      -0.082315      0.075206      
234      0.466930      0.027045      0.118555      1.568991      -0.081695      0.074586      
235      0.466760      0.027135      0.118395      1.569164      -0.077149      0.070039      
236      0.466580      0.027175      0.118315      1.569125      -0.078209      0.071099      
237      0.466630      0.027215      0.118295      1.569157      -0.077353      0.070243      
238      0.466670      0.027225      0.118275      1.569190      -0.076435      0.069324      
239      0.466660      0.027215      0.118275      1.569275      -0.074103      0.066992      
240      0.466660      0.027245      0.118265      1.569275      -0.074103      0.066992      
241      0.466630      0.027295      0.118255      1.569428      -0.069659      0.062547      
242      0.466700      0.027325      0.118305      1.569483      -0.067995      0.060882      
243      0.466970      0.027395      0.118345      1.569539      -0.066260      0.059146      
244      0.467410      0.027495      0.118445      1.569521      -0.066833      0.059720      
245      0.467640      0.027575      0.118495      1.569615      -0.063841      0.056727      
246      0.467820      0.027715      0.118525      1.569610      -0.063991      0.056877      
247      0.467960      0.027805      0.118545      1.569619      -0.063724      0.056610      
248      0.468030      0.027955      0.118535      1.569703      -0.060913      0.053798      
249      0.467970      0.028115      0.118455      1.569808      -0.057254      0.050138      
250      0.468040      0.028215      0.118405      1.569768      -0.058683      0.051567      
251      0.468110      0.028305      0.118425      1.569846      -0.055872      0.048756      
252      0.468120      0.028465      0.118435      1.569954      -0.051726      0.044609      
253      0.468390      0.028685      0.118495      1.569936      -0.052449      0.045331      
254      0.468620      0.028925      0.118515      1.570006      -0.049622      0.042504      
255      0.468650      0.029165      0.118455      1.570052      -0.047698      0.040580      
256      0.468710      0.029275      0.118415      1.570044      -0.048044      0.040925      
257      0.469000      0.029455      0.118465      1.570052      -0.047690      0.040572      
258      0.469240      0.029675      0.118545      1.570203      -0.040709      0.033589      
259      0.469440      0.029935      0.118595      1.570240      -0.038864      0.031743      
260      0.470020      0.030405      0.118515      1.570259      -0.037859      0.030738      
261      0.470480      0.030715      0.118335      1.570277      -0.036870      0.029748      
262      0.471060      0.030905      0.118255      1.570301      -0.035535      0.028413      
263      0.471340      0.030975      0.118215      1.570313      -0.034844      0.027722      
264      0.471690      0.031065      0.118125      1.570322      -0.034341      0.027219      
265      0.471930      0.031075      0.118125      1.570317      -0.034592      0.027471      
266      0.472110      0.031065      0.118155      1.570338      -0.033367      0.026245      
267      0.472190      0.031035      0.118175      1.570331      -0.033823      0.026701      
268      0.472200      0.031015      0.118225      1.570397      -0.029669      0.022546      
269      0.472190      0.031025      0.118265      1.570428      -0.027493      0.020370      
270      0.472250      0.031045      0.118255      1.570424      -0.027768      0.020645      
271      0.472280      0.031035      0.118225      1.570423      -0.027870      0.020747      
272      0.472420      0.031045      0.118255      1.570457      -0.025350      0.018226      
273      0.472510      0.031035      0.118275      1.570478      -0.023708      0.016584      
274      0.472610      0.031005      0.118305      1.570498      -0.022020      0.014896      
275      0.472620      0.030975      0.118275      1.570511      -0.020873      0.013749      
276      0.472730      0.030915      0.118125      1.570571      -0.014450      0.007324      
277      0.472890      0.030385      0.118295      1.570619      -0.006502      -0.000625      
278      0.473170      0.030025      0.118565      1.570632      -0.002811      -0.004317      
279      0.473500      0.029895      0.118725      1.570638      0.000574      -0.007702      
280      0.473790      0.029925      0.118785      1.570639      0.002176      -0.009305      
281      0.473900      0.029975      0.118785      1.570639      0.002576      -0.009705      
282      0.473940      0.029995      0.118795      1.570639      0.003448      -0.010577      
283      0.473980      0.030045      0.118815      1.570637      0.005380      -0.012509      
284      0.473960      0.030085      0.118825      1.570630      0.008710      -0.015840      
285      0.473950      0.030115      0.118835      1.570627      0.009723      -0.016853      
286      0.473960      0.030115      0.118825      1.570619      0.011930      -0.019060      
287      0.473950      0.030095      0.118845      1.570596      0.016249      -0.023380      
288      0.473940      0.030115      0.118875      1.570581      0.018535      -0.025666      
289      0.473910      0.030235      0.118875      1.570544      0.022972      -0.030104      
290      0.473860      0.030365      0.118885      1.570521      0.025289      -0.032421      
291      0.473840      0.030425      0.118885      1.570520      0.025367      -0.032499      
292      0.473810      0.030595      0.118855      1.570482      0.028721      -0.035853      
293      0.473700      0.030655      0.118815      1.570445      0.031595      -0.038728      
294      0.473670      0.030635      0.118825      1.570380      0.036150      -0.043283      
295      0.473620      0.030635      0.118865      1.570305      0.040650      -0.047783      
296      0.473580      0.030625      0.118935      1.570285      0.041813      -0.048946      
297      0.473570      0.030655      0.118925      1.570303      0.040776      -0.047909      
298      0.473560      0.030655      0.118915      1.570322      0.039700      -0.046833      
299      0.473590      0.030595      0.118925      1.570360      0.037407      -0.044540      
300      0.473590      0.030585      0.118925      1.570360      0.037407      -0.044540      
301      0.473550      0.030525      0.118925      1.570357      0.037587      -0.044720      
302      0.473490      0.030485      0.118895      1.570384      0.035844      -0.042977      
303      0.473530      0.030295      0.118905      1.570418      0.033543      -0.040675      
304      0.473530      0.030175      0.118895      1.570401      0.034752      -0.041885      
305      0.473440      0.030045      0.118865      1.570391      0.035396      -0.042529      
306      0.473450      0.029975      0.118855      1.570373      0.036598      -0.043731      
307      0.473430      0.029935      0.118835      1.570316      0.040030      -0.047163      
308      0.473420      0.029865      0.118825      1.570274      0.042417      -0.049551      
309      0.473420      0.029825      0.118805      1.570251      0.043603      -0.050737      
310      0.473430      0.029745      0.118785      1.570206      0.045912      -0.053046      
311      0.473280      0.029725      0.118725      1.570041      0.053514      -0.060648      
312      0.473070      0.029695      0.118645      1.569981      0.055988      -0.063122      
313      0.473130      0.029655      0.118685      1.569962      0.056750      -0.063884      
314      0.473150      0.029725      0.118675      1.569966      0.056600      -0.063734      
315      0.473120      0.029815      0.118645      1.569989      0.055666      -0.062800      
316      0.473120      0.029865      0.118585      1.570013      0.054708      -0.061842      
317      0.473110      0.029835      0.118575      1.569985      0.055839      -0.062973      
318      0.473090      0.029805      0.118565      1.569953      0.057127      -0.064261      
319      0.473100      0.029745      0.118565      1.569955      0.057048      -0.064182      
320      0.473120      0.029675      0.118565      1.569869      0.060362      -0.067496      
321      0.473020      0.029655      0.118545      1.569822      0.062098      -0.069232      
322      0.473060      0.029615      0.118505      1.569760      0.064296      -0.071431      
323      0.473070      0.029565      0.118495      1.569760      0.064304      -0.071439      
324      0.473160      0.029485      0.118405      1.569761      0.064281      -0.071415      
325      0.473180      0.029345      0.118385      1.569729      0.065404      -0.072538      
326      0.473230      0.029235      0.118365      1.569730      0.065357      -0.072491      
327      0.473260      0.029135      0.118345      1.569697      0.066480      -0.073614      
328      0.473280      0.029015      0.118335      1.569627      0.068820      -0.075954      
329      0.473290      0.028995      0.118325      1.569627      0.068812      -0.075946      
330      0.473350      0.028975      0.118295      1.569598      0.069762      -0.076897      
331      0.473390      0.028965      0.118195      1.569560      0.070971      -0.078106      
332      0.473410      0.028975      0.118115      1.569484      0.073327      -0.080462      
333      0.473460      0.028935      0.118085      1.569453      0.074270      -0.081404      
334      0.473600      0.028755      0.118085      1.569438      0.074733      -0.081867      
335      0.473830      0.028395      0.118135      1.569394      0.076021      -0.083155      
336      0.474040      0.028215      0.118195      1.569395      0.076005      -0.083140      
337      0.474470      0.028045      0.118295      1.569362      0.076955      -0.084090      
338      0.474770      0.027985      0.118355      1.569346      0.077426      -0.084561      
339      0.474860      0.028055      0.118385      1.569287      0.079107      -0.086241      
340      0.474840      0.028185      0.118365      1.569287      0.079115      -0.086249      
341      0.474800      0.028365      0.118325      1.569200      0.081533      -0.088668      
342      0.474810      0.028455      0.118255      1.569120      0.083701      -0.090835      
343      0.474890      0.028445      0.118305      1.569015      0.086449      -0.093583      
344      0.475170      0.028345      0.118395      1.568952      0.088051      -0.095185      
345      0.475330      0.028315      0.118435      1.568853      0.090516      -0.097651      
346      0.475450      0.028385      0.118515      1.568569      0.097246      -0.104380      
347      0.475390      0.028535      0.118495      1.568508      0.098628      -0.105761      
348      0.475410      0.028625      0.118475      1.568462      0.099664      -0.106798      
349      0.475490      0.028655      0.118495      1.568336      0.102428      -0.109562      
350      0.475510      0.028655      0.118505      1.568288      0.103472      -0.110606      
351      0.475560      0.028675      0.118515      1.568200      0.105341      -0.112474      
352      0.475630      0.028685      0.118535      1.568112      0.107162      -0.114296      
353      0.475730      0.028735      0.118565      1.568090      0.107626      -0.114759      
354      0.475750      0.028755      0.118575      1.568045      0.108552      -0.115685      
355      0.475710      0.028825      0.118565      1.567816      0.113114      -0.120247      
356      0.475670      0.028845      0.118555      1.567691      0.115532      -0.122665      
357      0.475700      0.028855      0.118535      1.567582      0.117604      -0.124737      
358      0.475650      0.028845      0.118535      1.567328      0.122283      -0.129416      
359      0.475650      0.028845      0.118525      1.567262      0.123453      -0.130585      
360      0.475670      0.028845      0.118515      1.567146      0.125518      -0.132650      
361      0.475630      0.028815      0.118485      1.566997      0.128101      -0.135232      
362      0.475620      0.028805      0.118505      1.566873      0.130228      -0.137359      
363      0.475630      0.028815      0.118485      1.566807      0.131343      -0.138474      
364      0.475620      0.028805      0.118505      1.566542      0.135715      -0.142846      
365      0.475610      0.028805      0.118525      1.566202      0.141108      -0.148238      
366      0.475610      0.028785      0.118535      1.565924      0.145378      -0.152507      
367      0.475680      0.028695      0.118585      1.565875      0.146124      -0.153253      
368      0.475850      0.028555      0.118615      1.565782      0.147513      -0.154642      
369      0.475870      0.028475      0.118615      1.565789      0.147411      -0.154540      
370      0.475900      0.028365      0.118625      1.565719      0.148455      -0.155584      
371      0.475940      0.028355      0.118625      1.565733      0.148243      -0.155372      
372      0.475920      0.028355      0.118635      1.565657      0.149357      -0.156486      
373      0.475910      0.028335      0.118625      1.565501      0.151634      -0.158762      
374      0.475920      0.028325      0.118605      1.565345      0.153886      -0.161014      
375      0.476280      0.028035      0.118745      1.565181      0.156201      -0.163329      
376      0.476770      0.027835      0.118945      1.565087      0.157512      -0.164639      
377      0.476980      0.027815      0.119045      1.564951      0.159396      -0.166523      
378      0.477390      0.027865      0.119165      1.564899      0.160118      -0.167245      
379      0.477620      0.027935      0.119205      1.564835      0.160989      -0.168115      
380      0.477620      0.028035      0.119185      1.564759      0.162025      -0.169151      
381      0.477630      0.028045      0.119215      1.564531      0.165077      -0.172203      
382      0.477700      0.028035      0.119245      1.564400      0.166812      -0.173937      
383      0.477810      0.028035      0.119305      1.564296      0.168169      -0.175295      
384      0.477870      0.028045      0.119385      1.564095      0.170767      -0.177892      
385      0.478080      0.028085      0.119585      1.564059      0.171230      -0.178355      
386      0.478270      0.028095      0.119725      1.564171      0.169794      -0.176919      
387      0.478790      0.028245      0.120115      1.564216      0.169213      -0.176338      
388      0.479140      0.028385      0.120265      1.564314      0.167934      -0.175059      
389      0.479460      0.028505      0.120385      1.564392      0.166914      -0.174039      
390      0.479860      0.028595      0.120555      1.564420      0.166553      -0.173679      
391      0.480220      0.028705      0.120675      1.564515      0.165289      -0.172415      
392      0.480410      0.028775      0.120735      1.564522      0.165195      -0.172321      
393      0.480710      0.028915      0.120825      1.564507      0.165399      -0.172525      
394      0.481240      0.029125      0.121005      1.564680      0.163092      -0.170218      
395      0.481570      0.029305      0.121135      1.564688      0.162974      -0.170101      
396      0.481800      0.029455      0.121265      1.564810      0.161326      -0.168453      
397      0.481980      0.029645      0.121325      1.564820      0.161193      -0.168320      
398      0.482030      0.029805      0.121345      1.564858      0.160675      -0.167802      
399      0.482160      0.030005      0.121415      1.564613      0.163987      -0.171113      
400      0.482160      0.030285      0.121425      1.564465      0.165956      -0.173082      
401      0.482140      0.030415      0.121415      1.564377      0.167110      -0.174236      
402      0.482070      0.030675      0.121435      1.564035      0.171536      -0.178661      
403      0.482090      0.031055      0.121475      1.563727      0.175420      -0.182544      
404      0.482100      0.031275      0.121495      1.563406      0.179383      -0.186506      
405      0.482090      0.031435      0.121505      1.563234      0.181477      -0.188600      
406      0.482090      0.031635      0.121505      1.562875      0.185754      -0.192875      
407      0.482110      0.031805      0.121505      1.562713      0.187644      -0.194766      
408      0.482170      0.031905      0.121525      1.562174      0.193819      -0.200938      
409      0.482150      0.031955      0.121495      1.561964      0.196172      -0.203291      
410      0.482320      0.031995      0.121475      1.561358      0.202808      -0.209926      
411      0.482620      0.031885      0.121585      1.561207      0.204424      -0.211541      
412      0.482950      0.031785      0.121685      1.560567      0.211154      -0.218269      
413      0.483300      0.031695      0.121825      1.560559      0.211233      -0.218348      
414      0.483770      0.031645      0.121965      1.560622      0.210582      -0.217697      
415      0.483940      0.031625      0.122005      1.560508      0.211758      -0.218873      
416      0.484200      0.031565      0.122105      1.560455      0.212307      -0.219422      
417      0.484470      0.031525      0.122185      1.560403      0.212840      -0.219955      
418      0.484590      0.031505      0.122235      1.560269      0.214205      -0.221319      
419      0.484580      0.031505      0.122215      1.560137      0.215546      -0.222660      
420      0.484650      0.031455      0.122255      1.559858      0.218346      -0.225459      
421      0.484650      0.031455      0.122255      1.559758      0.219350      -0.226462      
422      0.484650      0.031455      0.122255      1.559524      0.221655      -0.228767      
423      0.484630      0.031455      0.122245      1.559412      0.222753      -0.229865      
424      0.484590      0.031445      0.122215      1.559270      0.224141      -0.231252      
425      0.484590      0.031445      0.122205      1.558696      0.229654      -0.236763      
426      0.484530      0.031415      0.122185      1.557959      0.236538      -0.243645      
427      0.484540      0.031355      0.122165      1.557948      0.236640      -0.243747      
428      0.484510      0.031315      0.122135      1.557201      0.243405      -0.250510      
429      0.484340      0.031275      0.122085      1.556712      0.247740      -0.254844      
430      0.484330      0.031255      0.122065      1.556578      0.248908      -0.256011      
431      0.484360      0.031135      0.122065      1.556456      0.249974      -0.257077      
432      0.484320      0.031115      0.122055      1.556424      0.250249      -0.257351      
433      0.484250      0.031075      0.122025      1.556371      0.250711      -0.257813      
434      0.484260      0.031005      0.122025      1.556372      0.250703      -0.257806      
435      0.484160      0.030895      0.121985      1.556302      0.251307      -0.258409      
436      0.484060      0.030795      0.121955      1.556223      0.251989      -0.259091      
437      0.483940      0.030665      0.121935      1.556258      0.251691      -0.258793      
438      0.483890      0.030555      0.121935      1.556226      0.251965      -0.259067      
439      0.483660      0.030445      0.121965      1.555958      0.254270      -0.261371      
440      0.483410      0.030315      0.121995      1.555938      0.254442      -0.261543      
441      0.483160      0.030205      0.122055      1.555780      0.255783      -0.262883      
442      0.482870      0.030125      0.122065      1.555602      0.257287      -0.264387      
443      0.482570      0.030005      0.122115      1.555413      0.258886      -0.265985      
444      0.482290      0.029945      0.122155      1.555497      0.258173      -0.265272      
445      0.482200      0.029925      0.122185      1.555452      0.258557      -0.265656      
446      0.482060      0.029845      0.122175      1.555488      0.258251      -0.265351      
447      0.481950      0.029765      0.122175      1.555652      0.256872      -0.263972      
448      0.481900      0.029685      0.122255      1.555787      0.255728      -0.262828      
449      0.481640      0.029595      0.122315      1.555753      0.256010      -0.263110      
450      0.481520      0.029515      0.122375      1.555815      0.255485      -0.262585      
451      0.481400      0.029315      0.122565      1.555789      0.255704      -0.262804      
452      0.481160      0.029235      0.122535      1.555748      0.256057      -0.263157      
453      0.481080      0.029155      0.122535      1.555689      0.256558      -0.263658      
454      0.481060      0.029095      0.122595      1.555699      0.256472      -0.263572      
455      0.480830      0.029025      0.122585      1.555411      0.258902      -0.266001      
456      0.480640      0.028965      0.122535      1.555269      0.260085      -0.267184      
457      0.480450      0.028865      0.122495      1.554733      0.264529      -0.271626      
458      0.480170      0.028725      0.122565      1.554426      0.267036      -0.274132      
459      0.479970      0.028565      0.122635      1.554438      0.266934      -0.274030      
460      0.479940      0.028495      0.122705      1.554173      0.269082      -0.276176      
461      0.479890      0.028365      0.122855      1.553910      0.271197      -0.278291      
462      0.479840      0.028175      0.123005      1.553637      0.273368      -0.280461      
463      0.479740      0.027985      0.123215      1.553479      0.274621      -0.281714      
464      0.479790      0.027755      0.123505      1.552887      0.279259      -0.286350      
465      0.479790      0.027555      0.123635      1.552627      0.281273      -0.288363      
466      0.479750      0.027395      0.123805      1.552077      0.285479      -0.292567      
467      0.479740      0.027345      0.123885      1.551951      0.286435      -0.293523      
468      0.479770      0.027255      0.124025      1.551733      0.288080      -0.295167      
469      0.479730      0.027195      0.124185      1.551175      0.292247      -0.299332      
470      0.479740      0.027185      0.124285      1.550773      0.295208      -0.302291      
471      0.479870      0.027215      0.124465      1.550186      0.299484      -0.306565      
472      0.480150      0.027275      0.124615      1.549693      0.303023      -0.310103      
473      0.480510      0.027365      0.124745      1.549400      0.305114      -0.312193      
474      0.480720      0.027465      0.124825      1.548985      0.308042      -0.315120      
475      0.480750      0.027505      0.124855      1.548868      0.308864      -0.315941      
476      0.480810      0.027595      0.124935      1.548805      0.309303      -0.316380      
477      0.480850      0.027705      0.125005      1.548559      0.311018      -0.318093      
478      0.480790      0.027785      0.125175      1.548141      0.313914      -0.320989      
479      0.480800      0.027835      0.125425      1.547790      0.316318      -0.323391      
480      0.481030      0.027895      0.125785      1.547335      0.319418      -0.326489      
481      0.481370      0.027825      0.126395      1.546718      0.323566      -0.330636      
482      0.481610      0.027695      0.126785      1.546884      0.322455      -0.329525      
483      0.481930      0.027705      0.126925      1.546543      0.324732      -0.331801      
484      0.482070      0.027725      0.126945      1.546501      0.325006      -0.332075      
485      0.482230      0.027755      0.126995      1.546473      0.325194      -0.332263      
486      0.482360      0.027825      0.127045      1.546113      0.327581      -0.334649      
487      0.482630      0.027875      0.127175      1.545589      0.331017      -0.338082      
488      0.482910      0.027885      0.127335      1.545214      0.333451      -0.340515      
489      0.483100      0.027895      0.127455      1.544751      0.336440      -0.343502      
490      0.483360      0.027955      0.127595      1.544511      0.337973      -0.345035      
491      0.483770      0.028055      0.127765      1.543921      0.341721      -0.348781      
492      0.484230      0.028135      0.127955      1.543533      0.344162      -0.351220      
493      0.484720      0.028255      0.128205      1.542851      0.348410      -0.355466      
494      0.484890      0.028335      0.128255      1.542683      0.349450      -0.356505      
495      0.485220      0.028435      0.128385      1.542307      0.351758      -0.358812      
496      0.485510      0.028515      0.128505      1.542082      0.353135      -0.360187      
497      0.485730      0.028585      0.128615      1.541980      0.353760      -0.360813      
498      0.485830      0.028675      0.128715      1.541955      0.353909      -0.360961      
499      0.485940      0.028735      0.128875      1.541936      0.354026      -0.361079      
500      0.486140      0.028795      0.129185      1.540125      0.364881      -0.371927      
501      0.486210      0.028795      0.129445      1.539557      0.368220      -0.375263      
502      0.486310      0.028855      0.129595      1.539719      0.367273      -0.374318      
503      0.486410      0.028895      0.129665      1.539660      0.367617      -0.374662      
504      0.486650      0.028915      0.129875      1.539611      0.367907      -0.374951      
505      0.487000      0.028965      0.130125      1.539667      0.367578      -0.374623      
506      0.487530      0.029075      0.130345      1.540440      0.363020      -0.370067      
507      0.487830      0.029135      0.130475      1.541511      0.356607      -0.363658      
508      0.487920      0.029165      0.130645      1.543796      0.342511      -0.349570      
509      0.487880      0.029145      0.131035      1.546607      0.324302      -0.331371      
510      0.487840      0.029135      0.131355      1.548926      0.308457      -0.315534      
511      0.487860      0.029145      0.131495      1.549937      0.301277      -0.308358      
512      0.487890      0.029125      0.132005      1.553490      0.274535      -0.281628      
513      0.487700      0.029075      0.132485      1.555679      0.256637      -0.263737      
514      0.487470      0.028925      0.133125      1.557855      0.237494      -0.244601      
515      0.487330      0.028765      0.133675      1.559555      0.221357      -0.228469      
516      0.487240      0.028565      0.134215      1.561365      0.202730      -0.209847      
517      0.487160      0.028245      0.135035      1.562976      0.184561      -0.191683      
518      0.486890      0.027945      0.135895      1.564207      0.169323      -0.176448      
519      0.486750      0.027835      0.136235      1.564642      0.163594      -0.170721      
520      0.486440      0.027575      0.136935      1.565834      0.146736      -0.153865      
521      0.486140      0.027375      0.137575      1.566761      0.132104      -0.139235      
522      0.485990      0.027255      0.138145      1.567622      0.116851      -0.123983      
523      0.486060      0.027215      0.138685      1.568426      0.100465      -0.107599      
524      0.486200      0.027205      0.139265      1.569168      0.082405      -0.089539      
525      0.486040      0.027185      0.140155      1.570057      0.052815      -0.059949      
526      0.485850      0.027155      0.140685      1.570494      0.027723      -0.034855      
527      0.485600      0.027105      0.141195      1.570638      0.004139      -0.011268      
528      0.485370      0.027065      0.141615      1.570464      -0.024792      0.017668      
529      0.485290      0.027045      0.141695      1.570278      -0.036838      0.029717      
530      0.485330      0.027055      0.141815      1.569389      -0.070798      0.063686      
531      0.485250      0.027035      0.142095      1.568503      -0.093383      0.086279      
532      0.485120      0.027015      0.142325      1.567348      -0.116546      0.109450      
533      0.485040      0.027015      0.142465      1.565713      -0.143170      0.136086      
534      0.484900      0.026985      0.142715      1.563403      -0.174053      0.166984      
535      0.484720      0.026945      0.143045      1.560529      -0.206160      0.199109      
536      0.484550      0.026915      0.143345      1.557422      -0.236041      0.229009      
537      0.484340      0.026875      0.143725      1.553762      -0.266985      0.259974      
538      0.484080      0.026825      0.144145      1.549034      -0.302290      0.295306      
539      0.483860      0.026805      0.144345      1.546855      -0.317238      0.310266      
540      0.483300      0.026755      0.144755      1.542270      -0.346568      0.339622      
541      0.482990      0.026705      0.145105      1.538433      -0.369308      0.362382      
542      0.482850      0.026695      0.145345      1.535075      -0.388099      0.381192      
543      0.482310      0.026765      0.145555      1.530197      -0.413852      0.406971      
544      0.481980      0.026805      0.145955      1.526277      -0.433419      0.426559      
545      0.481530      0.026905      0.146335      1.523225      -0.448043      0.441199      
546      0.481000      0.027075      0.146525      1.519818      -0.463811      0.456985      
547      0.480560      0.027295      0.146775      1.515371      -0.483592      0.476789      
548      0.480250      0.027515      0.147085      1.511321      -0.500910      0.494127      
549      0.480050      0.027625      0.147185      1.509611      -0.508037      0.501263      
550      0.479630      0.027875      0.147275      1.505671      -0.524071      0.517318      
551      0.479360      0.028095      0.147425      1.499958      -0.546457      0.539733      
552      0.478990      0.028495      0.147585      1.492598      -0.573950      0.567264      
553      0.478720      0.028775      0.147655      1.486088      -0.597160      0.590507      
554      0.478490      0.028985      0.147855      1.478823      -0.621982      0.615365      
555      0.478130      0.029435      0.148145      1.467878      -0.657500      0.650938      
556      0.477940      0.029685      0.148335      1.460539      -0.680207      0.673683      
557      0.477780      0.029955      0.148495      1.452945      -0.702870      0.696384      
558      0.477620      0.030535      0.148495      1.435136      -0.753129      0.746731      
559      0.477510      0.030935      0.148605      1.416283      -0.802590      0.796285      
560      0.477410      0.031495      0.148725      1.398421      -0.846499      0.840282      
561      0.477220      0.032035      0.148825      1.383919      -0.880340      0.874194      
562      0.477160      0.032295      0.149025      1.374692      -0.901120      0.895019      
563      0.477080      0.032625      0.149355      1.364517      -0.923410      0.917358      
564      0.476800      0.032645      0.149835      1.353512      -0.946837      0.940839      
565      0.476890      0.032605      0.150465      1.342165      -0.970298      0.964355      
566      0.477070      0.032655      0.150535      1.346125      -0.962186      0.956224      
567      0.477010      0.032645      0.150585      1.349780      -0.954627      0.948647      
568      0.476910      0.032775      0.150545      1.355022      -0.943661      0.937656      
569      0.476890      0.032795      0.150405      1.363921      -0.924697      0.918649      
570      0.476930      0.032665      0.150305      1.368526      -0.914703      0.908633      
571      0.477390      0.031915      0.150155      1.399104      -0.844868      0.838648      
572      0.477420      0.032015      0.150045      1.409071      -0.820638      0.814369      
573      0.478370      0.033215      0.150275      1.404220      -0.832530      0.826284      
574      0.479480      0.034375      0.149175      1.399747      -0.843328      0.837105      
575      0.479730      0.034965      0.148565      1.394318      -0.856228      0.850031      
576      0.479910      0.037295      0.146255      1.341903      -0.970833      0.964892      
