50      0.012350      1637668451598      
51      0.004810      1637668451629      
52      0.004590      1637668451658      
53      0.004410      1637668451690      
54      0.005200      1637668451726      
55      0.004730      1637668451755      
56      0.002350      1637668451788      
57      0.011290      1637668451820      
58      0.008080      1637668451868      
59      0.013960      1637668451898      
60      0.009490      1637668451929      
61      0.009630      1637668451961      
62      0.011610      1637668451990      
63      0.009400      1637668452021      
64      0.010040      1637668452054      
65      0.007050      1637668452105      
66      0.022270      1637668452134      
67      0.013430      1637668452167      
68      0.012140      1637668452191      
69      0.013430      1637668452223      
70      0.009320      1637668452273      
71      0.011800      1637668452304      
72      0.003190      1637668452339      
73      0.004970      1637668452370      
74      0.007860      1637668452401      
75      0.009850      1637668452427      
76      0.006680      1637668452457      
77      0.006160      1637668452505      
78      0.025700      1637668452539      
79      0.007390      1637668452575      
80      0.012850      1637668452614      
81      0.012760      1637668452632      
82      0.016990      1637668452662      
83      0.014410      1637668452696      
84      0.005300      1637668452739      
85      0.011850      1637668452772      
86      0.004290      1637668452804      
87      0.007410      1637668452838      
88      0.014980      1637668452865      
89      0.009680      1637668452896      
90      0.012340      1637668452942      
91      0.015390      1637668452972      
92      0.015950      1637668453013      
93      0.013320      1637668453047      
94      0.004660      1637668453072      
95      0.005830      1637668453101      
96      0.011270      1637668453133      
97      0.009040      1637668453164      
98      0.007550      1637668453220      
99      0.010640      1637668453246      
100      0.012170      1637668453275      
101      0.009660      1637668453313      
102      0.013530      1637668453338      
103      0.014990      1637668453373      
104      0.005340      1637668453406      
105      0.009520      1637668453439      
106      0.010300      1637668453481      
107      0.015100      1637668453513      
108      0.004630      1637668453545      
109      0.003360      1637668453573      
110      0.009490      1637668453618      
111      0.013760      1637668453639      
112      0.004340      1637668453669      
113      0.021000      1637668453717      
114      0.031560      1637668453747      
115      0.018290      1637668453779      
116      0.018340      1637668453818      
117      0.016340      1637668453844      
118      0.013210      1637668453873      
119      0.007250      1637668453906      
120      0.008080      1637668453953      
121      0.002870      1637668453985      
122      0.006150      1637668454024      
123      0.007750      1637668454050      
124      0.007920      1637668454082      
125      0.016200      1637668454113      
126      0.014270      1637668454141      
127      0.012450      1637668454187      
128      0.016770      1637668454228      
129      0.017710      1637668454266      
130      0.012830      1637668454288      
131      0.011710      1637668454315      
132      0.012880      1637668454345      
133      0.007140      1637668454379      
134      0.000650      1637668454423      
135      0.004820      1637668454459      
136      -0.001580      1637668454487      
137      0.002540      1637668454519      
138      0.009470      1637668454552      
139      0.010610      1637668454581      
140      0.006450      1637668454613      
141      0.006310      1637668454660      
142      0.005300      1637668454689      
143      0.001290      1637668454721      
144      0.002510      1637668454753      
145      0.003980      1637668454787      
146      0.006240      1637668454818      
147      0.002170      1637668454850      
148      0.002040      1637668454882      
149      0.007870      1637668454912      
150      0.005600      1637668454958      
151      0.013800      1637668454989      
152      0.004470      1637668455009      
153      0.001310      1637668455047      
154      0.000630      1637668455082      
155      0.001640      1637668455112      
156      0.000420      1637668455138      
157      0.000020      1637668455168      
158      -0.000050      1637668455199      
159      -0.001140      1637668455229      
160      0.001310      1637668455268      
161      0.002510      1637668455295      
162      0.001390      1637668455323      
163      0.011240      1637668455355      
164      0.012460      1637668455404      
165      0.005620      1637668455438      
166      0.007220      1637668455472      
167      0.003540      1637668455496      
168      0.003440      1637668455524      
169      0.001200      1637668455557      
170      0.001330      1637668455605      
171      -0.001100      1637668455637      
172      0.001520      1637668455681      
173      0.002080      1637668455706      
174      0.002620      1637668455735      
175      0.000030      1637668455768      
176      0.007070      1637668455798      
177      0.004060      1637668455830      
178      0.002800      1637668455865      
179      0.008380      1637668455907      
180      -0.000140      1637668455938      
181      -0.001840      1637668455978      
182      0.000120      1637668456003      
183      0.000680      1637668456034      
184      0.003830      1637668456068      
185      0.002320      1637668456102      
186      0.007470      1637668456129      
187      0.007710      1637668456161      
188      0.003830      1637668456207      
189      0.010280      1637668456238      
190      0.002830      1637668456281      
191      0.003180      1637668456314      
192      0.002310      1637668456336      
193      0.002590      1637668456367      
194      0.002320      1637668456414      
195      0.002320      1637668456430      
196      0.004790      1637668456463      
197      0.008980      1637668456498      
198      0.007290      1637668456541      
199      0.010740      1637668456571      
200      0.011570      1637668456603      
201      0.008640      1637668456636      
202      0.002810      1637668456669      
203      0.009820      1637668456701      
204      0.011360      1637668456734      
205      0.008500      1637668456764      
206      0.005370      1637668456797      
207      0.002580      1637668456827      
208      0.002720      1637668456873      
209      0.006940      1637668456908      
210      0.004000      1637668456937      
211      0.006370      1637668456970      
212      0.004010      1637668457003      
213      0.001400      1637668457035      
214      0.001390      1637668457064      
215      0.000200      1637668457096      
216      -0.001420      1637668457146      
217      0.002980      1637668457173      
218      0.000010      1637668457204      
219      0.002710      1637668457237      
220      0.007050      1637668457269      
221      0.010820      1637668457300      
222      0.002680      1637668457337      
223      0.002720      1637668457377      
224      0.000080      1637668457408      
225      0.004450      1637668457438      
226      0.004800      1637668457470      
227      0.004450      1637668457505      
228      0.005490      1637668457538      
229      0.011300      1637668457570      
230      0.011330      1637668457602      
231      0.002730      1637668457647      
232      0.007080      1637668457680      
233      0.003160      1637668457708      
234      0.001820      1637668457739      
235      0.004550      1637668457771      
236      0.005640      1637668457803      
237      0.008440      1637668457836      
238      0.007030      1637668457868      
239      0.004100      1637668457917      
240      0.005430      1637668457952      
241      0.005510      1637668457980      
242      -0.000030      1637668458007      
243      0.001510      1637668458038      
244      0.008310      1637668458071      
245      0.005610      1637668458105      
246      0.000000      1637668458164      
247      0.003980      1637668458185      
248      0.005410      1637668458217      
249      0.002810      1637668458246      
250      0.004340      1637668458279      
251      -0.000010      1637668458310      
252      0.001410      1637668458350      
253      0.004100      1637668458389      
254      0.002800      1637668458423      
255      0.005380      1637668458454      
256      0.002850      1637668458487      
257      0.002910      1637668458518      
258      0.002440      1637668458552      
259      0.005530      1637668458589      
260      0.001390      1637668458617      
261      0.005280      1637668458657      
262      0.009260      1637668458688      
263      0.003870      1637668458721      
264      0.003900      1637668458763      
265      0.000090      1637668458788      
266      0.001180      1637668458823      
267      0.003850      1637668458850      
268      0.002760      1637668458879      
269      0.004000      1637668458911      
270      0.006670      1637668458964      
271      0.005990      1637668458999      
272      0.002260      1637668459022      
273      0.004920      1637668459054      
274      0.006220      1637668459087      
275      0.001170      1637668459119      
276      0.001030      1637668459150      
277      0.003950      1637668459185      
278      0.002100      1637668459227      
279      0.004580      1637668459267      
280      0.002210      1637668459288      
281      0.002120      1637668459319      
282      0.002300      1637668459352      
283      0.002290      1637668459388      
284      0.000800      1637668459414      
285      0.001980      1637668459461      
286      0.004290      1637668459494      
287      0.003330      1637668459523      
288      0.001970      1637668459555      
289      0.002810      1637668459595      
290      0.000880      1637668459622      
291      -0.000050      1637668459654      
292      0.002430      1637668459684      
293      0.002560      1637668459729      
294      0.001960      1637668459761      
295      0.000430      1637668459798      
296      -0.001150      1637668459821      
297      0.001990      1637668459855      
298      0.007400      1637668459886      
299      0.002350      1637668459932      
300      0.005550      1637668459965      
301      0.004250      1637668460004      
302      0.001270      1637668460030      
303      0.004420      1637668460061      
304      0.003300      1637668460089      
305      0.003660      1637668460121      
306      0.002460      1637668460168      
307      0.008930      1637668460202      
308      0.004940      1637668460237      
309      0.004420      1637668460264      
310      0.007240      1637668460295      
311      0.001890      1637668460327      
312      0.000460      1637668460355      
313      0.001770      1637668460409      
314      0.000450      1637668460435      
315      0.001410      1637668460469      
316      0.002810      1637668460500      
317      0.001520      1637668460531      
318      0.004360      1637668460564      
319      0.004110      1637668460601      
320      0.003770      1637668460639      
321      0.007520      1637668460656      
322      0.001110      1637668460671      
323      0.002320      1637668460704      
324      0.002370      1637668460735      
325      0.002690      1637668460771      
326      0.002940      1637668460828      
327      0.004480      1637668460849      
328      0.007150      1637668460882      
329      0.008580      1637668460913      
330      0.006700      1637668460941      
331      0.002710      1637668460972      
332      0.002980      1637668461012      
333      0.002600      1637668461035      
334      0.000070      1637668461069      
335      0.001180      1637668461101      
336      0.004410      1637668461149      
337      0.000080      1637668461179      
338      0.004110      1637668461211      
339      0.004210      1637668461238      
340      0.002590      1637668461270      
341      -0.000020      1637668461306      
342      0.004090      1637668461335      
343      0.001280      1637668461382      
344      -0.001660      1637668461419      
345      0.001340      1637668461447      
346      0.002660      1637668461478      
347      -0.000170      1637668461505      
348      0.002540      1637668461536      
349      -0.000270      1637668461568      
350      -0.000310      1637668461620      
351      0.000680      1637668461662      
352      0.002480      1637668461681      
353      0.000800      1637668461710      
354      0.000620      1637668461737      
355      0.005050      1637668461770      
356      0.000780      1637668461806      
357      0.003660      1637668461851      
358      0.003730      1637668461890      
359      0.000310      1637668461916      
360      0.000540      1637668461946      
361      0.001720      1637668461979      
362      -0.003700      1637668462013      
363      -0.000600      1637668462038      
364      0.003790      1637668462069      
365      -0.000450      1637668462103      
366      0.001040      1637668462152      
367      0.003460      1637668462183      
368      0.000540      1637668462222      
369      -0.000910      1637668462248      
370      0.000850      1637668462277      
371      -0.002300      1637668462306      
372      0.005090      1637668462338      
373      0.003770      1637668462370      
374      0.002180      1637668462426      
375      0.007440      1637668462453      
376      0.004770      1637668462482      
377      0.001740      1637668462514      
378      -0.001140      1637668462546      
379      0.003130      1637668462577      
380      0.006410      1637668462611      
381      0.001220      1637668462662      
382      0.001190      1637668462688      
383      0.004290      1637668462720      
384      0.001410      1637668462751      
385      -0.001580      1637668462784      
386      0.002670      1637668462815      
387      0.002670      1637668462854      
388      -0.001280      1637668462882      
389      0.001210      1637668462911      
390      0.005350      1637668462954      
391      0.002680      1637668462986      
392      0.006810      1637668463019      
393      0.001270      1637668463059      
394      0.001380      1637668463087      
395      0.004000      1637668463115      
396      0.006810      1637668463148      
397      0.001210      1637668463177      
398      0.001390      1637668463223      
399      0.004100      1637668463254      
400      0.000000      1637668463286      
401      0.001380      1637668463318      
402      0.001270      1637668463352      
403      0.001550      1637668463383      
404      -0.000080      1637668463415      
405      0.004130      1637668463450      
406      0.004060      1637668463495      
407      0.004070      1637668463523      
408      0.002570      1637668463555      
409      0.003010      1637668463585      
410      0.001400      1637668463618      
411      -0.000120      1637668463663      
412      -0.000370      1637668463688      
413      0.002570      1637668463716      
414      -0.000460      1637668463764      
415      0.000790      1637668463797      
416      0.005540      1637668463825      
417      0.000600      1637668463856      
418      0.003150      1637668463887      
419      0.000510      1637668463918      
420      0.002490      1637668463953      
421      0.000940      1637668463984      
422      0.001040      1637668464032      
423      0.006360      1637668464071      
424      0.005110      1637668464105      
425      0.004490      1637668464127      
426      0.005980      1637668464157      
427      0.006450      1637668464187      
428      0.009330      1637668464219      
429      0.006810      1637668464251      
430      0.002600      1637668464309      
431      0.009630      1637668464334      
432      0.006760      1637668464366      
433      0.003590      1637668464397      
434      0.003440      1637668464429      
435      0.004720      1637668464459      
436      0.001700      1637668464516      
437      0.006650      1637668464537      
438      0.000760      1637668464571      
439      0.003180      1637668464603      
440      0.006270      1637668464633      
441      0.004640      1637668464665      
442      0.004810      1637668464701      
443      0.001950      1637668464730      
444      0.003770      1637668464761      
445      0.009440      1637668464805      
446      0.011260      1637668464837      
447      0.003380      1637668464869      
448      0.002500      1637668464904      
449      0.003520      1637668464938      
450      0.004260      1637668464964      
451      0.007070      1637668464995      
452      0.007100      1637668465045      
453      0.006610      1637668465071      
454      0.011550      1637668465105      
455      0.004770      1637668465140      
456      0.003300      1637668465168      
457      0.010030      1637668465199      
458      0.009770      1637668465230      
459      0.002600      1637668465263      
460      0.006670      1637668465310      
461      0.004810      1637668465338      
462      0.009090      1637668465370      
463      0.007000      1637668465404      
464      -0.000590      1637668465433      
465      -0.007920      1637668465464      
466      -0.000940      1637668465497      
467      -0.004920      1637668465542      
468      -0.026200      1637668465572      
469      -0.018510      1637668465605      
470      -0.022450      1637668465637      
471      -0.027930      1637668465671      
472      -0.014020      1637668465702      
473      -0.030460      1637668465738      
474      -0.024370      1637668465779      
475      -0.039510      1637668465810      
476      -0.024440      1637668465839      
477      -0.024120      1637668465871      
478      -0.023120      1637668465905      
479      -0.008360      1637668465945      
480      -0.016920      1637668465980      
481      -0.031830      1637668466012      
482      -0.023420      1637668466044      
483      -0.023770      1637668466077      
484      -0.024960      1637668466111      
485      -0.023520      1637668466145      
486      -0.035440      1637668466170      
487      -0.041170      1637668466205      
488      -0.036750      1637668466235      
489      -0.011990      1637668466250      
490      -0.014720      1637668466280      
491      -0.025680      1637668466314      
492      -0.026470      1637668466359      
493      -0.060880      1637668466387      
494      -0.035120      1637668466419      
495      -0.034150      1637668466453      
496      -0.019040      1637668466484      
497      -0.031390      1637668466517      
498      -0.023050      1637668466554      
499      -0.018440      1637668466579      
500      -0.021700      1637668466633      
501      -0.032500      1637668466656      
502      -0.020740      1637668466686      
503      -0.026470      1637668466719      
504      -0.023720      1637668466757      
505      -0.012190      1637668466785      
506      -0.021200      1637668466815      
507      -0.025900      1637668466847      
508      -0.025610      1637668466879      
509      -0.018620      1637668466928      
510      -0.039980      1637668466965      
511      -0.035000      1637668466988      
512      -0.032470      1637668467021      
513      -0.028000      1637668467052      
514      -0.035040      1637668467086      
515      -0.020290      1637668467117      
516      -0.031680      1637668467156      
517      -0.026330      1637668467200      
518      -0.044960      1637668467226      
519      -0.030750      1637668467255      
520      -0.021200      1637668467286      
521      -0.018780      1637668467320      
522      -0.015090      1637668467358      
523      -0.027430      1637668467404      
524      -0.028410      1637668467436      
525      -0.026010      1637668467459      
526      -0.021780      1637668467488      
527      -0.045700      1637668467520      
528      -0.027170      1637668467560      
529      -0.015780      1637668467593      
530      -0.009540      1637668467627      
531      -0.013640      1637668467651      
532      -0.013730      1637668467684      
533      -0.016620      1637668467729      
534      -0.044480      1637668467763      
535      -0.020310      1637668467795      
536      -0.017130      1637668467822      
537      -0.023700      1637668467855      
538      -0.021170      1637668467886      
539      -0.016960      1637668467919      
540      -0.035030      1637668467959      
541      -0.011760      1637668467994      
542      -0.027750      1637668468030      
543      -0.032110      1637668468061      
544      -0.028730      1637668468093      
545      -0.022840      1637668468126      
546      -0.013690      1637668468157      
547      -0.014010      1637668468194      
548      -0.013810      1637668468219      
549      -0.006020      1637668468252      
550      -0.008830      1637668468300      
