36      0.398920      0.009785      0.122435      1.322828      -1.008804      1.002955      
37      0.398920      0.010195      0.122185      1.333344      -0.988085      0.982185      
38      0.398940      0.010645      0.121925      1.345979      -0.962488      0.956527      
39      0.399010      0.011005      0.121655      1.354332      -0.945113      0.939111      
40      0.399090      0.011295      0.121345      1.361638      -0.929604      0.923567      
41      0.399110      0.011755      0.121055      1.367264      -0.917455      0.911390      
42      0.399050      0.012405      0.120825      1.374593      -0.901340      0.895239      
43      0.399010      0.013135      0.120445      1.377156      -0.895625      0.889511      
44      0.399030      0.014025      0.119725      1.377675      -0.894463      0.888347      
45      0.399170      0.014975      0.119015      1.376538      -0.897006      0.890896      
46      0.399410      0.015855      0.118355      1.376854      -0.896300      0.890189      
47      0.399610      0.016795      0.117535      1.378642      -0.892291      0.886171      
48      0.399880      0.017645      0.116765      1.382217      -0.884216      0.878078      
49      0.400180      0.018315      0.116195      1.383859      -0.880477      0.874331      
50      0.400530      0.018925      0.115815      1.384488      -0.879040      0.872891      
51      0.400930      0.019295      0.115485      1.382982      -0.882476      0.876334      
52      0.401190      0.019755      0.115215      1.380768      -0.887498      0.881368      
53      0.401580      0.020075      0.115245      1.379382      -0.890628      0.884504      
54      0.402030      0.020245      0.115435      1.379112      -0.891236      0.885113      
55      0.402410      0.020495      0.115595      1.377810      -0.894159      0.888043      
56      0.402880      0.020665      0.115865      1.377939      -0.893871      0.887754      
57      0.403630      0.020885      0.115955      1.376065      -0.898061      0.891954      
58      0.403920      0.020935      0.115995      1.376392      -0.897333      0.891223      
59      0.404370      0.021035      0.116105      1.377837      -0.894098      0.887982      
60      0.404650      0.021325      0.116105      1.380015      -0.889200      0.883073      
61      0.404780      0.021525      0.116085      1.380355      -0.888433      0.882304      
62      0.405110      0.021935      0.116075      1.381534      -0.885766      0.879632      
63      0.405510      0.022435      0.116035      1.384212      -0.879671      0.873523      
64      0.406010      0.022885      0.115535      1.385100      -0.877641      0.871489      
65      0.406460      0.023355      0.114525      1.385445      -0.876850      0.870697      
66      0.406820      0.023935      0.113605      1.386782      -0.873778      0.867618      
67      0.407040      0.024525      0.112965      1.388647      -0.869473      0.863304      
68      0.407220      0.025185      0.112385      1.388972      -0.868720      0.862549      
69      0.407480      0.025685      0.111735      1.390740      -0.864610      0.858431      
70      0.407630      0.026215      0.110855      1.391950      -0.861787      0.855601      
71      0.407710      0.026635      0.110275      1.393645      -0.857812      0.851619      
72      0.407730      0.027025      0.109865      1.395445      -0.853570      0.847368      
73      0.407800      0.027155      0.109535      1.398249      -0.846911      0.840695      
74      0.407840      0.027185      0.109395      1.400119      -0.842436      0.836211      
75      0.407840      0.027165      0.109405      1.403730      -0.833720      0.827477      
76      0.407860      0.027105      0.109425      1.408232      -0.822707      0.816442      
77      0.407850      0.027085      0.109455      1.410833      -0.816269      0.809991      
78      0.407860      0.027025      0.109485      1.413159      -0.810463      0.804174      
79      0.407860      0.027025      0.109425      1.415016      -0.805793      0.799495      
80      0.407910      0.026895      0.109425      1.420730      -0.791231      0.784905      
81      0.407950      0.026765      0.109425      1.426692      -0.775713      0.769356      
82      0.408010      0.026575      0.109395      1.431050      -0.764149      0.757771      
83      0.408130      0.026275      0.109295      1.438446      -0.744067      0.737652      
84      0.408330      0.025755      0.109225      1.448114      -0.716886      0.710423      
85      0.408520      0.025185      0.109195      1.452283      -0.704810      0.698326      
86      0.408680      0.024655      0.109185      1.452264      -0.704864      0.698380      
87      0.408860      0.024045      0.109165      1.451082      -0.708310      0.701833      
88      0.409000      0.023605      0.109165      1.450449      -0.710149      0.703675      
89      0.409160      0.023155      0.109205      1.448857      -0.714748      0.708282      
90      0.409330      0.022645      0.109225      1.447335      -0.719115      0.712657      
91      0.409460      0.022205      0.109225      1.446900      -0.720361      0.713904      
92      0.409630      0.021715      0.109165      1.446792      -0.720668      0.714212      
93      0.409910      0.021075      0.108915      1.444429      -0.727378      0.720934      
94      0.410270      0.020315      0.108525      1.441982      -0.734254      0.727822      
95      0.410670      0.019325      0.108215      1.440068      -0.739583      0.733161      
96      0.411060      0.018255      0.107995      1.439031      -0.742455      0.736037      
97      0.411340      0.017305      0.107785      1.437626      -0.746323      0.739913      
98      0.411620      0.016345      0.107585      1.436596      -0.749147      0.742742      
99      0.411910      0.015305      0.107175      1.434141      -0.755829      0.749436      
100      0.412010      0.014735      0.106405      1.432507      -0.760239      0.753854      
101      0.412200      0.014245      0.105445      1.429930      -0.767139      0.760766      
102      0.412480      0.013685      0.104265      1.428283      -0.771514      0.765150      
103      0.412810      0.013115      0.103335      1.426684      -0.775736      0.769380      
104      0.413160      0.012405      0.102795      1.426838      -0.775330      0.768973      
105      0.413260      0.012015      0.102495      1.427535      -0.773491      0.767131      
106      0.413170      0.011805      0.102235      1.428378      -0.771262      0.764897      
107      0.412970      0.011775      0.101735      1.429847      -0.767361      0.760989      
108      0.412920      0.011735      0.101475      1.431193      -0.763766      0.757387      
109      0.412910      0.011655      0.101205      1.433037      -0.758813      0.752425      
110      0.412930      0.011515      0.100905      1.434002      -0.756205      0.749813      
111      0.412890      0.011405      0.100645      1.434194      -0.755684      0.749290      
112      0.412870      0.011395      0.100565      1.435000      -0.753498      0.747100      
113      0.412930      0.011345      0.100395      1.437064      -0.747866      0.741458      
114      0.412950      0.011335      0.100245      1.437117      -0.747720      0.741312      
115      0.413000      0.011285      0.100085      1.437598      -0.746400      0.739990      
116      0.412990      0.011195      0.100015      1.441374      -0.735951      0.729522      
117      0.412910      0.011195      0.099785      1.443133      -0.731027      0.724590      
118      0.412910      0.011205      0.099665      1.444012      -0.728554      0.722112      
119      0.412900      0.011215      0.099365      1.446190      -0.722383      0.715930      
120      0.412820      0.011345      0.098715      1.449369      -0.713272      0.706803      
121      0.412900      0.011385      0.098295      1.454939      -0.696998      0.690501      
122      0.412990      0.011365      0.097865      1.456972      -0.690954      0.684447      
123      0.412950      0.011375      0.097395      1.457574      -0.689152      0.682642      
124      0.412900      0.011405      0.097195      1.459088      -0.684599      0.678082      
125      0.412860      0.011435      0.097125      1.463673      -0.670611      0.664071      
126      0.412780      0.011535      0.096985      1.465888      -0.663740      0.657189      
127      0.412680      0.011755      0.096895      1.469147      -0.653487      0.646919      
128      0.412630      0.012015      0.096845      1.472825      -0.641707      0.635121      
129      0.412660      0.012245      0.096925      1.476679      -0.629108      0.622502      
130      0.412750      0.012395      0.096965      1.477954      -0.624880      0.618268      
131      0.412820      0.012455      0.096835      1.482169      -0.610685      0.604051      
132      0.412830      0.012585      0.096675      1.485197      -0.600263      0.593615      
133      0.412800      0.012805      0.096565      1.488925      -0.587165      0.580498      
134      0.412800      0.013005      0.096385      1.491674      -0.577305      0.570624      
135      0.412880      0.013115      0.096005      1.494040      -0.568673      0.561979      
136      0.413000      0.013145      0.095535      1.497012      -0.557634      0.550925      
137      0.413070      0.013165      0.095245      1.501509      -0.540474      0.533742      
138      0.413150      0.013105      0.095005      1.502140      -0.538022      0.531287      
139      0.413290      0.012895      0.094685      1.505803      -0.523543      0.516789      
140      0.413420      0.012595      0.094465      1.508399      -0.513025      0.506258      
141      0.413550      0.012195      0.094235      1.507351      -0.517298      0.510536      
142      0.413650      0.011725      0.094075      1.504076      -0.530422      0.523677      
143      0.413680      0.011445      0.093935      1.503936      -0.530974      0.524229      
144      0.413760      0.011135      0.093605      1.503592      -0.532332      0.525590      
145      0.413830      0.010945      0.093335      1.503105      -0.534250      0.527510      
146      0.413930      0.010825      0.092965      1.504493      -0.528769      0.522022      
147      0.413990      0.010775      0.092765      1.505057      -0.526525      0.519775      
148      0.414050      0.010735      0.092115      1.504946      -0.526967      0.520218      
149      0.413990      0.010835      0.091175      1.503974      -0.530826      0.524082      
150      0.414030      0.010935      0.090515      1.504884      -0.527216      0.520467      
151      0.414030      0.011115      0.089985      1.506097      -0.522362      0.515607      
152      0.413960      0.011475      0.089145      1.505677      -0.524048      0.517294      
153      0.414060      0.011665      0.088365      1.507347      -0.517314      0.510552      
154      0.414150      0.011895      0.087695      1.510322      -0.505084      0.498306      
155      0.414190      0.012075      0.086985      1.512774      -0.494768      0.487978      
156      0.414230      0.012145      0.086345      1.511395      -0.500599      0.493816      
157      0.414240      0.012255      0.085875      1.512725      -0.494978      0.488188      
158      0.414230      0.012335      0.085355      1.516599      -0.478217      0.471407      
159      0.414210      0.012345      0.084865      1.515749      -0.481943      0.475138      
160      0.414150      0.012335      0.084485      1.517094      -0.476030      0.469218      
161      0.414070      0.012315      0.083985      1.520171      -0.462200      0.455372      
162      0.414070      0.012125      0.083505      1.520624      -0.460129      0.453298      
163      0.414020      0.011825      0.083065      1.521798      -0.454718      0.447881      
164      0.414020      0.011505      0.082905      1.527050      -0.429632      0.422767      
165      0.414150      0.010985      0.082905      1.531360      -0.407862      0.400975      
166      0.414210      0.010605      0.082855      1.531028      -0.409586      0.402700      
167      0.414220      0.010385      0.082755      1.531144      -0.408986      0.402099      
168      0.414170      0.010345      0.082685      1.532251      -0.403213      0.396321      
169      0.414180      0.010355      0.082675      1.533990      -0.393976      0.387074      
170      0.414180      0.010415      0.082685      1.536422      -0.380676      0.373761      
171      0.414220      0.010465      0.082725      1.537895      -0.372385      0.365462      
172      0.414210      0.010545      0.082655      1.537946      -0.372096      0.365173      
173      0.414200      0.010585      0.082665      1.538851      -0.366903      0.359975      
174      0.414210      0.010605      0.082695      1.539966      -0.360397      0.353463      
175      0.414200      0.010605      0.082735      1.538687      -0.367848      0.360921      
176      0.414220      0.010605      0.082775      1.539190      -0.364935      0.358005      
177      0.414270      0.010665      0.082915      1.539908      -0.360740      0.353807      
178      0.414220      0.010905      0.082945      1.540404      -0.357811      0.350875      
179      0.414200      0.011105      0.082915      1.539219      -0.364771      0.357841      
180      0.414190      0.011225      0.082935      1.539536      -0.362919      0.355988      
181      0.414150      0.011355      0.082935      1.538966      -0.366239      0.359310      
182      0.414200      0.011475      0.083085      1.538686      -0.367855      0.360928      
183      0.414270      0.011575      0.083305      1.538596      -0.368371      0.361444      
184      0.414350      0.011655      0.083345      1.538932      -0.366434      0.359506      
185      0.414400      0.011675      0.083175      1.539079      -0.365583      0.358654      
186      0.414410      0.011695      0.083135      1.540016      -0.360108      0.353173      
187      0.414410      0.011715      0.083075      1.544180      -0.334665      0.327708      
188      0.414430      0.011675      0.083015      1.543180      -0.340949      0.333998      
189      0.414420      0.011715      0.082985      1.542604      -0.344521      0.337572      
190      0.414510      0.011705      0.082825      1.542851      -0.342997      0.336047      
191      0.414630      0.011505      0.082545      1.542329      -0.346209      0.339262      
192      0.414670      0.011405      0.082285      1.540990      -0.354319      0.347379      
193      0.414790      0.011175      0.081945      1.540824      -0.355311      0.348372      
194      0.414940      0.010915      0.081545      1.539887      -0.360865      0.353932      
195      0.415110      0.010615      0.081385      1.539964      -0.360412      0.353478      
196      0.415350      0.010175      0.081485      1.541660      -0.350287      0.343344      
197      0.415450      0.009805      0.081515      1.541722      -0.349912      0.342969      
198      0.415560      0.009395      0.081545      1.541678      -0.350178      0.343235      
199      0.415760      0.008995      0.081795      1.541674      -0.350202      0.343258      
200      0.416080      0.008495      0.082225      1.541349      -0.352163      0.345221      
201      0.416240      0.008175      0.082385      1.541509      -0.351202      0.344259      
202      0.416310      0.007965      0.082325      1.540733      -0.355858      0.348920      
203      0.416400      0.007715      0.082295      1.541786      -0.349522      0.342578      
204      0.416460      0.007485      0.082235      1.542407      -0.345732      0.338785      
205      0.416510      0.007255      0.081995      1.542847      -0.343020      0.336071      
206      0.416640      0.006945      0.081675      1.543267      -0.340410      0.333458      
207      0.416770      0.006665      0.081365      1.545014      -0.329334      0.322372      
208      0.416890      0.006325      0.081175      1.546798      -0.317621      0.310649      
209      0.416980      0.006015      0.081065      1.548036      -0.309229      0.302250      
210      0.417080      0.005745      0.080835      1.547311      -0.314172      0.307197      
211      0.417200      0.005635      0.080335      1.546216      -0.321492      0.314523      
212      0.417250      0.005875      0.079845      1.546122      -0.322109      0.315141      
213      0.417420      0.006075      0.079615      1.545727      -0.324705      0.317740      
214      0.417580      0.006135      0.079245      1.544205      -0.334509      0.327552      
215      0.417640      0.006195      0.078805      1.542467      -0.345365      0.338417      
216      0.417630      0.006275      0.078645      1.542039      -0.347982      0.341037      
217      0.417540      0.006435      0.078575      1.542372      -0.345943      0.338996      
218      0.417570      0.006425      0.078635      1.541799      -0.349444      0.342500      
219      0.417580      0.006345      0.078695      1.541584      -0.350748      0.343806      
220      0.417600      0.006285      0.078815      1.541521      -0.351123      0.344181      
221      0.417670      0.006135      0.078895      1.540413      -0.357756      0.350820      
222      0.417670      0.006075      0.078925      1.538733      -0.367582      0.360655      
223      0.417670      0.006095      0.078955      1.536121      -0.382347      0.375434      
224      0.417660      0.006095      0.078995      1.529881      -0.415466      0.408587      
225      0.417640      0.006105      0.079115      1.526134      -0.434113      0.427253      
226      0.417650      0.006135      0.079215      1.514972      -0.485327      0.478526      
227      0.417770      0.005975      0.080145      1.511428      -0.500459      0.493676      
228      0.417680      0.006035      0.080725      1.510367      -0.504897      0.498120      
229      0.417590      0.006195      0.081025      1.510001      -0.506420      0.499645      
230      0.417510      0.006405      0.081345      1.507328      -0.517391      0.510629      
231      0.417400      0.006775      0.081565      1.506628      -0.520226      0.513468      
232      0.417600      0.006845      0.082035      1.508439      -0.512862      0.506095      
233      0.417650      0.006985      0.082015      1.510468      -0.504477      0.497699      
234      0.417640      0.007025      0.082045      1.509727      -0.507555      0.500781      
235      0.417610      0.007035      0.082015      1.511847      -0.498694      0.491909      
236      0.417610      0.007035      0.082015      1.514020      -0.489441      0.482645      
237      0.417610      0.007035      0.082015      1.515035      -0.485055      0.478253      
238      0.417610      0.007035      0.082015      1.517036      -0.476287      0.469475      
239      0.417610      0.007035      0.082015      1.516817      -0.477252      0.470441      
240      0.417610      0.007035      0.082015      1.516835      -0.477174      0.470363      
241      0.417610      0.007035      0.082015      1.516671      -0.477898      0.471088      
242      0.417610      0.007035      0.082015      1.516749      -0.477555      0.470745      
243      0.417610      0.007035      0.082015      1.516160      -0.480146      0.473339      
244      0.417610      0.007035      0.082015      1.516000      -0.480846      0.474040      
245      0.417610      0.007035      0.082015      1.516962      -0.476614      0.469802      
246      0.417610      0.007035      0.082015      1.517723      -0.473237      0.466421      
247      0.417610      0.007035      0.082015      1.517541      -0.474046      0.467231      
248      0.417610      0.007035      0.082015      1.517967      -0.472147      0.465330      
249      0.417610      0.007035      0.082015      1.517616      -0.473712      0.466896      
250      0.417610      0.007035      0.082015      1.517758      -0.473081      0.466265      
251      0.417610      0.007035      0.082015      1.518804      -0.468396      0.461575      
252      0.417610      0.007035      0.082015      1.519091      -0.467104      0.460281      
253      0.417610      0.007035      0.082015      1.520487      -0.460760      0.453930      
254      0.417610      0.007035      0.082015      1.521598      -0.455644      0.448808      
255      0.417610      0.007035      0.082015      1.522628      -0.450847      0.444006      
256      0.417610      0.007035      0.082015      1.523701      -0.445792      0.438945      
257      0.417610      0.007035      0.082015      1.525094      -0.439147      0.432292      
258      0.417610      0.007035      0.082015      1.526390      -0.432866      0.426005      
259      0.417610      0.007035      0.082015      1.527560      -0.427114      0.420247      
260      0.417610      0.007035      0.082015      1.529175      -0.419045      0.412169      
261      0.417610      0.007035      0.082015      1.531368      -0.407823      0.400936      
262      0.417610      0.007035      0.082015      1.532548      -0.401653      0.394759      
263      0.417610      0.007035      0.082015      1.534080      -0.393492      0.386590      
264      0.417610      0.007035      0.082015      1.535137      -0.387764      0.380856      
265      0.417610      0.007035      0.082015      1.537451      -0.374907      0.367986      
266      0.417610      0.007035      0.082015      1.538161      -0.370870      0.363946      
267      0.418080      0.006775      0.082695      1.540450      -0.357538      0.350601      
268      0.418010      0.006955      0.083155      1.541635      -0.350436      0.343493      
269      0.418000      0.007015      0.083465      1.541061      -0.353897      0.346957      
270      0.417960      0.007185      0.083585      1.541277      -0.352600      0.345659      
271      0.418310      0.007325      0.084345      1.541441      -0.351608      0.344666      
272      0.418590      0.007575      0.085055      1.541472      -0.351420      0.344478      
273      0.418550      0.008045      0.085165      1.541360      -0.352100      0.345159      
274      0.418720      0.008165      0.085375      1.542638      -0.344310      0.337361      
275      0.418760      0.008375      0.085565      1.543771      -0.337252      0.330298      
276      0.418970      0.008475      0.086075      1.544398      -0.333281      0.326323      
277      0.419230      0.008495      0.086145      1.545003      -0.329404      0.322442      
278      0.419360      0.008435      0.086065      1.545058      -0.329052      0.322090      
279      0.419410      0.008425      0.086225      1.546135      -0.322023      0.315055      
280      0.419420      0.008425      0.086275      1.546272      -0.321116      0.314148      
281      0.419480      0.008445      0.086335      1.546866      -0.317167      0.310195      
282      0.419520      0.008435      0.086185      1.548516      -0.305912      0.298931      
283      0.419620      0.008225      0.086045      1.548728      -0.304434      0.297451      
284      0.419660      0.008035      0.086055      1.550956      -0.288464      0.281469      
285      0.419560      0.008025      0.085825      1.552068      -0.280145      0.273144      
286      0.419660      0.007915      0.085835      1.552667      -0.275566      0.268561      
287      0.419770      0.007765      0.085895      1.553680      -0.267635      0.260625      
288      0.419740      0.007775      0.085785      1.553512      -0.268966      0.261957      
289      0.419820      0.007755      0.085645      1.554277      -0.262851      0.255837      
290      0.419890      0.007795      0.085375      1.555106      -0.256054      0.249035      
291      0.420000      0.007925      0.084915      1.555398      -0.253618      0.246598      
292      0.420350      0.007955      0.084685      1.554899      -0.257769      0.250751      
293      0.420720      0.007965      0.084565      1.554949      -0.257354      0.250336      
294      0.420990      0.008035      0.084415      1.554465      -0.261324      0.254309      
295      0.421240      0.008085      0.084495      1.554115      -0.264159      0.257146      
296      0.421400      0.008185      0.084545      1.554099      -0.264284      0.257271      
297      0.421820      0.008175      0.084775      1.553754      -0.267048      0.260037      
298      0.422120      0.008185      0.084635      1.553561      -0.268582      0.261573      
299      0.422520      0.008285      0.084645      1.553368      -0.270101      0.263093      
300      0.423060      0.008405      0.084725      1.553827      -0.266461      0.259449      
301      0.423520      0.008585      0.084455      1.553376      -0.270039      0.263030      
302      0.424000      0.008755      0.084105      1.553080      -0.272356      0.265349      
303      0.424460      0.008885      0.083725      1.553571      -0.268496      0.261486      
304      0.424820      0.009045      0.083315      1.554041      -0.264754      0.257741      
305      0.425060      0.009105      0.082955      1.554085      -0.264401      0.257389      
306      0.425100      0.009175      0.082875      1.555894      -0.249428      0.242405      
307      0.425110      0.009195      0.082985      1.556942      -0.240326      0.233297      
308      0.425020      0.009315      0.082895      1.557389      -0.236331      0.229299      
309      0.424970      0.009645      0.082805      1.559341      -0.218066      0.211022      
310      0.425060      0.009655      0.082755      1.561226      -0.198846      0.191791      
311      0.425010      0.009645      0.082525      1.561492      -0.195985      0.188928      
312      0.424960      0.009625      0.082445      1.561017      -0.201073      0.194019      
313      0.425010      0.009515      0.082505      1.560907      -0.202225      0.195172      
314      0.425010      0.009475      0.082475      1.560651      -0.204898      0.197846      
315      0.425020      0.009475      0.082435      1.561561      -0.195232      0.188175      
316      0.425030      0.009485      0.082335      1.561969      -0.190748      0.183688      
317      0.425040      0.009485      0.082345      1.562946      -0.179535      0.172469      
318      0.425050      0.009425      0.082355      1.563047      -0.178343      0.171276      
319      0.425050      0.009405      0.082385      1.562882      -0.180287      0.173222      
320      0.425060      0.009445      0.082285      1.562602      -0.183557      0.176493      
321      0.425120      0.009505      0.082255      1.562537      -0.184310      0.177247      
322      0.425220      0.009515      0.082375      1.563039      -0.178437      0.171370      
323      0.425180      0.009585      0.082255      1.562998      -0.178915      0.171849      
324      0.425160      0.009705      0.082205      1.563416      -0.173896      0.166827      
325      0.425170      0.009785      0.082115      1.563616      -0.171433      0.164363      
326      0.425200      0.009795      0.081965      1.564001      -0.166594      0.159521      
327      0.425210      0.009795      0.081835      1.564378      -0.161723      0.154648      
328      0.425200      0.009795      0.081785      1.564491      -0.160241      0.153165      
329      0.425160      0.009715      0.081585      1.564606      -0.158711      0.151634      
330      0.425050      0.009715      0.081355      1.564519      -0.159872      0.152796      
331      0.425080      0.009635      0.081355      1.564619      -0.158539      0.151462      
332      0.425060      0.009595      0.081315      1.564881      -0.154985      0.147907      
333      0.425020      0.009625      0.081175      1.564884      -0.154954      0.147875      
334      0.425030      0.009645      0.081135      1.565025      -0.153008      0.145929      
335      0.424990      0.009655      0.081055      1.565169      -0.151008      0.143927      
336      0.424990      0.009635      0.081055      1.565220      -0.150278      0.143197      
337      0.424980      0.009615      0.081045      1.565240      -0.149996      0.142915      
338      0.424930      0.009595      0.081005      1.565201      -0.150553      0.143472      
339      0.424940      0.009645      0.081045      1.565243      -0.149964      0.142883      
340      0.424840      0.009885      0.080965      1.565437      -0.147195      0.140113      
341      0.424740      0.010245      0.080925      1.565542      -0.145673      0.138590      
342      0.424690      0.010475      0.080925      1.565589      -0.144983      0.137899      
343      0.424520      0.010795      0.080805      1.565848      -0.141154      0.134069      
344      0.424380      0.011165      0.080795      1.565957      -0.139506      0.132420      
345      0.424330      0.011505      0.080775      1.566178      -0.136117      0.129029      
346      0.424050      0.011955      0.080495      1.566434      -0.132076      0.124987      
347      0.424020      0.012075      0.080485      1.566487      -0.131236      0.124147      
348      0.424060      0.012065      0.080555      1.566298      -0.134241      0.127153      
349      0.424070      0.012025      0.080555      1.566315      -0.133975      0.126886      
350      0.424100      0.011905      0.080555      1.566209      -0.135638      0.128550      
351      0.424080      0.011805      0.080455      1.566194      -0.135866      0.128778      
352      0.424050      0.011795      0.080405      1.566253      -0.134940      0.127852      
353      0.424040      0.011775      0.080345      1.566213      -0.135575      0.128488      
354      0.424000      0.011715      0.080275      1.566239      -0.135159      0.128072      
355      0.423990      0.011715      0.080245      1.566245      -0.135065      0.127977      
356      0.424000      0.011675      0.080245      1.566298      -0.134233      0.127145      
357      0.424000      0.011635      0.080265      1.566253      -0.134940      0.127852      
358      0.423970      0.011735      0.080275      1.566347      -0.133464      0.126376      
359      0.424010      0.011805      0.080385      1.566323      -0.133841      0.126753      
360      0.424030      0.011835      0.080415      1.566259      -0.134853      0.127765      
361      0.424000      0.011865      0.080355      1.566271      -0.134657      0.127569      
362      0.423960      0.011805      0.080275      1.566303      -0.134155      0.127067      
363      0.423950      0.011785      0.080235      1.566310      -0.134053      0.126965      
364      0.423870      0.011765      0.080075      1.566357      -0.133308      0.126219      
365      0.423770      0.011735      0.079935      1.566504      -0.130961      0.123872      
366      0.423700      0.011725      0.079815      1.566535      -0.130451      0.123362      
367      0.423620      0.011695      0.079655      1.566620      -0.129062      0.121972      
368      0.423730      0.011505      0.079775      1.566495      -0.131095      0.124005      
369      0.423750      0.011425      0.079785      1.566557      -0.130090      0.123000      
370      0.423750      0.011305      0.079835      1.566561      -0.130028      0.122938      
371      0.423780      0.011215      0.079895      1.566504      -0.130954      0.123864      
372      0.423800      0.011095      0.079995      1.566507      -0.130899      0.123809      
373      0.423780      0.011105      0.079955      1.566564      -0.129981      0.122891      
374      0.423780      0.011085      0.079985      1.566637      -0.128796      0.121705      
375      0.423760      0.011125      0.079965      1.566578      -0.129761      0.122671      
376      0.423760      0.011225      0.079995      1.566659      -0.128427      0.121336      
377      0.423740      0.011285      0.079955      1.566712      -0.127548      0.120457      
378      0.423710      0.011315      0.079915      1.566770      -0.126583      0.119491      
379      0.423730      0.011305      0.079955      1.566863      -0.125029      0.117937      
380      0.423730      0.011275      0.079995      1.566910      -0.124221      0.117128      
381      0.423720      0.011335      0.080055      1.567065      -0.121568      0.114475      
382      0.423730      0.011385      0.080065      1.566996      -0.122761      0.115668      
383      0.423680      0.011555      0.080075      1.567039      -0.122023      0.114930      
384      0.423590      0.011875      0.080075      1.567129      -0.120454      0.113360      
385      0.423490      0.012255      0.080075      1.567167      -0.119787      0.112692      
386      0.423380      0.012695      0.080005      1.567299      -0.117440      0.110345      
387      0.423340      0.012945      0.079885      1.567342      -0.116648      0.109552      
388      0.423290      0.013095      0.079885      1.567342      -0.116648      0.109552      
389      0.423290      0.013095      0.079915      1.567300      -0.117409      0.110314      
390      0.423260      0.013135      0.080005      1.567257      -0.118186      0.111091      
391      0.423260      0.013145      0.079965      1.567255      -0.118217      0.111122      
392      0.423280      0.013115      0.080005      1.567250      -0.118311      0.111216      
393      0.423270      0.013115      0.080075      1.567293      -0.117542      0.110447      
394      0.423280      0.013095      0.080075      1.567343      -0.116632      0.109536      
395      0.423310      0.013025      0.080135      1.567296      -0.117487      0.110392      
396      0.423370      0.013035      0.080235      1.567217      -0.118892      0.111797      
397      0.423390      0.013025      0.080265      1.567305      -0.117315      0.110219      
398      0.423420      0.012905      0.080275      1.567259      -0.118154      0.111059      
399      0.423440      0.012835      0.080275      1.567259      -0.118154      0.111059      
400      0.423480      0.012635      0.080255      1.567315      -0.117150      0.110054      
401      0.423520      0.012505      0.080275      1.567373      -0.116098      0.109002      
402      0.423510      0.012465      0.080255      1.567365      -0.116232      0.109136      
403      0.423490      0.012435      0.080205      1.567375      -0.116051      0.108955      
404      0.423450      0.012445      0.080135      1.567427      -0.115109      0.108013      
405      0.423400      0.012555      0.080095      1.567583      -0.112205      0.105108      
406      0.423440      0.012545      0.080135      1.567515      -0.113485      0.106388      
407      0.423450      0.012485      0.080105      1.567577      -0.112331      0.105234      
408      0.423350      0.012505      0.079935      1.567778      -0.108485      0.101386      
409      0.423340      0.012455      0.079905      1.567783      -0.108391      0.101292      
410      0.423300      0.012385      0.079805      1.567848      -0.107120      0.100020      
411      0.423150      0.012405      0.079545      1.568058      -0.102920      0.095819      
412      0.423160      0.012325      0.079535      1.568060      -0.102873      0.095772      
413      0.423130      0.012215      0.079445      1.568125      -0.101531      0.094430      
414      0.422950      0.012265      0.079155      1.568330      -0.097206      0.090103      
415      0.422980      0.012255      0.079185      1.568229      -0.099349      0.092247      
416      0.423000      0.012185      0.079185      1.568233      -0.099271      0.092168      
417      0.422980      0.012135      0.079125      1.568202      -0.099922      0.092820      
418      0.422980      0.012135      0.079115      1.568203      -0.099914      0.092812      
419      0.422970      0.012135      0.079055      1.568168      -0.100644      0.093542      
420      0.422970      0.012135      0.079045      1.568168      -0.100644      0.093542      
421      0.422920      0.012115      0.078925      1.568229      -0.099365      0.092262      
422      0.422890      0.012075      0.078875      1.568368      -0.096374      0.089271      
423      0.422880      0.012005      0.078845      1.568412      -0.095416      0.088313      
424      0.422770      0.011995      0.078675      1.568502      -0.093399      0.086295      
425      0.422710      0.011985      0.078575      1.568591      -0.091374      0.084269      
426      0.422640      0.012025      0.078485      1.568760      -0.087425      0.080319      
427      0.422620      0.012055      0.078465      1.568785      -0.086821      0.079714      
428      0.422610      0.012075      0.078485      1.568715      -0.088493      0.081387      
429      0.422590      0.012115      0.078445      1.568765      -0.087292      0.080185      
430      0.422550      0.012105      0.078345      1.568814      -0.086114      0.079007      
431      0.422440      0.012065      0.078165      1.568848      -0.085298      0.078191      
432      0.422400      0.012015      0.078115      1.568779      -0.086962      0.079855      
433      0.422410      0.011915      0.078105      1.568831      -0.085706      0.078599      
434      0.422300      0.011895      0.077925      1.568893      -0.084167      0.077060      
435      0.422290      0.011885      0.077955      1.568897      -0.084065      0.076958      
436      0.422240      0.011875      0.077845      1.568943      -0.082919      0.075811      
437      0.422130      0.011905      0.077675      1.568991      -0.081710      0.074602      
438      0.422110      0.011915      0.077655      1.569069      -0.079693      0.072584      
439      0.422140      0.011765      0.077625      1.569032      -0.080635      0.073526      
440      0.422120      0.011655      0.077595      1.569054      -0.080069      0.072960      
441      0.422120      0.011595      0.077565      1.569058      -0.079975      0.072866      
442      0.422140      0.011465      0.077535      1.569053      -0.080101      0.072992      
443      0.422030      0.011395      0.077405      1.569153      -0.077439      0.070330      
444      0.421990      0.011365      0.077425      1.569189      -0.076458      0.069348      
445      0.421960      0.011355      0.077545      1.569159      -0.077282      0.070173      
446      0.421900      0.011475      0.077535      1.569253      -0.074692      0.067581      
447      0.421930      0.011485      0.077585      1.569207      -0.075979      0.068869      
448      0.422000      0.011445      0.077705      1.569204      -0.076066      0.068955      
449      0.421930      0.011425      0.077585      1.569251      -0.074762      0.067652      
450      0.421910      0.011415      0.077565      1.569285      -0.073812      0.066701      
451      0.421910      0.011415      0.077545      1.569309      -0.073114      0.066002      
452      0.421910      0.011415      0.077545      1.569366      -0.071473      0.064361      
453      0.421950      0.011435      0.077635      1.569381      -0.071049      0.063937      
454      0.421940      0.011425      0.077595      1.569440      -0.069306      0.062194      
455      0.421930      0.011385      0.077555      1.569419      -0.069934      0.062822      
456      0.421770      0.011465      0.077335      1.569499      -0.067516      0.060403      
457      0.421540      0.011645      0.077055      1.569658      -0.062412      0.055298      
458      0.421520      0.011635      0.076995      1.569663      -0.062271      0.055157      
459      0.421490      0.011625      0.076935      1.569669      -0.062043      0.054929      
460      0.421350      0.011595      0.076685      1.569791      -0.057835      0.050719      
461      0.421300      0.011555      0.076635      1.569820      -0.056822      0.049706      
462      0.421360      0.011455      0.076675      1.569815      -0.056995      0.049879      
463      0.421470      0.011345      0.076815      1.569724      -0.060198      0.053083      
464      0.421430      0.011375      0.076755      1.569806      -0.057325      0.050209      
465      0.421410      0.011385      0.076615      1.569858      -0.055401      0.048284      
466      0.421430      0.011335      0.076665      1.569833      -0.056351      0.049235      
467      0.421380      0.011315      0.076635      1.569839      -0.056100      0.048983      
468      0.421350      0.011295      0.076565      1.569868      -0.055032      0.047915      
469      0.421400      0.011205      0.076605      1.569865      -0.055165      0.048049      
470      0.421370      0.011155      0.076535      1.569915      -0.053249      0.046132      
471      0.421380      0.011095      0.076515      1.569938      -0.052354      0.045237      
472      0.421440      0.010945      0.076545      1.569913      -0.053328      0.046211      
473      0.421480      0.010795      0.076555      1.569873      -0.054859      0.047743      
474      0.421480      0.010695      0.076535      1.569854      -0.055558      0.048442      
475      0.421450      0.010665      0.076455      1.569882      -0.054506      0.047389      
476      0.421470      0.010635      0.076465      1.569852      -0.055652      0.048536      
477      0.421470      0.010595      0.076455      1.569882      -0.054506      0.047389      
478      0.421430      0.010585      0.076375      1.569911      -0.053391      0.046274      
479      0.421460      0.010535      0.076415      1.569865      -0.055134      0.048017      
480      0.421480      0.010515      0.076435      1.569885      -0.054396      0.047279      
481      0.421480      0.010535      0.076435      1.569883      -0.054459      0.047342      
482      0.421500      0.010445      0.076435      1.569883      -0.054459      0.047342      
483      0.421480      0.010315      0.076345      1.569915      -0.053265      0.046148      
484      0.421240      0.010355      0.075985      1.570048      -0.047847      0.040729      
485      0.421210      0.010285      0.075905      1.570072      -0.046819      0.039700      
486      0.421240      0.010135      0.075895      1.570092      -0.045955      0.038836      
487      0.421220      0.009965      0.075805      1.570102      -0.045484      0.038365      
488      0.421300      0.009805      0.075925      1.570077      -0.046583      0.039464      
489      0.421260      0.009755      0.075865      1.570121      -0.044620      0.037501      
490      0.421210      0.009825      0.075785      1.570144      -0.043576      0.036456      
491      0.421210      0.009885      0.075855      1.570139      -0.043780      0.036660      
492      0.421180      0.009935      0.075825      1.570175      -0.042099      0.034979      
493      0.421200      0.009995      0.075855      1.570220      -0.039854      0.032733      
494      0.421210      0.009985      0.075865      1.570219      -0.039901      0.032780      
495      0.421130      0.009935      0.075705      1.570291      -0.036076      0.028955      
496      0.421100      0.009875      0.075615      1.570325      -0.034160      0.027039      
497      0.421120      0.009795      0.075615      1.570311      -0.034985      0.027863      
498      0.421040      0.009775      0.075505      1.570333      -0.033681      0.026560      
499      0.420950      0.009875      0.075395      1.570402      -0.029315      0.022192      
500      0.420880      0.009995      0.075335      1.570428      -0.027501      0.020378      
501      0.420860      0.010045      0.075305      1.570461      -0.025035      0.017912      
502      0.421000      0.009965      0.075505      1.570452      -0.025727      0.018603      
503      0.421020      0.009895      0.075505      1.570452      -0.025727      0.018603      
504      0.420890      0.009995      0.075345      1.570498      -0.021957      0.014833      
505      0.420930      0.009905      0.075315      1.570508      -0.021101      0.013977      
506      0.421010      0.009705      0.075415      1.570488      -0.022892      0.015767      
507      0.420900      0.009735      0.075255      1.570504      -0.021494      0.014369      
508      0.420870      0.009715      0.075175      1.570506      -0.021282      0.014157      
509      0.420860      0.009705      0.075155      1.570498      -0.021965      0.014841      
510      0.420760      0.009805      0.075035      1.570521      -0.019931      0.012806      
511      0.420740      0.009815      0.075005      1.570529      -0.019067      0.011942      
512      0.420730      0.009795      0.074985      1.570531      -0.018934      0.011809      
513      0.420710      0.009795      0.075005      1.570531      -0.018902      0.011777      
514      0.420720      0.009795      0.075015      1.570531      -0.018942      0.011817      
515      0.420710      0.009825      0.075015      1.570531      -0.018887      0.011762      
516      0.420660      0.009895      0.074935      1.570549      -0.017018      0.009892      
517      0.420630      0.009885      0.074885      1.570558      -0.016020      0.008895      
518      0.420540      0.009865      0.074745      1.570575      -0.013900      0.006774      
519      0.420510      0.009795      0.074705      1.570577      -0.013649      0.006522      
520      0.420530      0.009725      0.074745      1.570570      -0.014528      0.007402      
521      0.420540      0.009705      0.074745      1.570571      -0.014473      0.007347      
522      0.420500      0.009695      0.074685      1.570566      -0.015086      0.007960      
523      0.420480      0.009685      0.074645      1.570573      -0.014135      0.007009      
524      0.420450      0.009675      0.074595      1.570575      -0.013916      0.006790      
525      0.420290      0.009715      0.074365      1.570593      -0.011450      0.004323      
526      0.420190      0.009755      0.074235      1.570605      -0.009423      0.002297      
527      0.420200      0.009735      0.074225      1.570610      -0.008552      0.001425      
528      0.420160      0.009705      0.074145      1.570611      -0.008293      0.001166      
529      0.420130      0.009695      0.074095      1.570616      -0.007256      0.000129      
530      0.420030      0.009705      0.073985      1.570622      -0.005976      -0.001152      
531      0.420030      0.009725      0.074005      1.570618      -0.006840      -0.000288      
532      0.420110      0.009755      0.074225      1.570607      -0.009062      0.001935      
533      0.420010      0.009945      0.074175      1.570616      -0.007256      0.000129      
534      0.419950      0.010165      0.074125      1.570623      -0.005607      -0.001521      
535      0.419950      0.010165      0.074145      1.570626      -0.004743      -0.002385      
536      0.419830      0.010155      0.073965      1.570631      -0.003274      -0.003854      
537      0.419690      0.010215      0.073775      1.570638      0.000974      -0.008103      
538      0.419610      0.010195      0.073665      1.570638      0.001116      -0.008244      
539      0.419570      0.010185      0.073625      1.570639      0.003244      -0.010373      
540      0.419340      0.010385      0.073355      1.570632      0.007995      -0.015125      
541      0.419140      0.010635      0.073195      1.570614      0.013006      -0.020136      
542      0.419190      0.010645      0.073275      1.570624      0.010752      -0.017882      
543      0.419170      0.010665      0.073245      1.570623      0.010878      -0.018008      
544      0.419170      0.010665      0.073245      1.570629      0.009189      -0.016319      
545      0.419170      0.010665      0.073245      1.570629      0.009189      -0.016319      
546      0.419130      0.010705      0.073185      1.570625      0.010508      -0.017638      
547      0.419140      0.010695      0.073175      1.570626      0.010194      -0.017324      
548      0.419150      0.010655      0.073205      1.570629      0.009362      -0.016492      
549      0.419160      0.010655      0.073225      1.570629      0.009315      -0.016445      
550      0.419200      0.010605      0.073275      1.570631      0.008325      -0.015455      
551      0.419200      0.010605      0.073275      1.570631      0.008325      -0.015455      
552      0.419220      0.010595      0.073285      1.570634      0.007461      -0.014591      
553      0.419280      0.010505      0.073415      1.570637      0.005553      -0.012682      
554      0.419260      0.010525      0.073425      1.570633      0.007556      -0.014685      
555      0.419300      0.010535      0.073545      1.570637      0.005278      -0.012407      
556      0.419370      0.010535      0.073625      1.570638      0.004948      -0.012077      
557      0.419470      0.010455      0.073755      1.570639      0.003739      -0.010868      
558      0.419650      0.010285      0.073995      1.570638      0.000503      -0.007632      
559      0.419670      0.010275      0.074035      1.570638      0.000417      -0.007545      
560      0.419660      0.010315      0.074035      1.570639      0.002341      -0.009470      
561      0.419670      0.010255      0.074045      1.570638      0.001234      -0.008362      
562      0.419700      0.010205      0.074075      1.570638      0.000330      -0.007459      
563      0.419710      0.010165      0.074055      1.570638      0.001194      -0.008323      
564      0.419730      0.010105      0.074085      1.570638      0.000323      -0.007451      
565      0.419680      0.010075      0.074005      1.570639      0.001728      -0.008857      
566      0.419550      0.010105      0.073785      1.570639      0.003809      -0.010938      
567      0.419510      0.010075      0.073725      1.570637      0.005129      -0.012258      
568      0.419440      0.010055      0.073615      1.570637      0.005553      -0.012682      
569      0.419340      0.010065      0.073455      1.570633      0.007744      -0.014874      
570      0.419250      0.010145      0.073395      1.570630      0.008804      -0.015934      
571      0.419260      0.010145      0.073395      1.570628      0.009590      -0.016719      
572      0.419140      0.010235      0.073275      1.570612      0.013375      -0.020505      
573      0.419030      0.010345      0.073145      1.570596      0.016257      -0.023388      
574      0.419000      0.010455      0.073145      1.570586      0.017820      -0.024951      
575      0.419100      0.010395      0.073325      1.570595      0.016485      -0.023616      
576      0.419130      0.010365      0.073385      1.570594      0.016634      -0.023765      
577      0.419130      0.010365      0.073365      1.570596      0.016359      -0.023490      
578      0.419130      0.010365      0.073365      1.570601      0.015535      -0.022665      
579      0.419070      0.010355      0.073275      1.570593      0.016689      -0.023820      
580      0.419080      0.010275      0.073255      1.570600      0.015668      -0.022799      
581      0.419100      0.010245      0.073265      1.570593      0.016728      -0.023859      
582      0.419170      0.010185      0.073355      1.570595      0.016399      -0.023529      
583      0.419300      0.009995      0.073465      1.570613      0.013273      -0.020403      
584      0.419300      0.009975      0.073465      1.570607      0.014420      -0.021550      
585      0.419300      0.009975      0.073485      1.570609      0.014098      -0.021228      
586      0.419320      0.009985      0.073495      1.570603      0.015118      -0.022249      
587      0.419360      0.009975      0.073555      1.570618      0.012158      -0.019288      
588      0.419340      0.010045      0.073545      1.570613      0.013304      -0.020435      
589      0.419330      0.010105      0.073555      1.570622      0.011333      -0.018463      
590      0.419320      0.010105      0.073585      1.570622      0.011325      -0.018455      
591      0.419320      0.010135      0.073685      1.570618      0.012283      -0.019414      
592      0.419380      0.010155      0.073775      1.570619      0.011954      -0.019084      
593      0.419450      0.010115      0.073915      1.570627      0.009959      -0.017089      
594      0.419480      0.010125      0.073965      1.570627      0.009747      -0.016877      
595      0.419490      0.010125      0.073995      1.570633      0.007815      -0.014944      
596      0.419490      0.010185      0.074005      1.570630      0.008796      -0.015926      
597      0.419480      0.010205      0.073995      1.570630      0.008836      -0.015965      
598      0.419470      0.010205      0.073985      1.570635      0.006998      -0.014127      
599      0.419470      0.010205      0.073985      1.570636      0.006173      -0.013303      
600      0.419480      0.010185      0.073985      1.570637      0.005349      -0.012478      
601      0.419500      0.010125      0.074005      1.570638      0.004477      -0.011606      
602      0.419530      0.010135      0.074065      1.570639      0.003440      -0.010569      
603      0.419540      0.010135      0.074075      1.570639      0.002576      -0.009705      
604      0.419550      0.010145      0.074095      1.570639      0.001665      -0.008794      
605      0.419640      0.010105      0.074195      1.570635      -0.001232      -0.005896      
606      0.419690      0.009995      0.074225      1.570632      -0.002913      -0.004215      
607      0.419700      0.009905      0.074215      1.570630      -0.003643      -0.003484      
608      0.419750      0.009755      0.074255      1.570624      -0.005332      -0.001796      
609      0.419800      0.009625      0.074295      1.570617      -0.006965      -0.000162      
610      0.419810      0.009575      0.074365      1.570609      -0.008662      0.001535      
611      0.419800      0.009525      0.074485      1.570600      -0.010295      0.003169      
612      0.419800      0.009525      0.074505      1.570600      -0.010303      0.003176      
613      0.419880      0.009545      0.074675      1.570586      -0.012471      0.005344      
614      0.420020      0.009565      0.074895      1.570567      -0.014897      0.007771      
615      0.420190      0.009535      0.075165      1.570545      -0.017457      0.010332      
616      0.420500      0.009295      0.075555      1.570454      -0.025609      0.018485      
617      0.420840      0.008975      0.075965      1.570349      -0.032708      0.025586      
618      0.421140      0.008615      0.076415      1.570208      -0.040482      0.033361      
619      0.421480      0.008225      0.077035      1.570012      -0.049371      0.042252      
620      0.421840      0.007875      0.077745      1.569724      -0.060214      0.053099      
621      0.422290      0.007445      0.078455      1.569340      -0.072226      0.065115      
622      0.422700      0.006985      0.079035      1.568900      -0.084010      0.076903      
623      0.422930      0.006665      0.079345      1.568625      -0.090597      0.083491      
624      0.423140      0.006435      0.079845      1.568428      -0.095047      0.087944      
625      0.423390      0.006135      0.080295      1.568180      -0.100377      0.093275      
626      0.423770      0.005765      0.080775      1.567755      -0.108941      0.101842      
627      0.423930      0.005635      0.080985      1.567583      -0.112213      0.105116      
628      0.424220      0.005385      0.081405      1.567238      -0.118515      0.111421      
629      0.424360      0.005275      0.081605      1.566213      -0.135567      0.128480      
630      0.424420      0.005195      0.081685      1.565617      -0.144575      0.137491      
631      0.424430      0.005135      0.081805      1.564998      -0.153385      0.146305      
632      0.424350      0.005135      0.082195      1.563487      -0.173025      0.165956      
633      0.424250      0.005155      0.082695      1.561643      -0.194338      0.187281      
634      0.424240      0.005155      0.083235      1.560261      -0.208904      0.201854      
635      0.424300      0.005145      0.083455      1.558597      -0.225205      0.218166      
636      0.424440      0.005115      0.083705      1.557815      -0.232468      0.225434      
637      0.424570      0.005045      0.083895      1.556817      -0.241423      0.234394      
638      0.424600      0.004995      0.083915      1.555230      -0.255020      0.248001      
639      0.424670      0.004835      0.084055      1.553682      -0.267619      0.260609      
640      0.424790      0.004535      0.084315      1.552223      -0.278971      0.271969      
641      0.424820      0.004355      0.084395      1.550382      -0.292659      0.285667      
642      0.424850      0.004165      0.084465      1.548094      -0.308830      0.301851      
643      0.424840      0.004025      0.084625      1.546058      -0.322532      0.315564      
644      0.424860      0.003885      0.084745      1.543475      -0.339113      0.332159      
645      0.424910      0.003755      0.084825      1.541122      -0.353530      0.346590      
646      0.424960      0.003605      0.084965      1.538906      -0.366582      0.359654      
647      0.425020      0.003425      0.085205      1.536383      -0.380895      0.373980      
648      0.425090      0.003135      0.085385      1.533858      -0.394686      0.387785      
649      0.425080      0.002955      0.085595      1.531895      -0.405078      0.398187      
650      0.425070      0.002745      0.085795      1.530118      -0.414258      0.407377      
651      0.424990      0.002565      0.085855      1.528224      -0.423817      0.416946      
652      0.424880      0.002425      0.085835      1.527273      -0.428533      0.421667      
653      0.424830      0.002245      0.085985      1.527085      -0.429460      0.422595      
654      0.424810      0.002045      0.086215      1.525743      -0.436014      0.429156      
655      0.424800      0.001845      0.086475      1.524445      -0.442255      0.435404      
656      0.424750      0.001665      0.086825      1.523623      -0.446166      0.439319      
657      0.424660      0.001525      0.087155      1.522300      -0.452381      0.445542      
658      0.424620      0.001335      0.087275      1.520057      -0.462722      0.455894      
659      0.424590      0.001135      0.087345      1.518446      -0.470007      0.463188      
660      0.424510      0.001015      0.087425      1.517376      -0.474778      0.467964      
661      0.424480      0.000745      0.087545      1.515598      -0.482605      0.475800      
662      0.424270      0.000645      0.087565      1.513438      -0.491938      0.485144      
663      0.424150      0.000355      0.087905      1.512734      -0.494939      0.488149      
664      0.423990      -0.000415      0.088775      1.508789      -0.511425      0.504655      
665      0.423630      -0.000775      0.089225      1.504693      -0.527977      0.521229      
666      0.423430      -0.000955      0.089465      1.502641      -0.536066      0.529328      
667      0.423040      -0.001315      0.089775      1.498930      -0.550382      0.543663      
668      0.422660      -0.001695      0.090105      1.495274      -0.564115      0.557415      
669      0.422230      -0.002025      0.090365      1.493379      -0.571099      0.564409      
670      0.421410      -0.002185      0.090235      1.489564      -0.584889      0.578218      
671      0.419920      -0.002035      0.090515      1.482248      -0.610414      0.603780      
672      0.419490      -0.002125      0.090815      1.479729      -0.618943      0.612323      
673      0.418730      -0.002465      0.091395      1.477747      -0.625568      0.618957      
674      0.417850      -0.002705      0.091965      1.475266      -0.633759      0.627160      
675      0.416950      -0.002935      0.092565      1.472952      -0.641297      0.634711      
676      0.416150      -0.003245      0.093065      1.470918      -0.647845      0.641268      
677      0.415390      -0.003505      0.093395      1.467378      -0.659073      0.652515      
678      0.414730      -0.003835      0.093665      1.463010      -0.672654      0.666117      
679      0.414140      -0.004015      0.094035      1.459756      -0.682581      0.676060      
680      0.413630      -0.004235      0.094565      1.455383      -0.695681      0.689183      
681      0.413120      -0.004495      0.095235      1.446169      -0.722444      0.715991      
682      0.412700      -0.004795      0.095835      1.439284      -0.741756      0.735337      
683      0.412030      -0.005305      0.097165      1.428693      -0.770426      0.764060      
684      0.411550      -0.005615      0.098025      1.420611      -0.791537      0.785211      
685      0.411000      -0.005955      0.098585      1.417139      -0.800418      0.794109      
686      0.410380      -0.006305      0.099235      1.413896      -0.808614      0.802321      
687      0.409690      -0.006705      0.099755      1.407510      -0.824486      0.818224      
688      0.409050      -0.007265      0.100495      1.402544      -0.836595      0.830358      
689      0.408360      -0.007945      0.101895      1.397564      -0.848542      0.842329      
690      0.407510      -0.008695      0.103495      1.391031      -0.863933      0.857752      
691      0.406430      -0.009335      0.104845      1.383646      -0.880963      0.874818      
692      0.405370      -0.009865      0.105965      1.379759      -0.889777      0.883652      
693      0.404210      -0.010365      0.106655      1.374080      -0.902478      0.896380      
694      0.403180      -0.010705      0.107185      1.369621      -0.912308      0.906232      
695      0.402410      -0.011195      0.107825      1.367333      -0.917303      0.911238      
696      0.401570      -0.011605      0.108305      1.362432      -0.927900      0.921859      
697      0.400530      -0.011695      0.108525      1.349497      -0.955216      0.949238      
698      0.399670      -0.011815      0.109235      1.328307      -0.998074      0.992198      
