91      0.394550      0.013385      0.084195      1.319371      -1.015506      1.009674      
92      0.394610      0.013335      0.084175      1.321250      -1.011870      1.006029      
93      0.394640      0.013355      0.084175      1.324717      -1.005121      0.999263      
94      0.394610      0.013355      0.084125      1.329093      -0.996524      0.990644      
95      0.394550      0.013345      0.084035      1.330774      -0.993197      0.987310      
96      0.394460      0.013355      0.083975      1.331930      -0.990901      0.985008      
97      0.394370      0.013355      0.083935      1.334664      -0.985449      0.979543      
98      0.394350      0.013395      0.083945      1.336766      -0.981230      0.975313      
99      0.394540      0.013435      0.084485      1.344281      -0.965975      0.960022      
100      0.394730      0.013485      0.084725      1.349180      -0.955874      0.949897      
101      0.394820      0.013615      0.084625      1.354526      -0.944705      0.938702      
102      0.394770      0.013845      0.084625      1.358216      -0.936907      0.930886      
103      0.394640      0.014315      0.084785      1.363453      -0.925705      0.919658      
104      0.394610      0.014685      0.085415      1.368803      -0.914097      0.908025      
105      0.394670      0.014985      0.085925      1.373649      -0.903434      0.897338      
106      0.394800      0.015035      0.086045      1.376416      -0.897279      0.891170      
107      0.395000      0.015155      0.086485      1.379200      -0.891038      0.884915      
108      0.395450      0.015275      0.087555      1.385199      -0.877413      0.871261      
109      0.396010      0.015415      0.088845      1.394729      -0.855261      0.849062      
110      0.396480      0.015655      0.090185      1.399397      -0.844167      0.837945      
111      0.396680      0.016155      0.090835      1.399540      -0.843824      0.837601      
112      0.396900      0.016545      0.091255      1.401881      -0.838197      0.831963      
113      0.397320      0.016695      0.091975      1.403473      -0.834345      0.828103      
114      0.397950      0.016925      0.093185      1.406063      -0.828035      0.821781      
115      0.398580      0.016955      0.093985      1.409271      -0.820142      0.813871      
116      0.398960      0.016895      0.094115      1.410513      -0.817064      0.810787      
117      0.399430      0.017015      0.094475      1.417087      -0.800548      0.794240      
118      0.399510      0.017035      0.094415      1.419819      -0.793573      0.787250      
119      0.399660      0.017225      0.094305      1.423502      -0.784060      0.777719      
120      0.399930      0.017345      0.094895      1.426115      -0.777229      0.770876      
121      0.400710      0.017545      0.096425      1.430002      -0.766947      0.760574      
122      0.400920      0.017625      0.096655      1.431454      -0.763068      0.756689      
123      0.401050      0.017715      0.096765      1.432422      -0.760469      0.754085      
124      0.401220      0.017785      0.096665      1.434718      -0.754265      0.747869      
125      0.401510      0.017865      0.096595      1.437830      -0.745763      0.739352      
126      0.401990      0.017945      0.096595      1.440605      -0.738094      0.731668      
127      0.402580      0.017895      0.096455      1.443895      -0.728884      0.722442      
128      0.403200      0.018015      0.097075      1.447537      -0.718539      0.712079      
129      0.403860      0.018425      0.098585      1.451663      -0.706618      0.700138      
130      0.404280      0.018755      0.099645      1.453199      -0.702124      0.695636      
131      0.404360      0.019025      0.099905      1.452866      -0.703101      0.696615      
132      0.404590      0.019045      0.099805      1.453173      -0.702201      0.695713      
133      0.405020      0.018945      0.099695      1.454360      -0.698707      0.692213      
134      0.405620      0.018875      0.099705      1.454840      -0.697290      0.690794      
135      0.406230      0.018815      0.099715      1.454723      -0.697637      0.691141      
136      0.406810      0.018815      0.099475      1.455261      -0.696043      0.689545      
137      0.407400      0.018925      0.099275      1.454900      -0.697113      0.690617      
138      0.408080      0.018915      0.099025      1.454746      -0.697567      0.691072      
139      0.408940      0.018895      0.098825      1.455310      -0.695897      0.689399      
140      0.409860      0.019055      0.098805      1.455987      -0.693887      0.687386      
141      0.410990      0.018995      0.098705      1.456727      -0.691685      0.685180      
142      0.412180      0.018685      0.098355      1.458249      -0.687126      0.680613      
143      0.413160      0.018665      0.097815      1.459619      -0.682997      0.676477      
144      0.414020      0.018705      0.097505      1.459050      -0.684715      0.678198      
145      0.414730      0.018845      0.097445      1.461071      -0.678589      0.672062      
146      0.415330      0.019015      0.097565      1.462689      -0.673641      0.667106      
147      0.415890      0.019195      0.097845      1.462475      -0.674296      0.667762      
148      0.416440      0.019345      0.098115      1.463653      -0.670673      0.664133      
149      0.416970      0.019365      0.098205      1.464730      -0.667342      0.660796      
150      0.417340      0.019175      0.097925      1.464919      -0.666756      0.660209      
151      0.417540      0.019135      0.097695      1.465626      -0.664558      0.658008      
152      0.417590      0.019145      0.097645      1.468172      -0.656574      0.650011      
153      0.417520      0.019275      0.097705      1.468507      -0.655517      0.648952      
154      0.417500      0.019335      0.097785      1.470348      -0.649667      0.643093      
155      0.417460      0.019325      0.097735      1.471238      -0.646818      0.640240      
156      0.417470      0.019345      0.097775      1.473709      -0.638842      0.632251      
157      0.417440      0.019335      0.097725      1.476782      -0.628768      0.622161      
158      0.417400      0.019325      0.097555      1.479232      -0.620613      0.613995      
159      0.417420      0.019305      0.097565      1.480615      -0.615959      0.609333      
160      0.417350      0.019285      0.097705      1.485092      -0.600627      0.593979      
161      0.417240      0.019125      0.097885      1.494324      -0.567627      0.560932      
162      0.417060      0.019005      0.097775      1.496648      -0.558998      0.552291      
163      0.417060      0.018895      0.097845      1.498453      -0.552197      0.545481      
164      0.417210      0.018635      0.097965      1.502736      -0.535693      0.528955      
165      0.417420      0.018305      0.098085      1.504139      -0.530174      0.523429      
166      0.417800      0.018085      0.098615      1.509157      -0.509909      0.503138      
167      0.418490      0.017645      0.099805      1.516130      -0.480278      0.473471      
168      0.418710      0.017095      0.099985      1.517487      -0.474287      0.467473      
169      0.418720      0.016765      0.100025      1.518331      -0.470521      0.463702      
170      0.418730      0.016295      0.100065      1.519494      -0.465283      0.458458      
171      0.418780      0.015835      0.100125      1.519463      -0.465423      0.458598      
172      0.419110      0.015425      0.100605      1.522630      -0.450839      0.443998      
173      0.419590      0.014805      0.101005      1.522646      -0.450761      0.443920      
174      0.419620      0.014615      0.100855      1.523382      -0.447303      0.440458      
175      0.419520      0.014615      0.100665      1.523674      -0.445924      0.439078      
176      0.419510      0.014605      0.100665      1.523678      -0.445901      0.439054      
177      0.419540      0.014475      0.100645      1.524118      -0.443813      0.436964      
178      0.419460      0.014445      0.100465      1.524633      -0.441359      0.434507      
179      0.419410      0.014425      0.100345      1.525001      -0.439591      0.432737      
180      0.419380      0.014325      0.100075      1.525429      -0.437534      0.430678      
181      0.419450      0.014005      0.099695      1.526844      -0.430645      0.423781      
182      0.419480      0.013925      0.099605      1.527631      -0.426763      0.419895      
183      0.419500      0.013865      0.099295      1.528161      -0.424128      0.417258      
184      0.419590      0.013765      0.098995      1.529308      -0.418375      0.411498      
185      0.419530      0.013725      0.098535      1.531335      -0.407995      0.401108      
186      0.419520      0.013705      0.098105      1.533704      -0.395513      0.388613      
187      0.419530      0.013715      0.097685      1.534805      -0.389574      0.382668      
188      0.419560      0.013715      0.097215      1.536872      -0.378162      0.371245      
189      0.419690      0.013745      0.096995      1.536993      -0.377483      0.370565      
190      0.419830      0.013715      0.096915      1.537381      -0.375297      0.368377      
191      0.419990      0.013625      0.096815      1.537569      -0.374235      0.367314      
192      0.420140      0.013475      0.096715      1.537756      -0.373173      0.366251      
193      0.420240      0.013335      0.096605      1.538055      -0.371471      0.364547      
194      0.420320      0.013135      0.096285      1.539333      -0.364107      0.357176      
195      0.420410      0.013005      0.096085      1.540289      -0.358491      0.351555      
196      0.420540      0.012805      0.096035      1.540374      -0.357991      0.351054      
197      0.420560      0.012695      0.096035      1.540820      -0.355335      0.348396      
198      0.420580      0.012575      0.096025      1.541268      -0.352655      0.345714      
199      0.420660      0.012415      0.096105      1.541684      -0.350139      0.343196      
200      0.420750      0.012275      0.096235      1.541822      -0.349303      0.342359      
201      0.420820      0.012145      0.096325      1.542582      -0.344654      0.337705      
202      0.420890      0.011995      0.096315      1.543272      -0.340379      0.333427      
203      0.421070      0.011785      0.096235      1.543695      -0.337729      0.330775      
204      0.421380      0.011455      0.096215      1.543999      -0.335814      0.328858      
205      0.421640      0.011205      0.096175      1.544386      -0.333360      0.326401      
206      0.421770      0.011125      0.096085      1.544394      -0.333305      0.326347      
207      0.421880      0.011025      0.095825      1.545274      -0.327653      0.320690      
208      0.421970      0.010965      0.095445      1.546727      -0.318098      0.311127      
209      0.422010      0.010955      0.095095      1.547197      -0.314938      0.307965      
210      0.422140      0.010815      0.094715      1.548194      -0.308141      0.301162      
211      0.422170      0.010745      0.094645      1.548737      -0.304371      0.297389      
212      0.422080      0.010715      0.094365      1.549492      -0.299059      0.292072      
213      0.422100      0.010685      0.094265      1.549809      -0.296798      0.289810      
214      0.422140      0.010535      0.094205      1.550624      -0.290898      0.283905      
215      0.422030      0.010445      0.093995      1.551822      -0.282008      0.275008      
216      0.421990      0.010395      0.093875      1.552613      -0.275980      0.268976      
217      0.422010      0.010345      0.093875      1.552610      -0.276004      0.269000      
218      0.422030      0.010325      0.093885      1.552534      -0.276591      0.269587      
219      0.422010      0.010325      0.093755      1.552835      -0.274266      0.267260      
220      0.422010      0.010305      0.093525      1.553423      -0.269671      0.262662      
221      0.422090      0.010305      0.093435      1.553965      -0.265364      0.258352      
222      0.422180      0.010115      0.093025      1.554875      -0.257965      0.250947      
223      0.422170      0.010115      0.092905      1.555026      -0.256720      0.249701      
224      0.422210      0.010125      0.092755      1.555049      -0.256524      0.249505      
225      0.422190      0.010085      0.092405      1.555869      -0.249640      0.242617      
226      0.422130      0.010045      0.091975      1.556921      -0.240506      0.233477      
227      0.422130      0.009975      0.091825      1.557304      -0.237099      0.230067      
228      0.422070      0.009685      0.091295      1.558539      -0.225753      0.218714      
229      0.421950      0.009605      0.091045      1.559250      -0.218951      0.211908      
230      0.421760      0.009435      0.090705      1.560009      -0.211459      0.204411      
231      0.421700      0.009245      0.090475      1.560360      -0.207892      0.200843      
232      0.421720      0.009115      0.090485      1.560409      -0.207399      0.200348      
233      0.421800      0.008875      0.090505      1.560449      -0.206983      0.199933      
234      0.421770      0.008605      0.090345      1.560830      -0.203032      0.195980      
235      0.421740      0.008345      0.090175      1.561106      -0.200124      0.193070      
236      0.421750      0.007845      0.090035      1.561174      -0.199403      0.192348      
237      0.421730      0.007255      0.089915      1.561339      -0.197631      0.190575      
238      0.421720      0.006635      0.089885      1.561490      -0.196008      0.188951      
239      0.421620      0.006145      0.089995      1.561433      -0.196628      0.189571      
240      0.421420      0.005975      0.090155      1.561330      -0.197733      0.190677      
241      0.421290      0.005775      0.090275      1.561275      -0.198321      0.191266      
242      0.421140      0.005715      0.090385      1.561173      -0.199411      0.192356      
243      0.420990      0.005715      0.090395      1.561184      -0.199293      0.192238      
244      0.420920      0.005685      0.090305      1.561302      -0.198031      0.190975      
245      0.420810      0.005505      0.090035      1.561783      -0.192810      0.185751      
246      0.420620      0.005355      0.089875      1.561918      -0.191312      0.184253      
247      0.420490      0.005215      0.089845      1.562163      -0.188568      0.181507      
248      0.420300      0.004975      0.089675      1.562523      -0.184467      0.177404      
249      0.420080      0.004865      0.089425      1.562892      -0.180178      0.173112      
250      0.420010      0.004725      0.089215      1.563316      -0.175104      0.168035      
251      0.419760      0.004575      0.088635      1.564117      -0.165120      0.158046      
252      0.419490      0.004605      0.088165      1.564778      -0.156389      0.149311      
253      0.419270      0.004575      0.087595      1.565943      -0.139726      0.132640      
254      0.419010      0.004515      0.087085      1.566534      -0.130475      0.123385      
255      0.418830      0.004385      0.086695      1.567077      -0.121356      0.114263      
256      0.418680      0.004145      0.086335      1.567462      -0.114466      0.107369      
257      0.418530      0.003985      0.086035      1.567793      -0.108195      0.101096      
258      0.418450      0.003875      0.085855      1.567916      -0.105770      0.098670      
259      0.418470      0.003775      0.085875      1.567888      -0.106327      0.099227      
260      0.418510      0.003665      0.085915      1.567908      -0.105927      0.098827      
261      0.418590      0.003605      0.086045      1.567790      -0.108266      0.101167      
262      0.418660      0.003495      0.086165      1.567750      -0.109035      0.101936      
263      0.418630      0.003405      0.086195      1.567802      -0.108030      0.100931      
264      0.418590      0.003335      0.086225      1.567826      -0.107559      0.100460      
265      0.418480      0.003305      0.086305      1.567876      -0.106570      0.099471      
266      0.418400      0.003245      0.086345      1.567954      -0.105016      0.097916      
267      0.418440      0.003085      0.086405      1.567972      -0.104655      0.097555      
268      0.418480      0.002915      0.086455      1.568015      -0.103784      0.096683      
269      0.418430      0.002875      0.086475      1.568016      -0.103768      0.096667      
270      0.418440      0.002875      0.086455      1.567994      -0.104216      0.097115      
271      0.418410      0.002875      0.086365      1.568103      -0.101994      0.094893      
272      0.418410      0.002875      0.086305      1.568161      -0.100793      0.093692      
273      0.418410      0.002825      0.086215      1.568168      -0.100636      0.093535      
274      0.418360      0.002795      0.086145      1.568124      -0.101563      0.094461      
275      0.418320      0.002785      0.086065      1.568304      -0.097763      0.090661      
276      0.418320      0.002785      0.086015      1.568261      -0.098682      0.091579      
277      0.418320      0.002785      0.085975      1.568336      -0.097065      0.089962      
278      0.418250      0.002775      0.085825      1.568513      -0.093148      0.086043      
279      0.418280      0.002765      0.085785      1.568581      -0.091609      0.084504      
280      0.418300      0.002695      0.085605      1.568700      -0.088846      0.081740      
281      0.418140      0.002665      0.085155      1.569103      -0.078774      0.071665      
282      0.417980      0.002745      0.084815      1.569506      -0.067288      0.060175      
283      0.417820      0.002855      0.084495      1.569635      -0.063182      0.056068      
284      0.417730      0.003015      0.084415      1.569657      -0.062444      0.055329      
285      0.417630      0.003015      0.084235      1.569817      -0.056908      0.049792      
286      0.417540      0.003005      0.084085      1.569882      -0.054529      0.047413      
287      0.417560      0.002975      0.084095      1.569920      -0.053077      0.045960      
288      0.417510      0.002955      0.084115      1.569920      -0.053061      0.045944      
289      0.417530      0.002955      0.084275      1.569873      -0.054851      0.047735      
290      0.417630      0.002975      0.084375      1.569893      -0.054097      0.046981      
291      0.417780      0.002995      0.084635      1.569823      -0.056712      0.049596      
292      0.417860      0.003005      0.084805      1.569785      -0.058078      0.050963      
293      0.418020      0.003035      0.085185      1.569612      -0.063943      0.056829      
294      0.418140      0.003045      0.085435      1.569514      -0.067045      0.059932      
295      0.418180      0.003145      0.085665      1.569417      -0.069997      0.062885      
296      0.418360      0.003275      0.085955      1.569288      -0.073710      0.066599      
297      0.418510      0.003325      0.086185      1.569196      -0.076293      0.069183      
298      0.418640      0.003525      0.086515      1.568958      -0.082550      0.075442      
299      0.418820      0.003815      0.086955      1.568672      -0.089513      0.082408      
300      0.419050      0.004035      0.087495      1.568301      -0.097811      0.090708      
301      0.419290      0.004445      0.088125      1.567870      -0.106680      0.099581      
302      0.419540      0.004585      0.088345      1.567788      -0.108305      0.101206      
303      0.419640      0.004675      0.088325      1.567940      -0.105291      0.098191      
304      0.419700      0.005145      0.088465      1.567933      -0.105448      0.098348      
305      0.419760      0.005285      0.088665      1.567809      -0.107889      0.100790      
306      0.419780      0.005615      0.088865      1.568201      -0.099953      0.092851      
307      0.419960      0.005885      0.089225      1.568310      -0.097630      0.090527      
308      0.420250      0.006035      0.089815      1.567910      -0.105903      0.098803      
309      0.420660      0.006105      0.090545      1.567167      -0.119779      0.112685      
310      0.421100      0.006175      0.091305      1.565995      -0.138941      0.131855      
311      0.421280      0.006205      0.091495      1.565759      -0.142488      0.135403      
312      0.421410      0.006275      0.091625      1.565874      -0.140762      0.133676      
313      0.421560      0.006295      0.091855      1.565945      -0.139687      0.132601      
314      0.421580      0.006345      0.091865      1.566006      -0.138769      0.131683      
315      0.421590      0.006455      0.091865      1.566272      -0.134649      0.127561      
316      0.421620      0.006515      0.091785      1.566450      -0.131825      0.124735      
317      0.421630      0.006545      0.091625      1.566335      -0.133661      0.126572      
318      0.421670      0.006565      0.091275      1.566625      -0.128992      0.121901      
319      0.421790      0.006575      0.090965      1.566772      -0.126551      0.119460      
320      0.422010      0.006615      0.090655      1.567033      -0.122125      0.115032      
321      0.422260      0.006575      0.090305      1.567569      -0.112480      0.105383      
322      0.422500      0.006435      0.089765      1.568189      -0.100205      0.093103      
323      0.422690      0.006465      0.089445      1.568397      -0.095746      0.088643      
324      0.422890      0.006485      0.089195      1.568563      -0.092033      0.084928      
325      0.422830      0.006535      0.088915      1.568900      -0.084010      0.076903      
326      0.422750      0.006645      0.088765      1.569190      -0.076450      0.069340      
327      0.422840      0.006665      0.088755      1.569225      -0.075485      0.068374      
328      0.422830      0.006665      0.088595      1.569688      -0.061415      0.054301      
329      0.422650      0.006745      0.088195      1.570009      -0.049488      0.042370      
330      0.422680      0.007035      0.088345      1.570069      -0.046936      0.039818      
331      0.422720      0.007215      0.088255      1.570345      -0.032959      0.025837      
332      0.422720      0.007285      0.088095      1.570441      -0.026598      0.019475      
333      0.422820      0.007505      0.088365      1.570436      -0.026904      0.019781      
334      0.422900      0.007595      0.088575      1.570479      -0.023598      0.016474      
335      0.422810      0.007845      0.088555      1.570584      -0.012667      0.005541      
336      0.422800      0.008055      0.088535      1.570621      -0.006204      -0.000924      
337      0.422750      0.008255      0.088475      1.570637      -0.000424      -0.006705      
338      0.422730      0.008435      0.088495      1.570636      -0.000863      -0.006265      
339      0.422710      0.008585      0.088545      1.570637      0.005537      -0.012666      
340      0.422190      0.008825      0.087875      1.570499      0.027237      -0.034368      
341      0.421850      0.009195      0.087625      1.570394      0.035208      -0.042341      
342      0.421910      0.009325      0.087825      1.570491      0.027967      -0.035099      
343      0.422180      0.009275      0.088265      1.570610      0.013846      -0.020977      
344      0.422280      0.009215      0.088405      1.570634      0.007430      -0.014559      
345      0.422300      0.009155      0.088405      1.570638      0.004744      -0.011873      
346      0.422380      0.009145      0.088565      1.570638      0.000982      -0.008111      
347      0.422420      0.009115      0.088615      1.570637      0.000252      -0.007380      
348      0.422490      0.009135      0.088765      1.570633      -0.002458      -0.004670      
349      0.422550      0.009115      0.088885      1.570629      -0.003698      -0.003429      
350      0.422600      0.009035      0.089015      1.570622      -0.005952      -0.001175      
351      0.422690      0.009035      0.089225      1.570599      -0.010429      0.003302      
352      0.422850      0.008865      0.089225      1.570592      -0.011560      0.004433      
353      0.423030      0.008735      0.089245      1.570563      -0.015423      0.008298      
354      0.423170      0.008685      0.089255      1.570544      -0.017607      0.010481      
355      0.423350      0.008395      0.089235      1.570541      -0.017850      0.010725      
356      0.423570      0.008095      0.089245      1.570523      -0.019656      0.012531      
357      0.423680      0.007865      0.089175      1.570521      -0.019860      0.012736      
358      0.423660      0.007855      0.089115      1.570582      -0.013036      0.005910      
359      0.423490      0.007845      0.088745      1.570635      -0.001397      -0.005731      
360      0.423400      0.007875      0.088585      1.570635      -0.001570      -0.005558      
361      0.423440      0.007885      0.088585      1.570634      -0.001994      -0.005134      
362      0.423570      0.007905      0.088525      1.570639      0.001705      -0.008833      
363      0.423760      0.007935      0.088405      1.570633      0.007508      -0.014638      
364      0.424020      0.007985      0.088185      1.570601      0.015511      -0.022642      
365      0.424320      0.008015      0.087885      1.570545      0.022870      -0.030001      
366      0.424560      0.008075      0.087585      1.570463      0.030252      -0.037385      
367      0.424680      0.008215      0.087475      1.570460      0.030488      -0.037620      
368      0.424800      0.008255      0.087425      1.570460      0.030472      -0.037604      
369      0.424840      0.008245      0.087415      1.570417      0.033614      -0.040746      
370      0.424670      0.008335      0.087205      1.570286      0.041758      -0.048891      
371      0.424680      0.008405      0.087175      1.570273      0.042441      -0.049574      
372      0.424810      0.008365      0.087215      1.570294      0.041271      -0.048404      
373      0.424800      0.008365      0.087185      1.570254      0.043446      -0.050579      
374      0.424800      0.008365      0.087125      1.570274      0.042417      -0.049551      
375      0.424860      0.008375      0.087095      1.570262      0.043061      -0.050195      
376      0.424860      0.008375      0.087025      1.570200      0.046242      -0.053375      
377      0.424710      0.008515      0.086705      1.569982      0.055972      -0.063106      
378      0.424710      0.008775      0.086655      1.569957      0.056962      -0.064096      
379      0.424910      0.008705      0.086825      1.569991      0.055580      -0.062714      
380      0.424810      0.008715      0.086715      1.569709      0.066063      -0.073198      
381      0.424580      0.008855      0.086585      1.569466      0.073861      -0.080996      
382      0.424580      0.008935      0.086655      1.569378      0.076492      -0.083626      
383      0.424700      0.009045      0.086885      1.569438      0.074725      -0.081860      
384      0.424810      0.009125      0.086905      1.569313      0.078377      -0.085511      
385      0.424760      0.009405      0.086565      1.568902      0.089307      -0.096441      
386      0.424810      0.009855      0.086485      1.568527      0.098204      -0.105337      
387      0.424910      0.010305      0.086405      1.568149      0.106401      -0.113534      
388      0.425110      0.010435      0.086245      1.568115      0.107107      -0.114241      
389      0.425450      0.010375      0.086035      1.567695      0.115461      -0.122594      
390      0.425610      0.010575      0.085795      1.567260      0.123500      -0.130632      
391      0.425930      0.010545      0.085905      1.567504      0.119057      -0.126189      
392      0.426190      0.010345      0.085815      1.567800      0.113436      -0.120568      
393      0.426200      0.010315      0.085805      1.567887      0.111724      -0.118857      
394      0.426300      0.010225      0.086005      1.568220      0.104917      -0.112050      
395      0.426290      0.010225      0.085955      1.567915      0.111167      -0.118300      
396      0.426210      0.010205      0.085925      1.567749      0.114417      -0.121550      
397      0.426290      0.010165      0.086135      1.567976      0.109950      -0.117083      
398      0.426360      0.010115      0.086275      1.568036      0.108725      -0.115858      
399      0.426420      0.010065      0.086425      1.568092      0.107571      -0.114704      
400      0.426480      0.010025      0.086495      1.568201      0.105317      -0.112451      
401      0.426490      0.009855      0.086385      1.568045      0.108552      -0.115685      
402      0.426500      0.009675      0.086375      1.568023      0.108984      -0.116117      
403      0.426460      0.009515      0.086335      1.567916      0.111143      -0.118276      
404      0.426330      0.009465      0.086235      1.567662      0.116081      -0.123214      
405      0.426380      0.009255      0.086255      1.567663      0.116066      -0.123198      
406      0.426360      0.009035      0.086125      1.567526      0.118641      -0.125773      
407      0.426290      0.009025      0.085995      1.567404      0.120894      -0.128026      
408      0.426300      0.008965      0.085955      1.567364      0.121624      -0.128756      
409      0.426160      0.008935      0.085655      1.566808      0.131311      -0.138443      
410      0.426190      0.008925      0.085705      1.566642      0.134067      -0.141198      
411      0.426170      0.008815      0.085695      1.566299      0.139585      -0.146715      
412      0.426030      0.008885      0.085645      1.565916      0.145496      -0.152625      
413      0.426060      0.008885      0.085775      1.565811      0.147073      -0.154202      
414      0.426020      0.008885      0.085755      1.565209      0.155809      -0.162937      
415      0.426050      0.008875      0.085895      1.565298      0.154545      -0.161673      
416      0.426210      0.008775      0.086195      1.565541      0.151053      -0.158181      
417      0.426170      0.008845      0.086185      1.565274      0.154891      -0.162018      
418      0.426160      0.008935      0.086105      1.564898      0.160125      -0.167252      
419      0.426310      0.008935      0.086195      1.564836      0.160973      -0.168100      
420      0.426440      0.008955      0.086525      1.564988      0.158893      -0.166020      
421      0.426350      0.008925      0.086455      1.564598      0.164191      -0.171317      
422      0.426230      0.008905      0.086545      1.564390      0.166945      -0.174071      
423      0.426300      0.008655      0.086695      1.564164      0.169888      -0.177013      
424      0.426300      0.008595      0.086705      1.564059      0.171230      -0.178355      
425      0.426350      0.008485      0.086825      1.563793      0.174596      -0.181720      
426      0.426420      0.008355      0.086855      1.563689      0.175899      -0.183023      
427      0.426380      0.008405      0.086855      1.563318      0.180457      -0.187580      
428      0.426260      0.008445      0.086575      1.562413      0.191104      -0.198225      
429      0.426080      0.008635      0.086305      1.561291      0.203530      -0.210647      
430      0.426040      0.008675      0.086245      1.561120      0.205358      -0.212474      
431      0.426130      0.008625      0.086475      1.560969      0.206950      -0.214066      
432      0.425900      0.008735      0.086235      1.559837      0.218558      -0.225671      
433      0.425880      0.008645      0.086325      1.559530      0.221600      -0.228712      
434      0.425900      0.008635      0.086445      1.559542      0.221483      -0.228595      
435      0.425910      0.008645      0.086745      1.559101      0.225780      -0.232891      
436      0.426070      0.008635      0.087195      1.559179      0.225020      -0.232130      
437      0.426070      0.008635      0.087285      1.558317      0.233213      -0.240322      
438      0.426090      0.008755      0.087445      1.557918      0.236914      -0.244021      
439      0.426320      0.008795      0.087935      1.558260      0.233747      -0.240855      
440      0.426450      0.008895      0.088215      1.558131      0.234946      -0.242054      
441      0.426550      0.008935      0.088455      1.558157      0.234703      -0.241811      
442      0.426650      0.008915      0.088695      1.558436      0.232100      -0.239209      
443      0.426630      0.009085      0.088805      1.557833      0.237690      -0.244797      
444      0.426580      0.009185      0.088825      1.557407      0.241563      -0.248669      
445      0.426600      0.009185      0.088835      1.557415      0.241485      -0.248590      
446      0.426700      0.009325      0.089035      1.557146      0.243899      -0.251004      
447      0.426800      0.009365      0.089265      1.557465      0.241038      -0.248144      
448      0.426780      0.009355      0.089375      1.557504      0.240685      -0.247791      
449      0.426710      0.009345      0.089385      1.557385      0.241759      -0.248865      
450      0.426690      0.009375      0.089445      1.557536      0.240395      -0.247501      
451      0.426680      0.009615      0.089425      1.556866      0.246384      -0.253488      
452      0.426700      0.009695      0.089335      1.556535      0.249285      -0.256387      
453      0.426760      0.009725      0.089435      1.556617      0.248571      -0.255674      
454      0.426750      0.009755      0.089495      1.556172      0.252436      -0.259537      
455      0.426660      0.010035      0.089585      1.555413      0.258886      -0.265985      
456      0.426710      0.010025      0.089675      1.555073      0.261723      -0.268821      
457      0.426690      0.010125      0.089615      1.554206      0.268815      -0.275910      
458      0.426690      0.010535      0.089805      1.553343      0.275695      -0.282787      
459      0.426910      0.010535      0.090205      1.553419      0.275091      -0.282184      
460      0.426990      0.010555      0.090375      1.552975      0.278570      -0.285661      
461      0.427020      0.010635      0.090535      1.552205      0.284500      -0.291589      
462      0.427160      0.010535      0.090795      1.551809      0.287508      -0.294595      
463      0.427200      0.010485      0.090875      1.550576      0.296649      -0.303731      
464      0.427120      0.010645      0.090895      1.549485      0.304511      -0.311590      
465      0.427210      0.010655      0.091125      1.549573      0.303885      -0.310964      
466      0.427230      0.010615      0.091085      1.548860      0.308919      -0.315996      
467      0.427160      0.010605      0.090955      1.547934      0.315331      -0.322405      
468      0.427140      0.010615      0.090925      1.548128      0.314000      -0.321075      
469      0.427120      0.010625      0.090825      1.547223      0.320169      -0.327240      
470      0.427140      0.010615      0.090815      1.547348      0.319324      -0.326395      
471      0.427200      0.010635      0.091065      1.547289      0.319723      -0.326794      
472      0.427240      0.010635      0.091085      1.546816      0.322909      -0.329978      
473      0.427390      0.010655      0.091415      1.547081      0.321132      -0.328203      
474      0.427510      0.010685      0.091645      1.547886      0.315660      -0.322734      
475      0.427550      0.010685      0.091745      1.548203      0.313484      -0.320558      
476      0.427610      0.010705      0.091825      1.548511      0.311354      -0.318430      
477      0.427650      0.010645      0.091745      1.548665      0.310282      -0.317358      
478      0.427670      0.010645      0.091915      1.549578      0.303845      -0.310925      
479      0.427740      0.010595      0.092335      1.550702      0.295732      -0.302816      
480      0.427810      0.010375      0.092405      1.552202      0.284524      -0.291612      
481      0.427980      0.010225      0.092725      1.554123      0.269481      -0.276576      
482      0.428120      0.009985      0.092945      1.555993      0.253964      -0.261065      
483      0.428040      0.009895      0.093075      1.556362      0.250790      -0.257892      
484      0.427960      0.009875      0.093105      1.556451      0.250014      -0.257116      
485      0.427700      0.009905      0.093205      1.556931      0.245804      -0.252908      
486      0.427460      0.010055      0.093645      1.557721      0.238717      -0.245824      
487      0.427030      0.010155      0.094315      1.558579      0.230759      -0.237868      
488      0.426910      0.010245      0.094545      1.558847      0.228219      -0.235329      
489      0.426680      0.010385      0.095045      1.559472      0.222173      -0.229285      
490      0.426570      0.010365      0.095815      1.561503      0.201248      -0.208365      
491      0.426500      0.010355      0.096195      1.562289      0.192524      -0.199644      
492      0.426440      0.010345      0.096435      1.563187      0.182035      -0.189157      
493      0.426440      0.010345      0.096805      1.564638      0.163657      -0.170783      
494      0.426450      0.010345      0.097185      1.565717      0.148470      -0.155599      
495      0.426560      0.010315      0.097605      1.566740      0.132450      -0.139581      
496      0.426680      0.010235      0.098195      1.568291      0.103409      -0.110543      
497      0.426680      0.010205      0.098655      1.569183      0.082005      -0.089139      
498      0.426720      0.010215      0.099205      1.569815      0.062365      -0.069499      
499      0.426810      0.010225      0.099775      1.570391      0.035404      -0.042537      
500      0.426980      0.010255      0.100295      1.570615      0.012762      -0.019893      
501      0.427190      0.010185      0.100775      1.570570      -0.014622      0.007496      
502      0.427380      0.010065      0.101175      1.570208      -0.040466      0.033346      
503      0.427530      0.009895      0.101435      1.569629      -0.063386      0.056272      
504      0.427690      0.009555      0.101705      1.568560      -0.092104      0.084999      
505      0.427860      0.009275      0.102065      1.566684      -0.128011      0.120920      
506      0.428090      0.008925      0.102565      1.564636      -0.158311      0.151234      
507      0.428340      0.008375      0.103145      1.561529      -0.195585      0.188528      
508      0.428550      0.008005      0.104105      1.556200      -0.246804      0.239779      
509      0.428640      0.007775      0.104925      1.551420      -0.285021      0.278023      
510      0.428720      0.007445      0.105745      1.547617      -0.312091      0.305115      
511      0.428730      0.007295      0.106755      1.542391      -0.345826      0.338878      
512      0.428670      0.007255      0.107675      1.538407      -0.369456      0.362531      
513      0.428490      0.007205      0.108685      1.534212      -0.392782      0.385879      
514      0.428110      0.007175      0.109515      1.529178      -0.419030      0.412154      
515      0.427780      0.007135      0.110285      1.524639      -0.441328      0.434476      
516      0.427560      0.007105      0.110985      1.520568      -0.460386      0.453555      
517      0.427490      0.007075      0.111765      1.513358      -0.492280      0.485487      
518      0.427690      0.006875      0.112855      1.503870      -0.531238      0.524494      
519      0.427990      0.006535      0.113725      1.499577      -0.547915      0.541193      
520      0.428200      0.006435      0.114305      1.496187      -0.560720      0.554015      
521      0.428260      0.006225      0.114455      1.495456      -0.563441      0.556740      
522      0.428160      0.006195      0.114525      1.495262      -0.564162      0.557462      
523      0.428060      0.006175      0.114665      1.492868      -0.572966      0.566279      
524      0.427860      0.006145      0.114805      1.490867      -0.580218      0.573541      
525      0.427530      0.006175      0.115055      1.487278      -0.592988      0.586328      
526      0.427160      0.006125      0.115315      1.483610      -0.605749      0.599109      
527      0.426620      0.006235      0.115665      1.480821      -0.615263      0.608637      
528      0.425890      0.006345      0.116135      1.475746      -0.632183      0.625582      
529      0.424980      0.006475      0.116735      1.472105      -0.644031      0.637448      
530      0.424450      0.006585      0.117055      1.469903      -0.651087      0.644515      
531      0.423940      0.006615      0.117355      1.468499      -0.655540      0.648975      
532      0.423460      0.006615      0.117655      1.466855      -0.660717      0.654160      
533      0.422430      0.006665      0.118285      1.459672      -0.682835      0.676315      
534      0.421410      0.006745      0.118885      1.453977      -0.699838      0.693346      
535      0.420450      0.006805      0.119475      1.446511      -0.721468      0.715013      
536      0.419580      0.006835      0.119965      1.440254      -0.739069      0.732645      
537      0.418840      0.006905      0.120385      1.434095      -0.755952      0.749559      
538      0.418200      0.006935      0.120755      1.425768      -0.778141      0.771789      
539      0.417620      0.006985      0.121075      1.417460      -0.799600      0.793289      
540      0.417090      0.006895      0.121395      1.408096      -0.823043      0.816778      
541      0.416620      0.006835      0.121655      1.401852      -0.838266      0.832032      
542      0.416160      0.006755      0.121905      1.396111      -0.851993      0.845787      
543      0.415720      0.006665      0.122165      1.390260      -0.865729      0.859552      
544      0.415310      0.006575      0.122395      1.382755      -0.882993      0.876852      
545      0.414880      0.006505      0.122625      1.373145      -0.904549      0.898456      
546      0.414440      0.006355      0.122885      1.361840      -0.929172      0.923134      
547      0.413880      0.006245      0.123195      1.349966      -0.954242      0.948261      
548      0.413200      0.006105      0.123575      1.344207      -0.966126      0.960173      
549      0.412540      0.005975      0.123915      1.343802      -0.966956      0.961005      
550      0.411860      0.005745      0.124265      1.340965      -0.972742      0.966805      
551      0.411120      0.005625      0.124635      1.337687      -0.979376      0.973455      
552      0.410460      0.005495      0.124965      1.336189      -0.982390      0.976477      
553      0.409910      0.005205      0.125265      1.330447      -0.993845      0.987959      
554      0.409360      0.004855      0.125555      1.321927      -1.010555      1.004711      
