80      74.553175      0.087270      
81      74.168709      0.087270      
82      73.969887      0.087270      
83      73.751584      0.087270      
84      72.865765      0.087270      
85      72.010887      0.087270      
86      71.447079      0.087270      
87      71.286647      0.087270      
88      71.154862      0.087270      
89      70.658093      0.087270      
90      70.226643      0.087270      
91      69.955626      0.087270      
92      69.258889      0.087270      
93      68.873850      0.087270      
94      68.294000      0.087270      
95      68.131848      0.087270      
96      67.941620      0.087270      
97      67.692949      0.087270      
98      67.510170      0.087270      
99      67.301608      0.087270      
100      67.057520      0.087270      
101      66.775617      0.087270      
102      66.665606      0.087270      
103      66.577940      0.087270      
104      66.229572      0.087270      
105      65.967149      0.087270      
106      65.769473      0.087270      
107      65.586121      0.087270      
108      65.195926      0.087270      
109      65.003406      0.087270      
110      64.510648      0.087270      
111      63.699889      0.087270      
112      63.417985      0.087270      
113      62.689161      0.087270      
114      62.176922      0.087270      
115      61.487633      0.087270      
116      61.210314      0.087270      
117      60.737609      0.087270      
118      60.368041      0.087270      
119      60.009359      0.087270      
120      59.497692      0.087270      
121      58.722457      0.087270      
122      58.289862      0.087270      
123      57.827471      0.087270      
124      57.402897      0.087270      
125      57.224702      0.087270      
126      56.745695      0.087270      
127      56.598440      0.087270      
128      56.228872      0.087270      
129      55.444469      0.087270      
130      55.187204      0.087270      
131      54.858316      0.087270      
132      54.717364      0.087270      
133      54.238930      0.087270      
134      53.410982      0.087270      
135      53.066051      0.087270      
136      52.446093      0.087270      
137      51.892599      0.087270      
138      51.079548      0.087270      
139      50.149610      0.087270      
140      49.059239      0.087270      
141      48.482827      0.087270      
142      47.855419      0.087270      
143      47.292185      0.087270      
144      47.048671      0.087270      
145      46.744994      0.087270      
146      46.623524      0.087270      
147      46.369696      0.087270      
148      46.350215      0.087270      
149      45.800732      0.087270      
150      44.975649      0.087270      
151      44.284068      0.087270      
152      43.289957      0.087270      
153      42.803502      0.087270      
154      42.285532      0.087270      
155      41.806526      0.087270      
156      41.779023      0.087270      
157      41.506287      0.087270      
158      40.747668      0.087270      
159      39.766736      0.087270      
160      39.357059      0.087270      
161      39.199491      0.087270      
162      38.836798      0.087270      
163      38.836225      0.087270      
164      38.681522      0.087270      
165      38.356072      0.087270      
166      37.861022      0.087270      
167      37.432437      0.087270      
168      37.000414      0.087270      
169      36.649180      0.087270      
170      36.320866      0.087270      
171      35.987395      0.087270      
172      35.575999      0.087270      
173      35.385198      0.087270      
174      35.311284      0.087270      
175      35.076365      0.087270      
176      35.025943      0.087270      
177      34.904472      0.087270      
178      34.774980      0.087270      
179      34.659239      0.087270      
180      34.325195      0.087270      
181      34.034124      0.087270      
182      33.745345      0.087270      
183      33.681171      0.087270      
184      33.571160      0.087270      
185      33.197581      0.087270      
186      32.818845      0.087270      
187      31.972561      0.087270      
188      31.722171      0.087270      
189      31.085596      0.087270      
190      30.226134      0.087270      
191      29.603311      0.087270      
192      29.203374      0.087270      
193      27.652905      0.087270      
194      26.798026      0.087270      
195      26.497788      0.087270      
196      24.883718      0.087270      
197      23.959510      0.087270      
198      23.892472      0.087270      
199      23.559573      0.087270      
200      23.066242      0.087270      
201      22.905236      0.087270      
202      22.654273      0.087270      
203      21.691103      0.087270      
204      21.439567      0.087270      
205      21.581665      0.087270      
206      21.655579      0.087270      
207      21.785644      0.087270      
208      21.877893      0.087270      
209      21.855547      0.087270      
210      21.922012      0.087270      
211      21.994207      0.087270      
212      21.921439      0.087270      
213      21.824606      0.087270      
214      21.669903      0.087270      
215      21.576508      0.087270      
216      21.267675      0.087270      
217      21.115263      0.087270      
218      20.982906      0.087270      
219      20.739392      0.087270      
220      20.118860      0.087270      
221      20.193347      0.087270      
222      19.869616      0.087270      
223      19.378004      0.087270      
224      19.222155      0.087270      
225      18.983225      0.087270      
226      18.492185      0.087270      
227      18.243514      0.087270      
228      17.946140      0.087270      
229      17.464842      0.087270      
230      17.383479      0.087270      
231      17.101003      0.087270      
232      16.619131      0.087270      
233      16.168200      0.087270      
234      16.088556      0.087270      
235      15.938437      0.087270      
236      15.163202      0.087270      
237      14.730033      0.087270      
238      14.494541      0.087270      
239      13.810982      0.087270      
240      13.157218      0.087270      
241      12.784784      0.087270      
242      12.727487      0.087270      
243      12.516632      0.087270      
244      12.258221      0.087270      
245      11.733376      0.087270      
246      11.478975      0.087270      
247      11.337450      0.087270      
248      10.684832      0.087270      
249      10.276301      0.087270      
250      10.306669      0.087270      
251      10.287761      0.087270      
252      10.280885      0.087270      
253      10.432150      0.087270      
254      10.354226      0.087270      
255      10.353080      0.087270      
256      10.338755      0.087270      
257      10.187490      0.087270      
258      10.090657      0.087270      
259      9.621964      0.087270      
260      9.227184      0.087270      
261      8.916059      0.087270      
262      8.438771      0.087270      
263      8.279484      0.087270      
264      7.492790      0.087270      
265      6.927837      0.087270      
266      6.617858      0.087270      
267      6.543944      0.087270      
268      6.122808      0.087270      
269      5.779023      0.087270      
270      5.690212      0.087270      
271      4.979723      0.087270      
272      4.566035      0.087270      
273      4.462900      0.087270      
274      3.712303      0.087270      
275      3.135318      0.087270      
276      3.247621      0.087270      
277      3.156518      0.087270      
278      3.060831      0.087270      
279      2.954830      0.087270      
280      2.508483      0.087270      
281      2.340602      0.087270      
282      2.227726      0.087270      
283      1.858730      0.087270      
284      1.623810      0.087270      
285      1.580837      0.087270      
286      1.292631      0.087270      
287      0.976349      0.087270      
288      0.917905      0.087270      
289      0.367850      0.087270      
290      -0.251536      0.087270      
291      -0.101989      0.087270      
292      -0.480726      0.087270      
293      -1.092663      0.087270      
294      -1.244501      0.087270      
295      -1.223874      0.087270      
296      -1.518383      0.087270      
297      -1.642718      0.087270      
298      -1.934363      0.087270      
299      -2.222569      0.087270      
300      -2.357791      0.087270      
301      -2.339456      0.087270      
302      -2.475251      0.087270      
303      -2.689543      0.087270      
304      -2.993793      0.087270      
305      -3.264810      0.087270      
306      -3.703135      0.087270      
307      -3.759287      0.087270      
308      -3.884768      0.087270      
309      -4.532803      0.087270      
310      -4.845074      0.087270      
311      -5.274805      0.087270      
312      -5.852936      0.087270      
313      -6.228808      0.087270      
314      -6.570874      0.087270      
315      -7.146140      0.087270      
316      -7.332930      0.087270      
317      -7.762661      0.087270      
318      -8.184371      0.087270      
319      -8.223333      0.087270      
320      -8.564826      0.087270      
321      -8.634156      0.087270      
322      -8.750470      0.087270      
323      -8.976795      0.087270      
324      -8.913194      0.087270      
325      -8.971065      0.087270      
326      -9.028362      0.087270      
327      -9.102276      0.087270      
328      -9.267866      0.087270      
329      -9.639153      0.087270      
330      -9.846570      0.087270      
331      -10.501480      0.087270      
332      -10.909438      0.087270      
333      -10.843546      0.087270      
334      -10.975903      0.087270      
335      -11.307656      0.087270      
336      -11.201655      0.087270      
337      -11.180455      0.087270      
338      -11.113417      0.087270      
339      -11.191342      0.087270      
340      -11.102531      0.087270      
341      -10.976476      0.087270      
342      -10.950119      0.087270      
343      -11.022314      0.087270      
344      -10.710043      0.087270      
345      -10.398918      0.087270      
346      -9.939965      0.087270      
347      -9.015757      0.087270      
348      -8.622123      0.087270      
349      -7.793029      0.087270      
350      -7.393092      0.087270      
351      -6.756518      0.087270      
352      -5.512017      0.087270      
353      -4.336845      0.087270      
354      -3.844087      0.087270      
355      -3.062550      0.087270      
356      -2.008276      0.087270      
357      -0.484164      0.087270      
358      0.537450      0.087270      
359      1.092663      0.087270      
360      2.318829      0.087270      
361      3.419513      0.087270      
362      4.804393      0.087270      
363      6.176667      0.087270      
364      7.409709      0.087270      
365      8.891421      0.087270      
366      9.678116      0.087270      
367      9.974916      0.087270      
368      10.368550      0.087270      
369      12.011841      0.087270      
370      13.784625      0.087270      
371      14.951775      0.087270      
372      16.842591      0.087270      
373      18.699602      0.087270      
374      19.439312      0.087270      
375      20.668916      0.087270      
376      22.083018      0.087270      
377      22.795798      0.087270      
378      23.960656      0.087270      
379      25.018367      0.087270      
380      26.153430      0.087270      
381      26.871367      0.087270      
382      28.648162      0.087270      
383      30.540697      0.087270      
384      31.857393      0.087270      
385      32.994748      0.087270      
386      33.482922      0.087270      
387      34.083400      0.087270      
388      34.805921      0.087270      
389      35.590323      0.087270      
390      36.902435      0.087270      
391      37.958428      0.087270      
392      38.667197      0.087270      
393      39.954098      0.087270      
394      40.470922      0.087270      
395      41.682190      0.087270      
396      43.455547      0.087270      
397      45.578418      0.087270      
398      47.587840      0.087270      
399      50.306605      0.087270      
400      52.295973      0.087270      
401      53.055738      0.087270      
402      54.152411      0.087270      
403      54.746586      0.087270      
404      55.420977      0.087270      
405      55.632405      0.087270      
406      56.190482      0.087270      
407      56.564635      0.087270      
408      57.018431      0.087270      
409      57.477383      0.087270      
410      58.925863      0.087270      
411      59.879866      0.087270      
412      60.433360      0.087270      
413      61.185676      0.087270      
414      61.747191      0.087270      
415      62.566545      0.087270      
416      63.388763      0.087270      
417      64.793697      0.087270      
418      66.118415      0.087270      
419      66.412924      0.087270      
420      66.865574      0.087270      
421      67.400159      0.087270      
422      67.713003      0.087270      
423      68.479643      0.087270      
424      68.961515      0.087270      
425      70.161324      0.087270      
426      70.959478      0.087270      
427      71.305555      0.087270      
428      71.707783      0.087270      
429      72.441763      0.087270      
430      72.747732      0.087270      
431      73.854719      0.087270      
432      74.152666      0.087270      
