57      74.947955      0.087270      
58      73.762470      0.087270      
59      73.181474      0.087270      
60      72.873213      0.087270      
61      71.947286      0.087270      
62      70.868948      0.087270      
63      70.021518      0.087270      
64      69.001050      0.087270      
65      68.314054      0.087270      
66      68.072831      0.087270      
67      67.248894      0.087270      
68      66.304632      0.087270      
69      65.233169      0.087270      
70      64.420118      0.087270      
71      63.874073      0.087270      
72      63.110871      0.087270      
73      62.527009      0.087270      
74      62.139106      0.087270      
75      60.927264      0.087270      
76      59.827153      0.087270      
77      59.392265      0.087270      
78      58.522489      0.087270      
79      58.052077      0.087270      
80      57.151934      0.087270      
81      56.402483      0.087270      
82      55.463950      0.087270      
83      54.327169      0.087270      
84      53.877383      0.087270      
85      53.145695      0.087270      
86      52.179086      0.087270      
87      51.771128      0.087270      
88      50.965526      0.087270      
89      50.037307      0.087270      
90      49.542830      0.087270      
91      48.922298      0.087270      
92      48.324686      0.087270      
93      47.128314      0.087270      
94      46.865892      0.087270      
95      46.168582      0.087270      
96      45.410536      0.087270      
97      44.777972      0.087270      
98      44.247398      0.087270      
99      43.212032      0.087270      
100      42.368614      0.087270      
101      42.062072      0.087270      
102      41.639217      0.087270      
103      41.296578      0.087270      
104      40.617603      0.087270      
105      39.706000      0.087270      
106      38.955403      0.087270      
107      38.157823      0.087270      
108      37.843260      0.087270      
109      37.156263      0.087270      
110      36.598759      0.087270      
111      35.930670      0.087270      
112      35.133089      0.087270      
113      34.347541      0.087270      
114      33.667420      0.087270      
115      32.997040      0.087270      
116      32.884737      0.087270      
117      32.471049      0.087270      
118      31.977145      0.087270      
119      31.367500      0.087270      
120      31.032309      0.087270      
121      30.698265      0.087270      
122      30.428394      0.087270      
123      30.249053      0.087270      
124      29.860003      0.087270      
125      29.536845      0.087270      
126      29.289320      0.087270      
127      29.238899      0.087270      
128      29.064714      0.087270      
129      28.893395      0.087270      
130      28.705459      0.087270      
131      28.500907      0.087270      
132      28.206398      0.087270      
133      27.729683      0.087270      
134      26.933821      0.087270      
135      26.796307      0.087270      
136      26.455388      0.087270      
137      26.239376      0.087270      
138      26.166608      0.087270      
139      25.883559      0.087270      
140      25.499093      0.087270      
141      25.230368      0.087270      
142      24.420754      0.087270      
143      23.744644      0.087270      
144      23.227821      0.087270      
145      22.733917      0.087270      
146      22.161515      0.087270      
147      21.493427      0.087270      
148      21.275696      0.087270      
149      20.526245      0.087270      
150      19.958428      0.087270      
151      19.421550      0.087270      
152      18.926500      0.087270      
153      18.489320      0.087270      
154      17.796594      0.087270      
155      17.252268      0.087270      
156      17.039694      0.087270      
157      16.816234      0.087270      
158      16.137832      0.087270      
159      15.573452      0.087270      
160      15.054337      0.087270      
161      14.812542      0.087270      
162      14.844628      0.087270      
163      14.711125      0.087270      
164      14.453287      0.087270      
165      14.389113      0.087270      
166      14.310043      0.087270      
167      13.886615      0.087270      
168      13.494127      0.087270      
169      13.208786      0.087270      
170      12.675919      0.087270      
171      12.155085      0.087270      
172      11.807862      0.087270      
173      11.699570      0.087270      
174      11.183893      0.087270      
175      10.899698      0.087270      
176      10.795416      0.087270      
177      10.657329      0.087270      
178      10.590291      0.087270      
179      10.419545      0.087270      
180      10.343912      0.087270      
181      10.246506      0.087270      
182      10.030495      0.087270      
183      9.748591      0.087270      
184      9.686137      0.087270      
185      9.735986      0.087270      
186      9.329174      0.087270      
187      9.006016      0.087270      
188      8.888556      0.087270      
189      8.654783      0.087270      
190      8.434760      0.087270      
191      8.167754      0.087270      
192      7.591915      0.087270      
193      7.426325      0.087270      
194      7.234378      0.087270      
195      7.013783      0.087270      
196      6.921534      0.087270      
197      6.843610      0.087270      
198      6.923253      0.087270      
199      6.619004      0.087270      
200      6.380646      0.087270      
201      6.428776      0.087270      
202      5.954926      0.087270      
203      5.835747      0.087270      
204      5.836893      0.087270      
205      5.669012      0.087270      
206      5.669012      0.087270      
207      5.489098      0.087270      
208      5.250167      0.087270      
209      4.794079      0.087270      
210      4.303040      0.087270      
211      4.215375      0.087270      
212      4.066401      0.087270      
213      3.891071      0.087270      
214      3.749546      0.087270      
215      3.723190      0.087270      
216      3.654433      0.087270      
217      3.535827      0.087270      
218      3.463632      0.087270      
219      3.304918      0.087270      
220      3.286583      0.087270      
221      3.019577      0.087270      
222      2.766322      0.087270      
223      2.597867      0.087270      
224      2.364667      0.087270      
225      1.922903      0.087270      
226      1.716059      0.087270      
227      1.666783      0.087270      
228      1.598599      0.087270      
229      1.505205      0.087270      
230      1.261117      0.087270      
231      1.288620      0.087270      
232      1.129333      0.087270      
233      0.918478      0.087270      
234      0.686424      0.087270      
235      0.224033      0.087270      
236      0.062454      0.087270      
237      -0.085946      0.087270      
238      -0.433742      0.087270      
239      -0.654337      0.087270      
240      -0.717937      0.087270      
241      -0.859462      0.087270      
242      -1.009008      0.087270      
243      -1.280598      0.087270      
244      -1.529269      0.087270      
245      -1.615789      0.087270      
246      -1.700589      0.087270      
247      -1.901130      0.087270      
248      -2.018017      0.087270      
249      -2.145790      0.087270      
250      -2.222569      0.087270      
251      -2.443737      0.087270      
252      -2.658603      0.087270      
253      -2.945090      0.087270      
254      -3.036766      0.087270      
255      -3.114690      0.087270      
256      -3.202929      0.087270      
257      -3.463059      0.087270      
258      -3.716314      0.087270      
259      -3.871590      0.087270      
260      -3.978163      0.087270      
261      -4.045201      0.087270      
262      -4.077288      0.087270      
263      -4.107656      0.087270      
264      -4.179277      0.087270      
265      -4.373516      0.087270      
266      -4.352316      0.087270      
267      -4.407894      0.087270      
268      -4.378100      0.087270      
269      -4.596976      0.087270      
270      -4.598122      0.087270      
271      -4.658284      0.087270      
272      -4.757409      0.087270      
273      -4.817571      0.087270      
274      -4.913258      0.087270      
275      -4.971701      0.087270      
276      -4.887474      0.087270      
277      -5.031864      0.087270      
278      -5.317205      0.087270      
279      -5.541811      0.087270      
280      -5.807099      0.087270      
281      -5.760688      0.087270      
282      -5.828299      0.087270      
283      -5.956645      0.087270      
284      -5.965240      0.087270      
285      -6.181824      0.087270      
286      -6.181824      0.087270      
287      -6.353716      0.087270      
288      -6.526182      0.087270      
289      -6.530766      0.087270      
290      -6.837880      0.087270      
291      -6.985134      0.087270      
292      -7.161038      0.087270      
293      -7.309438      0.087270      
294      -7.281362      0.087270      
295      -7.449817      0.087270      
296      -7.575871      0.087270      
297      -7.642909      0.087270      
298      -7.699061      0.087270      
299      -7.720261      0.087270      
300      -7.857775      0.087270      
301      -7.946013      0.087270      
302      -7.934554      0.087270      
303      -8.132230      0.087270      
304      -8.070349      0.087270      
305      -8.147127      0.087270      
306      -8.233646      0.087270      
307      -8.226198      0.087270      
308      -8.235938      0.087270      
309      -8.369441      0.087270      
310      -8.384912      0.087270      
311      -8.510966      0.087270      
312      -8.662804      0.087270      
313      -8.670826      0.087270      
314      -8.688588      0.087270      
315      -8.697756      0.087270      
316      -8.633583      0.087270      
317      -8.692599      0.087270      
318      -8.673691      0.087270      
319      -8.669107      0.087270      
320      -8.535604      0.087270      
321      -8.549928      0.087270      
322      -8.422728      0.087270      
323      -8.442782      0.087270      
324      -8.483463      0.087270      
325      -8.325895      0.087270      
326      -8.456534      0.087270      
327      -8.489193      0.087270      
328      -8.576285      0.087270      
329      -8.439917      0.087270      
330      -8.443928      0.087270      
331      -8.488047      0.087270      
332      -8.474296      0.087270      
333      -8.537323      0.087270      
334      -8.780264      0.087270      
335      -8.939551      0.087270      
336      -8.949865      0.087270      
337      -9.273595      0.087270      
338      -9.347509      0.087270      
339      -9.603629      0.087270      
340      -10.188636      0.087270      
341      -10.258539      0.087270      
342      -10.437307      0.087270      
343      -10.488875      0.087270      
344      -10.432723      0.087270      
345      -10.458507      0.087270      
346      -10.340474      0.087270      
347      -10.384020      0.087270      
348      -10.366258      0.087270      
349      -10.255101      0.087270      
350      -10.167436      0.087270      
351      -9.976635      0.087270      
352      -9.732548      0.087270      
353      -9.258125      0.087270      
354      -8.580869      0.087270      
355      -7.405125      0.087270      
356      -6.241413      0.087270      
357      -5.614579      0.087270      
358      -3.993061      0.087270      
359      -2.240331      0.087270      
360      -0.818208      0.087270      
361      0.573548      0.087270      
362      1.690275      0.087270      
363      3.010409      0.087270      
364      3.873309      0.087270      
365      5.686201      0.087270      
366      7.387363      0.087270      
367      9.472418      0.087270      
368      10.656756      0.087270      
369      12.344740      0.087270      
370      14.002356      0.087270      
371      14.702531      0.087270      
372      16.713672      0.087270      
373      18.352379      0.087270      
374      20.283877      0.087270      
375      21.841795      0.087270      
376      23.385962      0.087270      
377      24.604679      0.087270      
378      25.017794      0.087270      
379      26.219322      0.087270      
380      27.517110      0.087270      
381      28.072322      0.087270      
382      28.431004      0.087270      
383      29.872609      0.087270      
384      30.619195      0.087270      
385      31.264364      0.087270      
386      32.869839      0.087270      
387      34.150438      0.087270      
388      34.866083      0.087270      
389      35.963903      0.087270      
390      36.774089      0.087270      
391      37.332739      0.087270      
392      38.766895      0.087270      
393      40.542543      0.087270      
394      41.420341      0.087270      
395      42.111921      0.087270      
396      43.464714      0.087270      
397      44.761929      0.087270      
398      45.605348      0.087270      
399      47.016584      0.087270      
400      48.367086      0.087270      
401      49.261499      0.087270      
402      50.408022      0.087270      
403      50.993602      0.087270      
404      51.460003      0.087270      
405      52.263314      0.087270      
406      53.176635      0.087270      
407      53.488334      0.087270      
408      54.138087      0.087270      
409      55.203247      0.087270      
410      56.009422      0.087270      
411      57.045933      0.087270      
412      57.668184      0.087270      
413      58.006239      0.087270      
414      58.535095      0.087270      
415      60.001337      0.087270      
416      60.784020      0.087270      
417      61.287665      0.087270      
418      62.449085      0.087270      
419      63.246666      0.087270      
420      64.021327      0.087270      
421      65.009136      0.087270      
422      65.448034      0.087270      
423      66.102371      0.087270      
424      67.339997      0.087270      
425      68.161643      0.087270      
426      69.040013      0.087270      
427      70.655801      0.087270      
428      71.861340      0.087270      
429      73.017603      0.087270      
430      73.514372      0.087270      
431      74.428267      0.087270      
