192      74.900398      0.087270      
193      74.604743      0.087270      
194      74.365813      0.087270      
195      74.030049      0.087270      
196      73.677670      0.087270      
197      73.303517      0.087270      
198      72.909884      0.087270      
199      72.534012      0.087270      
200      72.134649      0.087270      
201      71.939265      0.087270      
202      71.426452      0.087270      
203      71.046570      0.087270      
204      70.552666      0.087270      
205      69.943021      0.087270      
206      69.532198      0.087270      
207      68.999332      0.087270      
208      68.535222      0.087270      
209      68.157632      0.087270      
210      67.954799      0.087270      
211      67.721025      0.087270      
212      67.330829      0.087270      
213      66.940633      0.087270      
214      65.976890      0.087270      
215      65.291612      0.087270      
216      64.750724      0.087270      
217      64.331880      0.087270      
218      64.024192      0.087270      
219      63.827662      0.087270      
220      63.525704      0.087270      
221      63.274741      0.087270      
222      62.949292      0.087270      
223      62.660512      0.087270      
224      62.302976      0.087270      
225      61.551233      0.087270      
226      61.114627      0.087270      
227      60.946172      0.087270      
228      60.537068      0.087270      
229      60.318765      0.087270      
230      60.035142      0.087270      
231      59.737769      0.087270      
232      59.219226      0.087270      
233      58.933312      0.087270      
234      58.717301      0.087270      
235      58.227407      0.087270      
236      57.670476      0.087270      
237      57.386280      0.087270      
238      56.761738      0.087270      
239      55.722362      0.087270      
240      55.391756      0.087270      
241      55.003852      0.087270      
242      54.724240      0.087270      
243      54.386185      0.087270      
244      54.017762      0.087270      
245      53.963903      0.087270      
246      53.896292      0.087270      
247      53.520993      0.087270      
248      53.066051      0.087270      
249      52.934267      0.087270      
250      52.681012      0.087270      
251      52.007194      0.087270      
252      51.625593      0.087270      
253      51.370046      0.087270      
254      50.892758      0.087270      
255      50.664141      0.087270      
256      49.742798      0.087270      
257      49.292440      0.087270      
258      48.871876      0.087270      
259      48.436416      0.087270      
260      48.195766      0.087270      
261      47.893809      0.087270      
262      47.365526      0.087270      
263      47.093363      0.087270      
264      46.950119      0.087270      
265      46.779946      0.087270      
266      46.391469      0.087270      
267      45.994971      0.087270      
268      44.830686      0.087270      
269      44.210727      0.087270      
270      43.653796      0.087270      
271      43.281362      0.087270      
272      42.922107      0.087270      
273      42.774280      0.087270      
274      42.515868      0.087270      
275      42.145154      0.087270      
276      41.618017      0.087270      
277      41.432946      0.087270      
278      41.118956      0.087270      
279      40.437116      0.087270      
280      39.627503      0.087270      
281      38.968582      0.087270      
282      38.630527      0.087270      
283      38.119433      0.087270      
284      37.615789      0.087270      
285      36.888684      0.087270      
286      36.229763      0.087270      
287      35.743307      0.087270      
288      35.326182      0.087270      
289      34.950883      0.087270      
290      34.649499      0.087270      
291      34.046729      0.087270      
292      33.451409      0.087270      
293      32.578768      0.087270      
294      31.922139      0.113940      
295      31.527933      0.159940      
296      31.109088      0.143280      
297      30.639249      0.187870      
298      30.043928      0.235460      
299      29.652586      0.259120      
300      28.860735      0.305420      
301      28.622378      0.375150      
302      28.343912      0.422560      
303      28.184625      0.436330      
304      28.078052      0.436330      
305      28.117587      0.436330      
306      28.111857      0.436330      
307      28.040809      0.436330      
308      28.028203      0.436330      
309      28.113003      0.436330      
310      28.439026      0.436330      
311      28.263696      0.436330      
312      28.043673      0.436330      
313      28.131912      0.436330      
314      27.936527      0.394400      
315      28.014452      0.348410      
316      28.181760      0.324680      
317      28.155976      0.277130      
318      28.130766      0.208820      
319      28.261404      0.161320      
320      28.305523      0.116340      
321      28.550183      0.087270      
322      28.531275      0.087270      
323      28.478561      0.087270      
324      28.468248      0.087270      
325      28.429858      0.087270      
326      28.359382      0.087270      
327      28.444183      0.087270      
328      28.582843      0.087270      
329      28.778800      0.087270      
330      28.712908      0.087270      
331      28.451631      0.087270      
332      28.378291      0.087270      
333      27.894700      0.087270      
334      27.628267      0.087270      
335      27.124049      0.087270      
336      26.878816      0.087270      
337      26.587172      0.087270      
338      26.317301      0.087270      
339      26.018208      0.087270      
340      25.899029      0.087270      
341      25.547796      0.087270      
342      24.894604      0.087270      
343      24.153748      0.087270      
344      23.516027      0.087270      
345      22.693236      0.087270      
346      22.110520      0.087270      
347      22.085883      0.087270      
348      21.926596      0.087270      
349      21.845233      0.087270      
350      21.710011      0.087270      
351      21.456183      0.087270      
352      21.311794      0.087270      
353      21.093490      0.087270      
354      20.994939      0.087270      
355      20.764030      0.087270      
356      20.623078      0.087270      
357      20.192774      0.087270      
358      19.963011      0.087270      
359      19.675951      0.087270      
360      19.532134      0.087270      
361      19.220436      0.087270      
362      19.117874      0.087270      
363      18.720229      0.087270      
364      18.556931      0.087270      
365      18.331752      0.087270      
366      18.336909      0.087270      
367      18.006303      0.087270      
368      17.761070      0.087270      
369      17.764507      0.087270      
370      17.491771      0.087270      
371      17.284355      0.087270      
372      16.868948      0.087270      
373      16.311444      0.087270      
374      16.116059      0.087270      
375      15.791183      0.087270      
376      15.390673      0.087270      
377      15.218781      0.087270      
378      14.885883      0.087270      
379      14.731752      0.087270      
380      14.217221      0.087270      
381      13.853382      0.087270      
382      13.479803      0.087270      
383      13.191596      0.087270      
384      12.521789      0.087270      
385      12.133312      0.087270      
386      11.892090      0.087270      
387      11.458348      0.087270      
388      11.467516      0.087270      
389      11.321980      0.087270      
390      11.013720      0.087270      
391      10.995384      0.087270      
392      10.749005      0.087270      
393      10.349642      0.087270      
394      9.884386      0.087270      
395      9.538310      0.087270      
396      9.397931      0.087270      
397      9.059303      0.087270      
398      8.643896      0.087270      
399      8.467420      0.087270      
400      8.264587      0.087270      
401      7.840586      0.087270      
402      7.429190      0.087270      
403      6.814961      0.087270      
404      6.214484      0.087270      
405      6.157759      0.087270      
406      5.862104      0.087270      
407      5.684482      0.087270      
408      5.439822      0.087270      
409      5.134999      0.087270      
410      4.785485      0.087270      
411      4.386694      0.087270      
412      3.774184      0.087270      
413      3.389145      0.087270      
414      2.993220      0.087270      
415      2.832214      0.087270      
416      2.667197      0.087270      
417      2.310234      0.087270      
418      2.252936      0.087270      
419      2.018017      0.087270      
420      1.740124      0.087270      
421      1.603756      0.087270      
422      1.511507      0.087270      
423      1.356231      0.087270      
424      0.721375      0.087270      
425      0.406812      0.087270      
426      -0.225752      0.087270      
427      -0.794716      0.087270      
428      -1.127614      0.087270      
429      -1.408372      0.087270      
430      -1.447334      0.087270      
431      -1.510934      0.087270      
432      -1.751584      0.087270      
433      -1.715486      0.087270      
434      -2.193347      0.087270      
435      -2.367531      0.087270      
436      -2.319402      0.087270      
437      -2.235747      0.087270      
438      -2.217412      0.087270      
439      -2.462645      0.087270      
440      -2.663759      0.087270      
441      -2.950820      0.087270      
442      -3.062550      0.087270      
443      -3.213815      0.087270      
444      -3.467643      0.087270      
445      -3.508897      0.087270      
446      -3.587968      0.087270      
447      -3.817157      0.087270      
448      -3.995926      0.087270      
449      -4.103645      0.087270      
450      -4.366067      0.087270      
451      -4.446857      0.087270      
452      -4.594684      0.087270      
453      -4.653127      0.087270      
454      -4.855388      0.087270      
455      -4.888620      0.087270      
456      -5.066815      0.087270      
457      -5.258189      0.087270      
458      -5.419195      0.087270      
459      -5.453573      0.087270      
460      -5.698233      0.087270      
461      -5.827726      0.087270      
462      -6.047748      0.087270      
463      -6.137132      0.087270      
464      -6.291262      0.087270      
465      -6.829285      0.087270      
466      -6.987426      0.087270      
467      -7.139838      0.087270      
468      -7.360433      0.087270      
469      -7.523731      0.087270      
470      -7.647493      0.087270      
471      -7.850326      0.087270      
472      -7.849753      0.087270      
473      -7.943148      0.087270      
474      -8.158014      0.087270      
475      -8.331625      0.087270      
476      -8.454815      0.087270      
477      -8.601496      0.087270      
478      -8.882827      0.087270      
479      -9.094254      0.087270      
480      -9.397358      0.087270      
481      -9.565240      0.087270      
482      -9.747445      0.087270      
483      -10.129620      0.087270      
484      -10.371988      0.087270      
485      -10.532421      0.087270      
486      -10.752443      0.087270      
487      -10.766194      0.087270      
488      -10.858443      0.087270      
489      -11.060131      0.087270      
490      -11.236034      0.087270      
491      -11.445170      0.087270      
492      -11.524240      0.087270      
493      -11.564348      0.087270      
494      -11.787808      0.087270      
495      -11.836511      0.087270      
496      -12.235875      0.087270      
497      -12.578513      0.087270      
498      -12.906255      0.087270      
499      -13.541111      0.087270      
500      -13.847652      0.087270      
501      -14.358173      0.087270      
502      -15.028553      0.087270      
503      -15.447398      0.087270      
504      -15.969951      0.087270      
505      -16.141270      0.087270      
506      -16.530320      0.087270      
507      -16.797899      0.087270      
508      -17.427598      0.087270      
509      -17.664810      0.087270      
510      -18.081362      0.087270      
511      -18.483018      0.087270      
512      -18.711635      0.087270      
513      -18.848003      0.087270      
514      -19.030208      0.087270      
515      -19.047971      0.087270      
516      -19.438166      0.087270      
517      -19.348209      0.087270      
518      -19.738978      0.087270      
519      -19.771638      0.087270      
520      -20.154958      0.087270      
521      -20.264969      0.087270      
522      -20.277001      0.087270      
523      -20.553748      0.087270      
524      -21.071144      0.087270      
525      -21.468789      0.087270      
526      -21.795384      0.087270      
527      -22.095623      0.087270      
528      -22.483527      0.087270      
529      -22.689798      0.087270      
530      -22.925290      0.087270      
531      -23.335540      0.087270      
532      -24.128537      0.087270      
533      -24.272927      0.087270      
534      -24.716409      0.087270      
535      -24.844183      0.087270      
536      -25.086551      0.087270      
537      -25.375903      0.087270      
538      -25.505968      0.087270      
539      -25.719688      0.087270      
540      -25.961483      0.087270      
541      -26.257711      0.087270      
542      -26.563107      0.087270      
543      -26.643896      0.087270      
544      -26.932102      0.087270      
545      -27.015757      0.087270      
546      -27.430018      0.087270      
547      -27.514245      0.087270      
548      -27.633996      0.087270      
549      -27.489034      0.087270      
550      -27.562948      0.087270      
551      -27.207130      0.087270      
552      -26.674264      0.087270      
553      -26.242814      0.087270      
554      -25.787872      0.087270      
555      -25.143276      0.087270      
556      -24.144008      0.087270      
557      -23.540665      0.087270      
558      -23.098902      0.087270      
559      -22.501862      0.087270      
560      -22.064110      0.087270      
561      -21.494000      0.087270      
562      -21.133599      0.087270      
563      -21.016139      0.087270      
564      -20.271272      0.087270      
565      -19.640427      0.087270      
566      -19.062868      0.087270      
567      -18.492758      0.087270      
568      -17.601783      0.087270      
569      -16.862645      0.087270      
570      -15.889734      0.087270      
571      -14.814834      0.087270      
572      -14.016107      0.087270      
573      -12.991055      0.087270      
574      -12.594557      0.087270      
575      -12.181442      0.087270      
576      -11.650867      0.087270      
577      -11.390737      0.087270      
578      -11.275569      0.087270      
579      -10.586280      0.087270      
580      -9.953143      0.087270      
581      -9.539456      0.087270      
582      -8.867929      0.087270      
583      -8.172338      0.087270      
584      -7.687601      0.087270      
585      -6.602960      0.087270      
586      -5.672449      0.087270      
587      -4.976285      0.087270      
588      -4.309916      0.087270      
589      -3.639535      0.087270      
590      -3.059112      0.087270      
591      -2.175012      0.087270      
592      -1.274869      0.087270      
593      -0.920770      0.087270      
594      -0.193092      0.087270      
595      0.685278      0.087270      
596      1.479421      0.087270      
597      2.454624      0.087270      
598      3.105523      0.087270      
599      3.688238      0.087270      
600      4.059526      0.087270      
601      4.656565      0.087270      
602      5.139010      0.087270      
603      5.473627      0.087270      
604      6.554830      0.087270      
605      7.339233      0.087270      
606      8.108738      0.087270      
607      8.991692      0.087270      
608      10.007003      0.087270      
609      11.068725      0.087270      
610      11.983193      0.087270      
611      12.661022      0.087270      
612      13.306764      0.087270      
613      14.028139      0.087270      
614      14.686487      0.087270      
615      15.268630      0.087270      
616      15.820404      0.087270      
617      16.488493      0.087270      
618      17.019067      0.087270      
619      17.801751      0.087270      
620      18.397644      0.087270      
621      19.126468      0.087270      
622      19.976763      0.087270      
623      20.646570      0.087270      
624      21.256215      0.087270      
625      21.856120      0.087270      
626      22.164953      0.087270      
627      22.767722      0.087270      
628      24.073532      0.087270      
629      24.763393      0.087270      
630      25.076237      0.087270      
631      25.895591      0.087270      
632      26.490339      0.087270      
633      27.159573      0.087270      
634      28.038517      0.087270      
635      28.470540      0.087270      
636      29.084195      0.087270      
637      29.385007      0.087270      
638      29.941366      0.087270      
639      30.219258      0.087270      
640      30.588254      0.087270      
641      31.098201      0.087270      
642      31.538819      0.087270      
643      32.236129      0.087270      
644      33.016521      0.087270      
645      34.189400      0.087270      
646      35.668248      0.087270      
647      37.128760      0.087270      
648      38.529683      0.087270      
649      39.196053      0.087270      
650      39.824033      0.087270      
651      40.406175      0.087270      
652      40.927582      0.087270      
653      41.356167      0.087270      
654      41.846061      0.087270      
655      42.247143      0.087270      
656      43.347254      0.087270      
657      43.695623      0.087270      
658      44.527009      0.087270      
659      45.333185      0.087270      
660      46.064300      0.087270      
661      46.818335      0.087270      
662      47.127742      0.087270      
663      48.172274      0.087270      
664      48.575076      0.087270      
665      49.488397      0.087270      
666      50.322648      0.087270      
667      51.021678      0.087270      
668      51.445106      0.087270      
669      51.901767      0.087270      
670      52.254719      0.087270      
671      52.613974      0.087270      
672      53.133662      0.087270      
673      53.294668      0.087270      
674      53.824097      0.087270      
675      54.681840      0.087270      
676      55.455929      0.087270      
677      56.221423      0.087270      
678      56.901544      0.087270      
679      57.469362      0.087270      
680      57.785644      0.087270      
681      58.320802      0.087270      
682      58.804393      0.087270      
683      59.405443      0.087270      
684      60.025975      0.087270      
685      60.945026      0.087270      
686      61.523731      0.087270      
687      62.245679      0.087270      
688      62.647907      0.087270      
689      62.882254      0.087270      
690      63.560656      0.087270      
691      63.930224      0.087270      
692      64.581124      0.087270      
693      65.348910      0.087270      
694      66.004966      0.087270      
695      66.985325      0.087270      
696      67.593252      0.087270      
697      68.421200      0.087270      
698      68.959223      0.087270      
699      69.208467      0.087270      
700      69.588922      0.087270      
701      70.130957      0.087270      
702      70.613974      0.087270      
703      70.887856      0.087270      
704      71.568550      0.087270      
705      72.614802      0.087270      
706      73.294923      0.087270      
707      73.562502      0.087270      
708      74.025466      0.087270      
709      74.654592      0.087270      
