94      0.444451      0.028412      0.123859      1.321657      -1.011629      1.007795      
95      0.445721      0.029092      0.123289      1.327042      -1.001107      0.997253      
96      0.446411      0.029452      0.123019      1.328658      -0.997924      0.994064      
97      0.447301      0.029932      0.122599      1.330743      -0.993798      0.989930      
98      0.448041      0.030302      0.122179      1.333781      -0.987750      0.983870      
99      0.448951      0.030762      0.121869      1.335550      -0.984208      0.980322      
100      0.449731      0.031072      0.121599      1.336447      -0.982407      0.978517      
101      0.450671      0.031492      0.121139      1.339022      -0.977212      0.973313      
102      0.452171      0.032062      0.120579      1.341430      -0.972324      0.968416      
103      0.452981      0.032412      0.120249      1.343375      -0.968355      0.964439      
104      0.454081      0.032832      0.119859      1.344079      -0.966913      0.962995      
105      0.455031      0.033212      0.119639      1.344510      -0.966030      0.962110      
106      0.455961      0.033752      0.119479      1.345297      -0.964414      0.960491      
107      0.456681      0.034112      0.119319      1.346643      -0.961643      0.957715      
108      0.457641      0.034632      0.119019      1.348802      -0.957179      0.953242      
109      0.458521      0.035042      0.118799      1.350692      -0.953249      0.949306      
110      0.459881      0.035642      0.118459      1.353839      -0.946664      0.942709      
111      0.460721      0.036012      0.118259      1.354867      -0.944501      0.940542      
112      0.461551      0.036452      0.117839      1.357277      -0.939410      0.935442      
113      0.462161      0.036742      0.117379      1.359239      -0.935240      0.931264      
114      0.463041      0.037152      0.116839      1.361718      -0.929940      0.925954      
115      0.463531      0.037362      0.116489      1.363985      -0.925062      0.921068      
116      0.464531      0.037732      0.115779      1.368158      -0.916005      0.911995      
117      0.465061      0.037842      0.115369      1.370975      -0.909831      0.905810      
118      0.465621      0.038002      0.114959      1.373696      -0.903822      0.899790      
119      0.466521      0.038102      0.114469      1.375451      -0.899920      0.895882      
120      0.466951      0.038242      0.114189      1.378090      -0.894019      0.889971      
121      0.467621      0.038352      0.113769      1.380615      -0.888329      0.884271      
122      0.468261      0.038522      0.113409      1.383026      -0.882856      0.878789      
123      0.468801      0.038652      0.113079      1.386471      -0.874970      0.870889      
124      0.469351      0.038722      0.112829      1.388521      -0.870237      0.866149      
125      0.470451      0.038992      0.112409      1.390745      -0.865069      0.860972      
126      0.471031      0.039122      0.112149      1.392124      -0.861848      0.857746      
127      0.471691      0.039242      0.111769      1.394477      -0.856318      0.852207      
128      0.472161      0.039262      0.111349      1.397276      -0.849689      0.845566      
129      0.472831      0.039462      0.110829      1.399406      -0.844604      0.840473      
130      0.473631      0.039622      0.110369      1.401440      -0.839715      0.835576      
131      0.474661      0.039952      0.109629      1.404788      -0.831597      0.827445      
132      0.475391      0.040182      0.109209      1.406471      -0.827482      0.823324      
133      0.476241      0.040532      0.108769      1.408804      -0.821740      0.817572      
134      0.476831      0.040822      0.108469      1.409604      -0.819761      0.815591      
135      0.477781      0.041362      0.108209      1.410616      -0.817248      0.813073      
136      0.478501      0.041732      0.107939      1.411016      -0.816255      0.812079      
137      0.479421      0.042322      0.107559      1.411286      -0.815582      0.811405      
138      0.480251      0.042862      0.107229      1.412360      -0.812900      0.808719      
139      0.481311      0.043692      0.106609      1.413032      -0.811219      0.807034      
140      0.482231      0.044292      0.105999      1.414061      -0.808635      0.804447      
141      0.482741      0.044742      0.105599      1.415899      -0.803993      0.799798      
142      0.483401      0.045202      0.105139      1.418027      -0.798586      0.794382      
143      0.484001      0.045762      0.104819      1.419696      -0.794316      0.790106      
144      0.484411      0.046222      0.104499      1.422476      -0.787144      0.782922      
145      0.485011      0.046792      0.104199      1.425189      -0.780075      0.775843      
146      0.485751      0.047602      0.103709      1.431539      -0.763244      0.758987      
147      0.486071      0.047902      0.103499      1.434953      -0.754024      0.749753      
148      0.486771      0.048292      0.103029      1.438557      -0.744153      0.739868      
149      0.487111      0.048562      0.102589      1.443589      -0.730127      0.725821      
150      0.487321      0.048852      0.102249      1.447475      -0.719088      0.714766      
151      0.487831      0.049122      0.101689      1.450511      -0.710334      0.706000      
152      0.488011      0.049542      0.101229      1.457258      -0.690449      0.686087      
153      0.488341      0.049732      0.101059      1.458855      -0.685649      0.681281      
154      0.488351      0.049902      0.101069      1.463012      -0.672985      0.668600      
155      0.488401      0.050092      0.101169      1.465603      -0.664956      0.660560      
156      0.488641      0.050322      0.101249      1.468265      -0.656600      0.652193      
157      0.488691      0.050462      0.101349      1.470801      -0.648533      0.644116      
158      0.488841      0.050662      0.101339      1.474161      -0.637674      0.633243      
159      0.489131      0.050972      0.101379      1.479692      -0.619356      0.614901      
160      0.489461      0.051242      0.101379      1.482540      -0.609695      0.605229      
161      0.489711      0.051492      0.101309      1.485081      -0.600935      0.596458      
162      0.489881      0.051712      0.101269      1.486304      -0.596670      0.592188      
163      0.490121      0.051992      0.101019      1.488120      -0.590275      0.585785      
164      0.490261      0.052262      0.100619      1.492229      -0.575533      0.571025      
165      0.490541      0.052522      0.100119      1.494480      -0.567286      0.562768      
166      0.490791      0.052632      0.099789      1.497059      -0.557678      0.553150      
167      0.490881      0.052682      0.099589      1.498649      -0.551667      0.547132      
168      0.491071      0.052642      0.099259      1.500407      -0.544940      0.540397      
169      0.491251      0.052592      0.099009      1.501578      -0.540407      0.535860      
170      0.491461      0.052582      0.098649      1.502855      -0.535424      0.530870      
171      0.491691      0.052602      0.098269      1.503707      -0.532070      0.527513      
172      0.491931      0.052572      0.097749      1.505861      -0.523489      0.518922      
173      0.492131      0.052542      0.097499      1.506937      -0.519146      0.514575      
174      0.492361      0.052582      0.097239      1.507498      -0.516870      0.512296      
175      0.492551      0.052612      0.096919      1.508695      -0.511975      0.507396      
176      0.492751      0.052652      0.096569      1.510212      -0.505695      0.501109      
177      0.492841      0.052642      0.096369      1.511900      -0.498613      0.494019      
178      0.493091      0.052652      0.096029      1.514286      -0.488425      0.483821      
179      0.493191      0.052682      0.095849      1.515644      -0.482521      0.477910      
180      0.493191      0.052662      0.095669      1.517645      -0.473689      0.469070      
181      0.493271      0.052632      0.095409      1.518232      -0.471066      0.466444      
182      0.493441      0.052652      0.095119      1.519048      -0.467392      0.462766      
183      0.493421      0.052632      0.094899      1.520160      -0.462339      0.457708      
184      0.493541      0.052562      0.094589      1.521675      -0.455362      0.450724      
185      0.493461      0.052482      0.094419      1.523275      -0.447869      0.443224      
186      0.493521      0.052452      0.094199      1.524364      -0.442696      0.438046      
187      0.493711      0.052472      0.093819      1.526953      -0.430141      0.425479      
188      0.493721      0.052472      0.093669      1.528352      -0.423195      0.418526      
189      0.493851      0.052532      0.093369      1.529324      -0.418299      0.413625      
190      0.493911      0.052602      0.093129      1.530880      -0.410336      0.405655      
191      0.493971      0.052652      0.092969      1.531546      -0.406880      0.402196      
192      0.494031      0.052752      0.092729      1.533507      -0.396527      0.391833      
193      0.494101      0.052822      0.092549      1.534605      -0.390604      0.385905      
194      0.494201      0.052902      0.092359      1.535804      -0.384031      0.379327      
195      0.494241      0.052942      0.092239      1.537182      -0.376334      0.371622      
196      0.494371      0.052982      0.091959      1.538616      -0.368150      0.363431      
197      0.494491      0.053032      0.091599      1.540668      -0.356104      0.351375      
198      0.494581      0.053072      0.091389      1.541228      -0.352745      0.348013      
199      0.494661      0.053112      0.091239      1.542149      -0.347150      0.342413      
200      0.494651      0.053102      0.091019      1.543835      -0.336653      0.331908      
201      0.494731      0.053142      0.090829      1.544765      -0.330720      0.325970      
202      0.494831      0.053162      0.090599      1.545673      -0.324825      0.320070      
203      0.494831      0.053202      0.090579      1.546342      -0.320407      0.315648      
204      0.494991      0.053302      0.090409      1.546121      -0.321877      0.317120      
205      0.495031      0.053322      0.090169      1.547332      -0.313759      0.308996      
206      0.495141      0.053352      0.089879      1.547747      -0.310928      0.306162      
207      0.495291      0.053422      0.089489      1.548148      -0.308166      0.303399      
208      0.495221      0.053402      0.089019      1.549219      -0.300672      0.295898      
209      0.495241      0.053412      0.088599      1.549747      -0.296908      0.292132      
210      0.495371      0.053472      0.088009      1.550244      -0.293317      0.288538      
211      0.495441      0.053522      0.087639      1.550994      -0.287815      0.283032      
212      0.495611      0.053542      0.087309      1.552490      -0.276513      0.271721      
213      0.495561      0.053492      0.087229      1.553431      -0.269154      0.264357      
214      0.495631      0.053502      0.087069      1.553886      -0.265529      0.260729      
215      0.495661      0.053512      0.086979      1.554694      -0.258951      0.254147      
216      0.495621      0.053532      0.086949      1.555567      -0.251660      0.246851      
217      0.495681      0.053562      0.086819      1.555689      -0.250626      0.245816      
218      0.495571      0.053512      0.086729      1.556698      -0.241876      0.237061      
219      0.495591      0.053502      0.086549      1.557259      -0.236878      0.232059      
220      0.495531      0.053472      0.086439      1.558174      -0.228487      0.223663      
221      0.495421      0.053372      0.086389      1.558976      -0.220870      0.216041      
222      0.495541      0.053322      0.086299      1.559516      -0.215596      0.210763      
223      0.495501      0.053222      0.086269      1.560518      -0.205430      0.200591      
224      0.495511      0.053172      0.086179      1.560790      -0.202585      0.197744      
225      0.495491      0.053162      0.085929      1.560953      -0.200868      0.196026      
226      0.495461      0.053152      0.085849      1.561054      -0.199786      0.194943      
227      0.495471      0.053162      0.085759      1.561457      -0.195435      0.190590      
228      0.495451      0.053152      0.085749      1.561896      -0.190590      0.185742      
229      0.495421      0.053122      0.085719      1.562145      -0.187783      0.182933      
230      0.495431      0.053122      0.085659      1.562339      -0.185564      0.180713      
231      0.495301      0.053042      0.085609      1.563145      -0.176052      0.171195      
232      0.495341      0.053052      0.085539      1.563174      -0.175699      0.170842      
233      0.495311      0.053032      0.085449      1.563411      -0.172805      0.167947      
234      0.495301      0.053012      0.085379      1.563423      -0.172656      0.167798      
235      0.495401      0.053042      0.085139      1.563517      -0.171487      0.166628      
236      0.495221      0.053012      0.084909      1.563818      -0.167699      0.162838      
237      0.495121      0.052972      0.084749      1.563791      -0.168044      0.163183      
238      0.495041      0.052932      0.084529      1.563983      -0.165590      0.160727      
239      0.494861      0.052862      0.084449      1.564501      -0.158781      0.153915      
240      0.494971      0.052702      0.084369      1.564734      -0.155620      0.150752      
241      0.494931      0.052582      0.084379      1.565294      -0.147760      0.142887      
242      0.494871      0.052472      0.084319      1.565335      -0.147171      0.142299      
243      0.494911      0.052382      0.084139      1.565605      -0.143202      0.138327      
244      0.494801      0.052322      0.084099      1.565886      -0.138973      0.134096      
245      0.494821      0.052282      0.084049      1.566059      -0.136297      0.131419      
246      0.494781      0.052242      0.084019      1.566712      -0.125689      0.120805      
247      0.494841      0.052272      0.083879      1.566926      -0.122016      0.117131      
248      0.494831      0.052262      0.083749      1.567383      -0.113768      0.108879      
249      0.494721      0.052222      0.083639      1.567724      -0.107223      0.102330      
250      0.494801      0.052202      0.083519      1.567916      -0.103354      0.098459      
251      0.494761      0.052172      0.083519      1.568085      -0.099837      0.094941      
252      0.494881      0.052182      0.083479      1.568084      -0.099845      0.094949      
253      0.494851      0.052152      0.083499      1.568175      -0.097899      0.093002      
254      0.494861      0.052132      0.083489      1.568243      -0.096407      0.091510      
255      0.494861      0.052092      0.083569      1.568413      -0.092601      0.087701      
256      0.494831      0.052062      0.083679      1.568558      -0.089241      0.084340      
257      0.494911      0.052082      0.083719      1.568672      -0.086478      0.081576      
258      0.494911      0.052082      0.083829      1.568881      -0.081234      0.076330      
259      0.494931      0.052072      0.083819      1.568897      -0.080810      0.075906      
260      0.494881      0.052052      0.083809      1.569068      -0.076218      0.071311      
261      0.494841      0.052002      0.083819      1.569167      -0.073431      0.068523      
262      0.494891      0.051972      0.083809      1.569158      -0.073674      0.068767      
263      0.494851      0.051922      0.083919      1.569305      -0.069364      0.064455      
264      0.494841      0.051842      0.084009      1.569374      -0.067213      0.062303      
265      0.494821      0.051802      0.084089      1.569473      -0.064057      0.059145      
266      0.494651      0.051682      0.084159      1.569654      -0.057831      0.052917      
267      0.494661      0.051632      0.084149      1.569720      -0.055390      0.050474      
268      0.494521      0.051542      0.084119      1.569910      -0.047727      0.042808      
269      0.494441      0.051492      0.084039      1.570049      -0.041226      0.036305      
270      0.494431      0.051462      0.083979      1.570135      -0.036679      0.031757      
271      0.494331      0.051402      0.083939      1.570292      -0.026511      0.021585      
272      0.494351      0.051362      0.083869      1.570340      -0.022640      0.017712      
273      0.494381      0.051372      0.083829      1.570387      -0.017999      0.013070      
274      0.494331      0.051372      0.083849      1.570406      -0.015777      0.010847      
275      0.494351      0.051382      0.083829      1.570415      -0.014732      0.009802      
276      0.494341      0.051372      0.083839      1.570437      -0.011466      0.006534      
277      0.494311      0.051342      0.083819      1.570448      -0.009652      0.004720      
278      0.494301      0.051312      0.083789      1.570457      -0.007783      0.002850      
279      0.494241      0.051232      0.083819      1.570475      -0.002051      -0.002884      
280      0.494211      0.051152      0.083809      1.570478      0.001923      -0.006859      
281      0.494201      0.051102      0.083819      1.570476      0.004915      -0.009851      
282      0.494191      0.051012      0.083969      1.570462      0.010388      -0.015326      
283      0.494211      0.051002      0.084019      1.570445      0.013804      -0.018743      
284      0.494161      0.050982      0.084109      1.570398      0.020439      -0.025381      
285      0.494111      0.050942      0.084219      1.570377      0.022756      -0.027698      
286      0.494191      0.050992      0.084299      1.570357      0.024751      -0.029693      
287      0.494141      0.051002      0.084349      1.570319      0.028104      -0.033047      
288      0.494151      0.051042      0.084329      1.570309      0.028920      -0.033864      
289      0.494231      0.051062      0.084379      1.570276      0.031410      -0.036354      
290      0.494241      0.051032      0.084459      1.570231      0.034535      -0.039480      
291      0.494271      0.051012      0.084479      1.570217      0.035493      -0.040439      
292      0.494231      0.050972      0.084569      1.570143      0.039914      -0.044861      
293      0.494191      0.050872      0.084709      1.570061      0.044319      -0.049267      
294      0.494191      0.050792      0.084719      1.569937      0.050240      -0.055189      
295      0.494171      0.050662      0.084749      1.569853      0.053844      -0.058794      
296      0.494181      0.050552      0.084729      1.569653      0.061571      -0.066523      
297      0.494121      0.050492      0.084699      1.569450      0.068504      -0.073457      
298      0.494011      0.050432      0.084719      1.569207      0.075979      -0.080934      
299      0.494001      0.050412      0.084719      1.569053      0.080344      -0.085300      
300      0.493961      0.050392      0.084799      1.568535      0.093495      -0.098454      
301      0.493981      0.050412      0.084799      1.568349      0.097781      -0.102741      
302      0.493981      0.050432      0.084799      1.568130      0.102578      -0.107538      
303      0.493991      0.050422      0.084849      1.567820      0.109031      -0.113992      
304      0.494061      0.050432      0.084829      1.567797      0.109486      -0.114448      
305      0.494061      0.050402      0.084859      1.567463      0.115978      -0.120941      
306      0.494061      0.050402      0.084869      1.567458      0.116088      -0.121051      
307      0.494091      0.050382      0.084889      1.567152      0.121724      -0.126687      
308      0.494161      0.050322      0.084899      1.567233      0.120256      -0.125219      
309      0.494151      0.050282      0.084849      1.567027      0.123953      -0.128917      
310      0.494111      0.050202      0.084919      1.566913      0.125947      -0.130911      
311      0.494141      0.050172      0.084899      1.566789      0.128090      -0.133054      
312      0.494151      0.050152      0.084899      1.566526      0.132509      -0.137473      
313      0.494161      0.050142      0.084889      1.566391      0.134722      -0.139687      
314      0.494171      0.050092      0.084959      1.565901      0.142453      -0.147419      
315      0.494171      0.050072      0.084969      1.565683      0.145757      -0.150723      
316      0.494181      0.050082      0.084949      1.565392      0.150065      -0.155032      
317      0.494161      0.050072      0.084989      1.565007      0.155558      -0.160525      
318      0.494161      0.050072      0.084989      1.564769      0.158869      -0.163837      
319      0.494141      0.050062      0.085039      1.564224      0.166182      -0.171150      
320      0.494161      0.050072      0.085049      1.563951      0.169729      -0.174697      
321      0.494201      0.050052      0.085069      1.563338      0.177417      -0.182386      
322      0.494271      0.050072      0.085099      1.563187      0.179261      -0.184230      
323      0.494311      0.050102      0.085099      1.563091      0.180422      -0.185391      
324      0.494311      0.050122      0.085089      1.562814      0.183740      -0.188709      
325      0.494281      0.050122      0.085129      1.562618      0.186046      -0.191016      
326      0.494321      0.050142      0.085119      1.562344      0.189223      -0.194193      
327      0.494411      0.050132      0.085119      1.561602      0.197577      -0.202546      
328      0.494461      0.050132      0.085129      1.561418      0.199584      -0.204554      
329      0.494451      0.050102      0.085159      1.561011      0.203968      -0.208938      
330      0.494491      0.050062      0.085209      1.560830      0.205890      -0.210860      
331      0.494551      0.050022      0.085239      1.560436      0.210007      -0.214977      
332      0.494701      0.049912      0.085409      1.559756      0.216931      -0.221901      
333      0.494821      0.049812      0.085469      1.559606      0.218420      -0.223390      
334      0.494881      0.049762      0.085489      1.559405      0.220412      -0.225382      
335      0.494931      0.049662      0.085539      1.558869      0.225633      -0.230604      
336      0.495041      0.049592      0.085569      1.558663      0.227601      -0.232571      
337      0.495121      0.049592      0.085609      1.558864      0.225673      -0.230643      
338      0.495111      0.049572      0.085659      1.558481      0.229334      -0.234304      
339      0.495271      0.049572      0.085699      1.558712      0.227139      -0.232109      
340      0.495351      0.049552      0.085789      1.558303      0.231011      -0.235981      
341      0.495491      0.049492      0.085859      1.558393      0.230157      -0.235127      
342      0.495601      0.049452      0.085889      1.558281      0.231215      -0.236185      
343      0.495721      0.049372      0.086029      1.558085      0.233042      -0.238012      
344      0.495831      0.049312      0.086069      1.557881      0.234939      -0.239909      
345      0.496001      0.049282      0.086059      1.557630      0.237243      -0.242213      
346      0.496081      0.049182      0.086129      1.557330      0.239971      -0.244941      
347      0.496291      0.049072      0.086039      1.557498      0.238443      -0.243412      
348      0.496361      0.048932      0.086029      1.557187      0.241256      -0.246226      
349      0.496451      0.048812      0.086039      1.557211      0.241037      -0.246007      
350      0.496521      0.048742      0.086049      1.556755      0.245105      -0.250074      
351      0.496561      0.048612      0.086089      1.556440      0.247879      -0.252848      
352      0.496691      0.048472      0.086119      1.556592      0.246539      -0.251508      
353      0.496841      0.048272      0.086129      1.555664      0.254564      -0.259533      
354      0.496921      0.048112      0.086129      1.555497      0.255982      -0.260951      
355      0.497021      0.048042      0.086129      1.555182      0.258630      -0.263599      
356      0.497051      0.047982      0.086219      1.554549      0.263880      -0.268849      
357      0.497231      0.047892      0.086289      1.554235      0.266442      -0.271410      
358      0.497291      0.047832      0.086359      1.553498      0.272357      -0.277324      
359      0.497391      0.047752      0.086449      1.552858      0.277393      -0.282361      
360      0.497531      0.047772      0.086459      1.552640      0.279085      -0.284052      
361      0.497551      0.047732      0.086499      1.551659      0.286580      -0.291547      
362      0.497611      0.047722      0.086539      1.551399      0.288538      -0.293505      
363      0.497631      0.047752      0.086559      1.551272      0.289486      -0.294452      
364      0.497581      0.047762      0.086629      1.550673      0.293918      -0.298884      
365      0.497631      0.047792      0.086639      1.550509      0.295124      -0.300089      
366      0.497641      0.047852      0.086669      1.549933      0.299305      -0.304270      
367      0.497631      0.047832      0.086679      1.549292      0.303892      -0.308857      
368      0.497661      0.047842      0.086679      1.548669      0.308284      -0.313248      
369      0.497651      0.047852      0.086719      1.547407      0.316995      -0.321958      
370      0.497671      0.047882      0.086729      1.546718      0.321644      -0.326606      
371      0.497701      0.047912      0.086709      1.545968      0.326628      -0.331590      
372      0.497711      0.047912      0.086759      1.544813      0.334163      -0.339123      
373      0.497801      0.047932      0.086789      1.544690      0.334953      -0.339913      
374      0.497811      0.047942      0.086789      1.543930      0.339803      -0.344762      
375      0.497831      0.047952      0.086809      1.544169      0.338285      -0.343245      
376      0.497911      0.047982      0.086829      1.543736      0.341031      -0.345990      
377      0.497901      0.047942      0.086889      1.543390      0.343205      -0.348164      
378      0.497911      0.047932      0.086889      1.543235      0.344175      -0.349133      
379      0.497921      0.047882      0.086899      1.542945      0.345982      -0.350940      
380      0.497881      0.047862      0.086919      1.542686      0.347593      -0.352550      
381      0.497891      0.047852      0.086919      1.542371      0.349532      -0.354490      
382      0.497891      0.047852      0.086959      1.541687      0.353716      -0.358672      
383      0.497851      0.047852      0.087049      1.540905      0.358438      -0.363394      
384      0.497851      0.047882      0.087139      1.540581      0.360377      -0.365332      
385      0.497891      0.047932      0.087189      1.540439      0.361222      -0.366177      
386      0.497971      0.047972      0.087279      1.539919      0.364302      -0.369256      
387      0.498051      0.048002      0.087339      1.539633      0.365982      -0.370936      
388      0.498121      0.048032      0.087469      1.539344      0.367679      -0.372632      
389      0.498281      0.048092      0.087649      1.539551      0.366467      -0.371421      
390      0.498521      0.048212      0.087849      1.539741      0.365349      -0.370303      
391      0.498671      0.048302      0.087929      1.539999      0.363833      -0.368787      
392      0.498741      0.048402      0.087999      1.539891      0.364466      -0.369420      
393      0.498861      0.048552      0.088109      1.541138      0.357039      -0.361995      
394      0.498831      0.048742      0.088099      1.542010      0.351745      -0.356702      
395      0.498801      0.048792      0.088119      1.544068      0.338927      -0.343886      
396      0.498821      0.048872      0.088209      1.547637      0.315422      -0.320385      
397      0.498721      0.048812      0.088499      1.552532      0.279923      -0.284890      
398      0.498641      0.048752      0.088729      1.556403      0.248200      -0.253170      
399      0.498611      0.048732      0.088699      1.558472      0.229412      -0.234382      
400      0.498571      0.048752      0.088689      1.560914      0.205004      -0.209973      
401      0.498561      0.048782      0.088769      1.563610      0.174052      -0.179020      
402      0.498481      0.048782      0.088919      1.565989      0.141095      -0.146061      
403      0.498411      0.048862      0.089009      1.567778      0.109855      -0.114817      
404      0.498341      0.048952      0.089089      1.568570      0.092663      -0.097621      
405      0.498231      0.049002      0.089219      1.569508      0.066627      -0.071580      
406      0.498211      0.049052      0.089219      1.569864      0.053381      -0.058331      
407      0.498151      0.049072      0.089229      1.570204      0.036310      -0.041255      
408      0.498131      0.049082      0.089259      1.570374      0.023046      -0.027989      
409      0.498031      0.049062      0.089299      1.570461      0.010506      -0.015444      
410      0.497971      0.049022      0.089389      1.570478      0.002575      -0.007511      
411      0.497971      0.049002      0.089429      1.570463      -0.006283      0.001350      
412      0.497861      0.048902      0.089619      1.570442      -0.010736      0.005804      
413      0.497811      0.048872      0.089809      1.570372      -0.019593      0.014664      
414      0.497701      0.048852      0.089999      1.570278      -0.027602      0.022677      
415      0.497571      0.048802      0.090229      1.570124      -0.037307      0.032385      
416      0.497581      0.048752      0.090399      1.569819      -0.051519      0.046602      
417      0.497521      0.048752      0.090519      1.569607      -0.059496      0.054582      
418      0.497471      0.048762      0.090609      1.569172      -0.073274      0.068366      
419      0.497441      0.048812      0.090629      1.568720      -0.085316      0.080413      
420      0.497351      0.048812      0.090739      1.568406      -0.092758      0.087858      
421      0.497311      0.048842      0.090809      1.567564      -0.110347      0.105455      
422      0.497161      0.048872      0.090869      1.567236      -0.116492      0.111603      
423      0.497031      0.048882      0.091019      1.566712      -0.125689      0.120805      
424      0.497031      0.048902      0.091059      1.565939      -0.138157      0.133279      
425      0.496941      0.048882      0.091209      1.565365      -0.146732      0.141859      
426      0.496861      0.048872      0.091289      1.564591      -0.157573      0.152706      
427      0.496841      0.048892      0.091389      1.563428      -0.172585      0.167727      
428      0.496661      0.048882      0.091619      1.562867      -0.179392      0.174538      
429      0.496531      0.048802      0.091909      1.561049      -0.199849      0.195006      
430      0.496361      0.048742      0.092149      1.559878      -0.211983      0.207148      
431      0.496201      0.048712      0.092379      1.558975      -0.220878      0.216049      
432      0.496151      0.048672      0.092589      1.557643      -0.233392      0.228571      
433      0.495991      0.048622      0.092889      1.556214      -0.246114      0.241302      
434      0.495931      0.048602      0.093049      1.554709      -0.258826      0.254022      
435      0.495911      0.048472      0.093249      1.553152      -0.271354      0.266559      
436      0.495621      0.048402      0.093749      1.550616      -0.290601      0.285820      
437      0.495481      0.048362      0.094009      1.548639      -0.304756      0.299985      
438      0.495201      0.048282      0.094339      1.546411      -0.319953      0.315195      
439      0.494981      0.048242      0.094549      1.544697      -0.331158      0.326408      
440      0.494831      0.048162      0.094779      1.542402      -0.345595      0.340857      
441      0.494641      0.048122      0.094929      1.541027      -0.353956      0.349225      
442      0.494441      0.048082      0.095099      1.539252      -0.364463      0.359741      
443      0.494301      0.048032      0.095179      1.537617      -0.373874      0.369160      
444      0.494021      0.047912      0.095309      1.535152      -0.387622      0.382920      
445      0.493781      0.047812      0.095449      1.533376      -0.397229      0.392536      
446      0.493651      0.047742      0.095709      1.531991      -0.404556      0.399869      
447      0.493461      0.047652      0.096189      1.529792      -0.415920      0.411244      
448      0.493351      0.047552      0.096549      1.528264      -0.423632      0.418963      
449      0.493301      0.047412      0.097039      1.525964      -0.434982      0.430324      
450      0.493151      0.047322      0.097369      1.524266      -0.443164      0.438514      
451      0.492971      0.047262      0.097559      1.521638      -0.455534      0.450896      
452      0.492891      0.047262      0.097639      1.518979      -0.467703      0.463078      
453      0.492391      0.047272      0.097839      1.514932      -0.485625      0.481018      
454      0.492011      0.047242      0.098069      1.511510      -0.500261      0.495669      
455      0.491761      0.047162      0.098449      1.508119      -0.514337      0.509760      
456      0.491451      0.047102      0.098989      1.503927      -0.531200      0.526642      
457      0.491201      0.047012      0.099309      1.501198      -0.541882      0.537336      
458      0.490881      0.046882      0.099879      1.496252      -0.560703      0.556178      
459      0.490621      0.046802      0.100309      1.492519      -0.574479      0.569970      
460      0.489941      0.046712      0.100889      1.488166      -0.590112      0.585622      
461      0.489701      0.046662      0.101089      1.484978      -0.601291      0.596815      
462      0.489421      0.046552      0.101289      1.482427      -0.610082      0.605616      
463      0.489061      0.046382      0.101489      1.479409      -0.620307      0.615854      
464      0.488821      0.046272      0.101499      1.477660      -0.626152      0.621706      
465      0.488511      0.046172      0.101539      1.475983      -0.631701      0.627262      
466      0.488001      0.045962      0.101889      1.470412      -0.649776      0.645360      
467      0.487701      0.045832      0.102059      1.468251      -0.656646      0.652239      
468      0.487321      0.045592      0.102269      1.465038      -0.666715      0.662322      
469      0.487121      0.045272      0.102539      1.460927      -0.679368      0.674992      
470      0.486891      0.044892      0.102989      1.457363      -0.690133      0.685771      
471      0.486551      0.044692      0.103369      1.454430      -0.698858      0.694509      
472      0.486091      0.044452      0.104029      1.448875      -0.715065      0.710738      
473      0.485351      0.044182      0.104909      1.440595      -0.738509      0.734215      
474      0.484561      0.043932      0.105329      1.437262      -0.747715      0.743435      
475      0.483981      0.043692      0.105599      1.434495      -0.755267      0.750998      
476      0.483251      0.043392      0.106009      1.431113      -0.764387      0.760131      
477      0.482681      0.043162      0.106219      1.429770      -0.767975      0.763725      
478      0.482121      0.042832      0.106559      1.427023      -0.775256      0.771017      
479      0.481611      0.042512      0.106969      1.424187      -0.782695      0.778467      
480      0.480671      0.042022      0.107609      1.418207      -0.798127      0.793922      
481      0.480091      0.041752      0.107829      1.414416      -0.807740      0.803551      
482      0.479291      0.041442      0.108139      1.410238      -0.818188      0.814015      
483      0.478601      0.041172      0.108539      1.405107      -0.830818      0.826665      
484      0.477611      0.040832      0.109039      1.399902      -0.843414      0.839281      
485      0.476751      0.040562      0.109379      1.396500      -0.851533      0.847414      
486      0.475711      0.040152      0.109839      1.391248      -0.863896      0.859797      
487      0.474201      0.039702      0.110479      1.382779      -0.883419      0.879352      
488      0.472891      0.039372      0.110949      1.375243      -0.900383      0.896346      
489      0.471981      0.039092      0.111179      1.370464      -0.910954      0.906935      
490      0.470911      0.038752      0.111229      1.366072      -0.920545      0.916543      
491      0.470041      0.038462      0.111309      1.362508      -0.928243      0.924255      
492      0.469051      0.038062      0.111699      1.357477      -0.938986      0.935017      
493      0.467831      0.037632      0.112099      1.354184      -0.945938      0.941982      
494      0.466821      0.037212      0.112369      1.351449      -0.951669      0.947723      
495      0.466021      0.036882      0.112649      1.348700      -0.957390      0.953454      
496      0.465211      0.036532      0.113239      1.343419      -0.968264      0.964348      
497      0.464381      0.036172      0.113739      1.338238      -0.978796      0.974899      
498      0.463671      0.035872      0.114159      1.333434      -0.988443      0.984565      
499      0.463031      0.035612      0.114489      1.327852      -0.999512      0.995655      
500      0.461901      0.035302      0.114819      1.322156      -1.010659      1.006823      
