94      0.005230      1638131887129      
95      0.013990      1638131887158      
96      0.004230      1638131887188      
97      0.005480      1638131887220      
98      0.008030      1638131887251      
99      0.004700      1638131887283      
100      0.002390      1638131887314      
101      0.006890      1638131887361      
102      0.006480      1638131887404      
103      0.005260      1638131887427      
104      0.001910      1638131887457      
105      0.001170      1638131887486      
106      0.002140      1638131887516      
107      0.003670      1638131887550      
108      0.005910      1638131887582      
109      0.005200      1638131887627      
110      0.008710      1638131887657      
111      0.002860      1638131887689      
112      0.006730      1638131887718      
113      0.005510      1638131887752      
114      0.007000      1638131887783      
115      0.006440      1638131887838      
116      0.011950      1638131887858      
117      0.008140      1638131887891      
118      0.007920      1638131887924      
119      0.005140      1638131887959      
120      0.007770      1638131887988      
121      0.007490      1638131888017      
122      0.007200      1638131888051      
123      0.010370      1638131888084      
124      0.006220      1638131888127      
125      0.006790      1638131888157      
126      0.004230      1638131888189      
127      0.007260      1638131888220      
128      0.008700      1638131888249      
129      0.006670      1638131888283      
130      0.006410      1638131888329      
131      0.010640      1638131888361      
132      0.005390      1638131888391      
133      0.007520      1638131888420      
134      0.002590      1638131888452      
135      0.003290      1638131888486      
136      0.001300      1638131888522      
137      0.000880      1638131888546      
138      0.003510      1638131888597      
139      0.002200      1638131888629      
140      0.003380      1638131888657      
141      0.006070      1638131888689      
142      0.007070      1638131888719      
143      0.005580      1638131888750      
144      0.009370      1638131888782      
145      0.009230      1638131888827      
146      0.021960      1638131888860      
147      0.012020      1638131888891      
148      0.012860      1638131888921      
149      0.018260      1638131888950      
150      0.014360      1638131888984      
151      0.011380      1638131889029      
152      0.025830      1638131889058      
153      0.006230      1638131889096      
154      0.016430      1638131889121      
155      0.010410      1638131889156      
156      0.010830      1638131889184      
157      0.010450      1638131889216      
158      0.014060      1638131889262      
159      0.023700      1638131889293      
160      0.012490      1638131889324      
161      0.011320      1638131889353      
162      0.005510      1638131889386      
163      0.008260      1638131889418      
164      0.019030      1638131889462      
165      0.010640      1638131889495      
166      0.012390      1638131889525      
167      0.007750      1638131889559      
168      0.008670      1638131889587      
169      0.005840      1638131889620      
170      0.006420      1638131889648      
171      0.004320      1638131889696      
172      0.011050      1638131889727      
173      0.005590      1638131889755      
174      0.002930      1638131889787      
175      0.006300      1638131889824      
176      0.008080      1638131889854      
177      0.009110      1638131889898      
178      0.013100      1638131889929      
179      0.007590      1638131889959      
180      0.011350      1638131889990      
181      0.003370      1638131890020      
182      0.004720      1638131890050      
183      0.006490      1638131890100      
184      0.008960      1638131890126      
185      0.009620      1638131890158      
186      0.006640      1638131890191      
187      0.016110      1638131890227      
188      0.008910      1638131890248      
189      0.006280      1638131890298      
190      0.010210      1638131890327      
191      0.004430      1638131890358      
192      0.013270      1638131890388      
193      0.007590      1638131890420      
194      0.008420      1638131890454      
195      0.009860      1638131890484      
196      0.010480      1638131890534      
197      0.015420      1638131890563      
198      0.004300      1638131890607      
199      0.007160      1638131890629      
200      0.013430      1638131890657      
201      0.007590      1638131890689      
202      0.007540      1638131890720      
203      0.005650      1638131890751      
204      -0.001880      1638131890796      
205      0.010380      1638131890826      
206      0.003620      1638131890857      
207      0.003530      1638131890894      
208      0.009580      1638131890924      
209      0.004810      1638131890953      
210      0.004590      1638131890990      
211      0.007030      1638131891040      
212      0.014440      1638131891061      
213      0.009400      1638131891093      
214      0.004630      1638131891123      
215      0.008400      1638131891155      
216      0.009310      1638131891187      
217      0.001320      1638131891233      
218      0.011170      1638131891263      
219      0.006380      1638131891296      
220      0.010710      1638131891326      
221      0.009720      1638131891358      
222      0.006730      1638131891389      
223      0.012970      1638131891422      
224      0.003630      1638131891469      
225      0.002190      1638131891498      
226      0.001380      1638131891529      
227      0.005550      1638131891561      
228      0.006180      1638131891592      
229      0.003580      1638131891622      
230      0.002830      1638131891668      
231      0.012130      1638131891700      
232      0.000450      1638131891730      
233      0.003690      1638131891763      
234      0.000190      1638131891794      
235      0.001490      1638131891828      
236      0.004830      1638131891860      
237      -0.000440      1638131891892      
238      0.003130      1638131891920      
239      0.008680      1638131891976      
240      0.004030      1638131891996      
241      0.010020      1638131892026      
242      0.000750      1638131892059      
243      0.005060      1638131892093      
244      0.005390      1638131892122      
245      0.003410      1638131892169      
246      0.013520      1638131892198      
247      0.004680      1638131892229      
248      0.010510      1638131892261      
249      0.008340      1638131892293      
250      0.004930      1638131892326      
251      0.004480      1638131892370      
252      -0.000010      1638131892404      
253      0.002480      1638131892433      
254      0.001900      1638131892460      
255      0.004850      1638131892492      
256      0.004280      1638131892523      
257      0.003520      1638131892570      
258      0.006680      1638131892600      
259      0.000540      1638131892633      
260      0.005850      1638131892664      
261      0.003550      1638131892694      
262      -0.000310      1638131892724      
263      0.005490      1638131892760      
264      0.002740      1638131892789      
265      0.004020      1638131892835      
266      0.007930      1638131892866      
267      0.003110      1638131892902      
268      0.009760      1638131892929      
269      0.008280      1638131892963      
270      0.005790      1638131892995      
271      0.012950      1638131893027      
272      0.004930      1638131893078      
273      0.005910      1638131893101      
274      0.002830      1638131893135      
275      0.001330      1638131893166      
276      0.004160      1638131893195      
277      0.002310      1638131893225      
278      0.002380      1638131893254      
279      0.007300      1638131893303      
280      0.005060      1638131893333      
281      0.003810      1638131893365      
282      0.006970      1638131893393      
283      0.004350      1638131893428      
284      0.008450      1638131893458      
285      0.002950      1638131893504      
286      0.002540      1638131893534      
287      0.004270      1638131893567      
288      0.001040      1638131893597      
289      0.003170      1638131893627      
290      0.003980      1638131893661      
291      0.001220      1638131893691      
292      0.005630      1638131893739      
293      0.005610      1638131893767      
294      0.007540      1638131893797      
295      0.004590      1638131893832      
296      0.009840      1638131893861      
297      0.008830      1638131893894      
298      0.009520      1638131893923      
299      0.005560      1638131893971      
300      0.016750      1638131894004      
301      0.005460      1638131894032      
302      0.006110      1638131894064      
303      0.008220      1638131894102      
304      0.000580      1638131894126      
305      0.008270      1638131894158      
306      0.000140      1638131894202      
307      0.007180      1638131894236      
308      -0.001870      1638131894264      
309      0.004710      1638131894297      
310      0.002540      1638131894328      
311      0.002730      1638131894360      
312      0.005630      1638131894391      
313      0.002820      1638131894443      
314      0.009850      1638131894469      
315      0.004210      1638131894499      
316      0.005490      1638131894530      
317      0.007000      1638131894562      
318      0.004220      1638131894591      
319      0.009320      1638131894630      
320      0.004520      1638131894672      
321      0.009800      1638131894703      
322      0.002350      1638131894734      
323      0.001480      1638131894764      
324      0.004230      1638131894797      
325      0.002940      1638131894824      
326      0.004050      1638131894870      
327      0.010650      1638131894909      
328      0.002560      1638131894932      
329      0.005590      1638131894963      
330      0.002450      1638131894991      
331      0.005250      1638131895039      
332      0.008830      1638131895072      
333      0.001900      1638131895103      
334      0.002540      1638131895131      
335      0.006660      1638131895164      
336      0.002510      1638131895195      
337      -0.002460      1638131895226      
338      0.004670      1638131895273      
339      -0.002800      1638131895304      
340      0.004940      1638131895333      
341      -0.001090      1638131895364      
342      0.001350      1638131895395      
343      0.002330      1638131895429      
344      0.002420      1638131895462      
345      0.002940      1638131895492      
346      0.003480      1638131895542      
347      -0.001950      1638131895574      
348      0.003590      1638131895602      
349      -0.000280      1638131895633      
350      0.005190      1638131895663      
351      0.003540      1638131895694      
352      -0.001710      1638131895745      
353      0.010240      1638131895771      
354      0.001810      1638131895803      
355      0.003380      1638131895834      
356      0.006700      1638131895863      
357      0.003270      1638131895896      
358      0.007550      1638131895927      
359      0.006430      1638131895962      
360      0.002160      1638131896003      
361      0.009570      1638131896040      
362      0.002500      1638131896069      
363      0.001210      1638131896099      
364      0.005660      1638131896134      
365      0.001540      1638131896163      
366      0.005340      1638131896194      
367      0.005860      1638131896227      
368      0.005610      1638131896274      
369      0.011130      1638131896304      
370      0.005940      1638131896334      
371      0.006370      1638131896368      
372      0.009630      1638131896397      
373      0.001010      1638131896426      
374      0.006200      1638131896459      
375      -0.001940      1638131896508      
376      0.003510      1638131896538      
377      0.002780      1638131896569      
378      0.001240      1638131896599      
379      0.002310      1638131896643      
380      0.002060      1638131896662      
381      0.002480      1638131896692      
382      0.005350      1638131896739      
383      0.006040      1638131896774      
384      0.002480      1638131896802      
385      0.001080      1638131896833      
386      0.003940      1638131896864      
387      0.002150      1638131896896      
388      0.002170      1638131896924      
389      -0.001550      1638131896971      
390      -0.001430      1638131897004      
391      -0.001940      1638131897034      
392      0.000810      1638131897066      
393      -0.009500      1638131897099      
394      -0.006770      1638131897130      
395      -0.016390      1638131897161      
396      -0.030040      1638131897205      
397      -0.045340      1638131897236      
398      -0.040490      1638131897268      
399      -0.023970      1638131897304      
400      -0.031130      1638131897336      
401      -0.039460      1638131897364      
402      -0.042000      1638131897396      
403      -0.039800      1638131897429      
404      -0.021900      1638131897475      
405      -0.033160      1638131897505      
406      -0.016870      1638131897537      
407      -0.021740      1638131897569      
408      -0.016890      1638131897601      
409      -0.015970      1638131897630      
410      -0.010100      1638131897667      
411      -0.011280      1638131897698      
412      -0.005670      1638131897730      
413      -0.011280      1638131897774      
414      -0.010200      1638131897804      
415      -0.012360      1638131897842      
416      -0.018100      1638131897869      
417      -0.010160      1638131897899      
418      -0.017550      1638131897932      
419      -0.015340      1638131897965      
420      -0.009480      1638131898008      
421      -0.022410      1638131898039      
422      -0.007830      1638131898071      
423      -0.011720      1638131898101      
424      -0.015890      1638131898135      
425      -0.010930      1638131898164      
426      -0.013820      1638131898202      
427      -0.019140      1638131898229      
428      -0.008680      1638131898273      
429      -0.026090      1638131898306      
430      -0.015480      1638131898338      
431      -0.011350      1638131898370      
432      -0.015970      1638131898399      
433      -0.016240      1638131898428      
434      -0.016230      1638131898462      
435      -0.016000      1638131898508      
436      -0.024590      1638131898538      
437      -0.018090      1638131898571      
438      -0.019430      1638131898608      
439      -0.014330      1638131898637      
440      -0.018470      1638131898663      
441      -0.010700      1638131898696      
442      -0.013450      1638131898729      
443      -0.012050      1638131898777      
444      -0.017610      1638131898806      
445      -0.012310      1638131898842      
446      -0.009390      1638131898871      
447      -0.014570      1638131898904      
448      -0.009890      1638131898931      
449      -0.014560      1638131898965      
450      -0.010500      1638131898995      
451      -0.015880      1638131899028      
452      -0.015630      1638131899076      
453      -0.023030      1638131899108      
454      -0.018820      1638131899140      
455      -0.018110      1638131899171      
456      -0.021710      1638131899206      
457      -0.013760      1638131899232      
458      -0.024260      1638131899260      
459      -0.017770      1638131899308      
460      -0.020180      1638131899340      
461      -0.014440      1638131899372      
462      -0.011360      1638131899403      
463      -0.013220      1638131899432      
464      -0.007560      1638131899465      
465      -0.007180      1638131899510      
466      -0.023400      1638131899538      
467      -0.008900      1638131899573      
468      -0.013050      1638131899603      
469      -0.016410      1638131899634      
470      -0.013970      1638131899663      
471      -0.011330      1638131899697      
472      -0.021060      1638131899738      
473      -0.030500      1638131899772      
474      -0.011990      1638131899803      
475      -0.009840      1638131899838      
476      -0.011890      1638131899864      
477      -0.004680      1638131899896      
478      -0.009500      1638131899927      
479      -0.009710      1638131899978      
480      -0.020160      1638131900005      
481      -0.012570      1638131900037      
482      -0.013670      1638131900070      
483      -0.016540      1638131900111      
484      -0.016510      1638131900131      
485      -0.010650      1638131900163      
486      -0.016230      1638131900205      
487      -0.025660      1638131900244      
488      -0.022330      1638131900269      
489      -0.013930      1638131900298      
490      -0.012650      1638131900332      
491      -0.010160      1638131900360      
492      -0.014190      1638131900408      
493      -0.009190      1638131900438      
494      -0.007580      1638131900471      
495      -0.007570      1638131900505      
496      -0.014400      1638131900533      
497      -0.013960      1638131900563      
498      -0.012800      1638131900594      
499      -0.014700      1638131900646      
500      -0.014820      1638131900675      
