200      0.442961      0.018842      0.150059      1.321359      -1.012207      1.008375      
201      0.443881      0.019372      0.150359      1.323176      -1.008674      1.004835      
202      0.444841      0.019972      0.150519      1.326023      -1.003108      0.999258      
203      0.446211      0.020602      0.150969      1.328097      -0.999030      0.995172      
204      0.447161      0.021052      0.151199      1.329446      -0.996365      0.992502      
205      0.448181      0.021462      0.151359      1.330165      -0.994942      0.991077      
206      0.448681      0.021612      0.151429      1.330986      -0.993316      0.989447      
207      0.449851      0.021892      0.151549      1.331630      -0.992036      0.988165      
208      0.451081      0.022142      0.151469      1.332883      -0.989543      0.985667      
209      0.452401      0.022362      0.151269      1.334120      -0.987072      0.983191      
210      0.453671      0.022542      0.150999      1.335553      -0.984201      0.980315      
211      0.454701      0.022682      0.150619      1.337211      -0.980869      0.976977      
212      0.455601      0.022832      0.150179      1.339182      -0.976888      0.972988      
213      0.456491      0.022902      0.149849      1.341193      -0.972807      0.968899      
214      0.457421      0.022912      0.149659      1.342936      -0.969253      0.965339      
215      0.458361      0.022892      0.149559      1.346119      -0.962723      0.958797      
216      0.459451      0.022792      0.149659      1.347769      -0.959316      0.955384      
217      0.460591      0.022652      0.149669      1.348423      -0.957964      0.954030      
218      0.461521      0.022672      0.149339      1.351210      -0.952168      0.948223      
219      0.462621      0.022762      0.148919      1.354601      -0.945061      0.941103      
220      0.463681      0.022842      0.148529      1.357013      -0.939970      0.936003      
221      0.465441      0.023082      0.148009      1.361287      -0.930864      0.926880      
222      0.466051      0.023192      0.147869      1.361940      -0.929463      0.925476      
223      0.467361      0.023432      0.147529      1.363989      -0.925054      0.921060      
224      0.468681      0.023742      0.147259      1.365869      -0.920985      0.916984      
225      0.470071      0.023992      0.147109      1.367557      -0.917316      0.913308      
226      0.471431      0.024342      0.146819      1.370212      -0.911508      0.907490      
227      0.472631      0.024802      0.146499      1.373168      -0.904990      0.900961      
228      0.474411      0.025412      0.146019      1.375724      -0.899312      0.895273      
229      0.475431      0.025892      0.145709      1.376605      -0.897346      0.893303      
230      0.476481      0.026252      0.145399      1.377941      -0.894353      0.890306      
231      0.477571      0.026692      0.145129      1.379562      -0.890707      0.886653      
232      0.478131      0.026832      0.145019      1.380514      -0.888557      0.884499      
233      0.479391      0.027102      0.144799      1.382331      -0.884437      0.880373      
234      0.480551      0.027412      0.144569      1.384232      -0.880104      0.876032      
235      0.481661      0.027632      0.144309      1.386352      -0.875244      0.871163      
236      0.482661      0.027892      0.143949      1.388695      -0.869834      0.865745      
237      0.483591      0.028082      0.143599      1.392183      -0.861711      0.857608      
238      0.484491      0.028162      0.143219      1.396631      -0.851221      0.847101      
239      0.486081      0.028132      0.142589      1.401079      -0.840585      0.836447      
240      0.487201      0.028022      0.142179      1.403791      -0.834024      0.829876      
241      0.488221      0.027802      0.141719      1.406698      -0.826925      0.822766      
242      0.488731      0.027722      0.141499      1.407950      -0.823848      0.819684      
243      0.489581      0.027552      0.141119      1.410616      -0.817248      0.813073      
244      0.490221      0.027222      0.140969      1.413410      -0.810271      0.806085      
245      0.490591      0.026942      0.140869      1.417156      -0.800804      0.796604      
246      0.490791      0.026732      0.140669      1.421621      -0.789356      0.785138      
247      0.491081      0.026432      0.140239      1.430886      -0.764993      0.760738      
248      0.491451      0.026302      0.139879      1.435553      -0.752389      0.748116      
249      0.491931      0.026142      0.139469      1.438746      -0.743631      0.739345      
250      0.492171      0.026062      0.139259      1.439986      -0.740198      0.735907      
251      0.492171      0.026062      0.139259      1.443360      -0.730772      0.726467      
252      0.492171      0.026062      0.139259      1.445973      -0.723378      0.719063      
253      0.492171      0.026062      0.139259      1.447752      -0.718296      0.713973      
254      0.492171      0.026062      0.139259      1.449520      -0.713204      0.708874      
255      0.492171      0.026062      0.139259      1.451202      -0.708326      0.703989      
256      0.492171      0.026062      0.139259      1.455820      -0.694739      0.690383      
257      0.492171      0.026062      0.139259      1.459643      -0.683268      0.678897      
258      0.492171      0.026062      0.139259      1.462563      -0.674365      0.669982      
259      0.492171      0.026062      0.139259      1.465893      -0.664053      0.659657      
260      0.492171      0.026062      0.139259      1.467583      -0.658753      0.654349      
261      0.492171      0.026062      0.139259      1.470881      -0.648278      0.643861      
262      0.492171      0.026062      0.139259      1.471049      -0.647738      0.643319      
263      0.492171      0.026062      0.139259      1.470183      -0.650509      0.646095      
264      0.492171      0.026062      0.139259      1.469713      -0.652007      0.647594      
265      0.492171      0.026062      0.139259      1.468312      -0.656453      0.652046      
266      0.492171      0.026062      0.139259      1.466957      -0.660720      0.656319      
267      0.492171      0.026062      0.139259      1.464283      -0.669060      0.664669      
268      0.492171      0.026062      0.139259      1.460258      -0.681403      0.677029      
269      0.492171      0.026062      0.139259      1.457682      -0.689178      0.684815      
270      0.492171      0.026062      0.139259      1.453864      -0.700529      0.696182      
271      0.492171      0.026062      0.139259      1.451445      -0.707618      0.703280      
272      0.492171      0.026062      0.139259      1.441333      -0.736450      0.732153      
273      0.492171      0.026062      0.139259      1.421615      -0.789372      0.785154      
274      0.492171      0.026062      0.139259      1.419669      -0.794385      0.790175      
275      0.492171      0.026062      0.139259      1.422771      -0.786378      0.782156      
276      0.492551      0.026422      0.139089      1.425124      -0.780244      0.776012      
277      0.492641      0.026802      0.138539      1.430218      -0.766779      0.762527      
278      0.492531      0.027182      0.138049      1.435390      -0.752835      0.748562      
279      0.492601      0.027292      0.137909      1.437243      -0.747769      0.743489      
280      0.492681      0.027322      0.137839      1.439008      -0.742909      0.738622      
281      0.492851      0.027472      0.137769      1.444240      -0.728290      0.723982      
282      0.493381      0.027682      0.137429      1.447768      -0.718249      0.713927      
283      0.493901      0.027992      0.136779      1.451110      -0.708595      0.704259      
284      0.494391      0.028152      0.136279      1.451450      -0.707602      0.703265      
285      0.494981      0.028552      0.135169      1.452504      -0.704524      0.700182      
286      0.495601      0.028982      0.134029      1.454667      -0.698158      0.693807      
287      0.495911      0.029172      0.133729      1.455975      -0.694277      0.689921      
288      0.496111      0.029352      0.133469      1.458469      -0.686812      0.682446      
289      0.496171      0.029382      0.133449      1.459388      -0.684038      0.679668      
290      0.496321      0.029442      0.133289      1.459426      -0.683923      0.679553      
291      0.496411      0.029472      0.132669      1.459902      -0.682482      0.678110      
292      0.496671      0.029622      0.131819      1.460666      -0.680162      0.675787      
293      0.497281      0.029672      0.130579      1.462706      -0.673925      0.669542      
294      0.497661      0.029562      0.130059      1.463497      -0.671489      0.667102      
295      0.497971      0.029382      0.129529      1.464370      -0.668790      0.664399      
296      0.498161      0.029272      0.128979      1.467164      -0.660072      0.655670      
297      0.498271      0.029122      0.128829      1.468780      -0.654971      0.650562      
298      0.498631      0.028732      0.128739      1.470408      -0.649791      0.645376      
299      0.499091      0.028522      0.128569      1.473843      -0.638709      0.634279      
300      0.499651      0.028082      0.128789      1.477460      -0.626816      0.622372      
301      0.500281      0.027732      0.128889      1.479646      -0.619510      0.615056      
302      0.500901      0.027272      0.128769      1.482307      -0.610492      0.606027      
303      0.501071      0.027122      0.128519      1.484400      -0.603296      0.598822      
304      0.501081      0.027022      0.128299      1.488269      -0.589748      0.585257      
305      0.501121      0.026922      0.128269      1.489417      -0.585666      0.581171      
306      0.501251      0.026702      0.128299      1.491362      -0.578679      0.574175      
307      0.501401      0.026502      0.128349      1.493623      -0.570441      0.565927      
308      0.501631      0.026392      0.128399      1.496229      -0.560788      0.556264      
309      0.501821      0.026272      0.128559      1.498956      -0.550495      0.545959      
310      0.501721      0.026232      0.128559      1.503927      -0.531200      0.526642      
311      0.501971      0.026302      0.128549      1.505855      -0.523512      0.518945      
312      0.502001      0.026432      0.128399      1.508503      -0.512760      0.508181      
313      0.502021      0.026522      0.128279      1.509748      -0.507623      0.503039      
314      0.502121      0.026562      0.128179      1.510986      -0.502461      0.497872      
315      0.502441      0.026662      0.127919      1.512226      -0.497237      0.492642      
316      0.502661      0.026712      0.127719      1.512466      -0.496218      0.491622      
317      0.503101      0.026802      0.127109      1.514579      -0.487157      0.482552      
318      0.504051      0.027072      0.125999      1.517255      -0.475425      0.470807      
319      0.504881      0.027152      0.125429      1.518149      -0.471440      0.466818      
320      0.505511      0.027092      0.124949      1.518935      -0.467906      0.463280      
321      0.505791      0.027082      0.124399      1.519957      -0.463266      0.458636      
322      0.505881      0.026972      0.124069      1.520831      -0.459264      0.454630      
323      0.505921      0.026852      0.124049      1.521069      -0.458166      0.453531      
324      0.505991      0.026592      0.124029      1.521703      -0.455230      0.450592      
325      0.506131      0.026252      0.124039      1.522726      -0.450456      0.445813      
326      0.506411      0.025852      0.124159      1.523785      -0.445454      0.440807      
327      0.506741      0.025462      0.124309      1.524256      -0.443211      0.438561      
328      0.507021      0.024982      0.124379      1.525355      -0.437935      0.433280      
329      0.507241      0.024382      0.124269      1.526896      -0.430422      0.425760      
330      0.507391      0.023942      0.124179      1.527839      -0.425753      0.421086      
331      0.507471      0.023712      0.124179      1.528479      -0.422556      0.417886      
332      0.507551      0.023312      0.123999      1.530255      -0.413557      0.408879      
333      0.507621      0.022962      0.123769      1.532049      -0.404252      0.399565      
334      0.507731      0.022502      0.123689      1.533482      -0.396660      0.391966      
335      0.507791      0.022152      0.123489      1.534569      -0.390799      0.386100      
336      0.507591      0.021922      0.122989      1.537492      -0.374584      0.369871      
337      0.507371      0.021582      0.122459      1.539617      -0.362323      0.357599      
338      0.507281      0.021412      0.122069      1.540846      -0.355042      0.350312      
339      0.507221      0.021232      0.121929      1.541939      -0.348432      0.343696      
340      0.507171      0.021052      0.121789      1.542765      -0.343352      0.338612      
341      0.507101      0.020992      0.121699      1.543358      -0.339655      0.334912      
342      0.506851      0.020882      0.121409      1.545100      -0.328562      0.323810      
343      0.506691      0.020782      0.121199      1.546384      -0.320133      0.315375      
344      0.506531      0.020672      0.120979      1.547308      -0.313923      0.309160      
345      0.506311      0.020532      0.120699      1.548112      -0.308417      0.303649      
346      0.505971      0.020332      0.120279      1.549150      -0.301165      0.296392      
347      0.505921      0.020142      0.120139      1.549588      -0.298043      0.293267      
348      0.505801      0.020022      0.119879      1.550356      -0.292503      0.287723      
349      0.505741      0.019802      0.119719      1.550970      -0.287995      0.283212      
350      0.505701      0.019732      0.119429      1.551611      -0.283205      0.278419      
351      0.505701      0.019632      0.119129      1.552655      -0.275237      0.270444      
352      0.505771      0.019402      0.118979      1.553556      -0.268167      0.263370      
353      0.505811      0.019282      0.118889      1.554170      -0.263234      0.258434      
354      0.505901      0.019032      0.118719      1.554833      -0.257808      0.253003      
355      0.505981      0.018772      0.118599      1.555259      -0.254260      0.249453      
356      0.506011      0.018392      0.118199      1.555734      -0.250242      0.245432      
357      0.506011      0.018072      0.117949      1.556093      -0.247156      0.242344      
358      0.506141      0.017672      0.117919      1.556510      -0.243537      0.238723      
359      0.506291      0.017252      0.117949      1.556771      -0.241234      0.236418      
360      0.506351      0.016842      0.117859      1.557238      -0.237066      0.232248      
361      0.506401      0.016622      0.117789      1.557420      -0.235429      0.230609      
362      0.506451      0.016292      0.117669      1.558065      -0.229506      0.224682      
363      0.506611      0.015852      0.117699      1.558617      -0.224310      0.219483      
364      0.506811      0.015302      0.117679      1.559750      -0.213260      0.208426      
365      0.506971      0.014962      0.117699      1.560704      -0.203494      0.198654      
366      0.507001      0.014782      0.117589      1.561565      -0.194251      0.189405      
367      0.506881      0.014582      0.117479      1.563606      -0.170374      0.165514      
368      0.507051      0.014422      0.117509      1.564281      -0.161707      0.156842      
369      0.507011      0.014432      0.117279      1.564626      -0.157103      0.152235      
370      0.506981      0.014422      0.117229      1.564778      -0.155024      0.150156      
371      0.506881      0.014412      0.117139      1.565108      -0.150419      0.145548      
372      0.506841      0.014412      0.117069      1.565276      -0.148026      0.143154      
373      0.506751      0.014402      0.116829      1.565817      -0.140016      0.135140      
374      0.506711      0.014412      0.116649      1.566100      -0.135646      0.130767      
375      0.506621      0.014462      0.116409      1.566503      -0.129181      0.124299      
376      0.506511      0.014502      0.116189      1.566959      -0.121428      0.116542      
377      0.506411      0.014472      0.116109      1.567464      -0.112246      0.107356      
378      0.506421      0.014412      0.116069      1.567845      -0.104806      0.099912      
379      0.506481      0.014342      0.116129      1.567970      -0.102231      0.097336      
380      0.506521      0.014252      0.116149      1.568236      -0.096580      0.091682      
381      0.506621      0.014172      0.116219      1.568419      -0.092475      0.087575      
382      0.506731      0.014142      0.116309      1.568582      -0.088668      0.083767      
383      0.506721      0.014162      0.116339      1.568699      -0.085818      0.080916      
384      0.506721      0.014202      0.116349      1.568840      -0.082278      0.077374      
385      0.506691      0.014312      0.116299      1.568980      -0.078604      0.073699      
386      0.506641      0.014372      0.116299      1.569307      -0.069278      0.064368      
387      0.506641      0.014392      0.116299      1.569482      -0.063759      0.058847      
388      0.506661      0.014362      0.116309      1.569596      -0.059888      0.054975      
389      0.506691      0.014332      0.116329      1.569613      -0.059292      0.054378      
390      0.506651      0.014332      0.116279      1.569661      -0.057572      0.052658      
391      0.506711      0.014352      0.116359      1.569838      -0.050750      0.045832      
392      0.506781      0.014382      0.116439      1.569880      -0.048999      0.044081      
393      0.506831      0.014452      0.116489      1.569977      -0.044696      0.039776      
394      0.506891      0.014512      0.116589      1.570074      -0.039930      0.035009      
395      0.506901      0.014592      0.116619      1.570116      -0.037692      0.032770      
396      0.506811      0.014722      0.116549      1.570191      -0.033374      0.028450      
397      0.506781      0.014742      0.116539      1.570216      -0.031795      0.026871      
398      0.506741      0.014772      0.116529      1.570273      -0.027916      0.022991      
399      0.506661      0.014862      0.116439      1.570333      -0.023189      0.018262      
400      0.506601      0.014862      0.116389      1.570359      -0.020857      0.015929      
401      0.506581      0.014872      0.116359      1.570387      -0.018030      0.013101      
402      0.506691      0.014892      0.116489      1.570407      -0.015745      0.010815      
403      0.506781      0.014882      0.116569      1.570433      -0.012133      0.007202      
404      0.506971      0.014842      0.116779      1.570451      -0.008961      0.004029      
405      0.507171      0.014852      0.116929      1.570471      -0.003802      -0.001132      
406      0.507271      0.014792      0.117019      1.570477      -0.000394      -0.004541      
407      0.507441      0.014672      0.117179      1.570472      0.007074      -0.012012      
408      0.507361      0.014582      0.117209      1.570377      0.022811      -0.027753      
409      0.507631      0.014322      0.117409      1.570304      0.029336      -0.034280      
410      0.507651      0.014252      0.117279      1.570260      0.032587      -0.037532      
411      0.507661      0.014212      0.117329      1.570272      0.031732      -0.036676      
412      0.507671      0.014062      0.117419      1.570187      0.037315      -0.042261      
413      0.507911      0.013862      0.117559      1.570157      0.039144      -0.044091      
414      0.508041      0.013792      0.117659      1.570143      0.039937      -0.044884      
415      0.508261      0.013552      0.117819      1.570046      0.045089      -0.050037      
416      0.508401      0.013302      0.117929      1.570038      0.045458      -0.050406      
417      0.508461      0.013122      0.117879      1.570003      0.047201      -0.052150      
418      0.508481      0.012902      0.117839      1.569992      0.047680      -0.052629      
419      0.508531      0.012642      0.117809      1.569925      0.050750      -0.055700      
420      0.508531      0.012452      0.117689      1.569850      0.053954      -0.058904      
421      0.508631      0.012132      0.117739      1.569847      0.054087      -0.059038      
422      0.508591      0.012062      0.117659      1.569802      0.055917      -0.060868      
423      0.508641      0.011742      0.117609      1.569656      0.061484      -0.066436      
424      0.508661      0.011632      0.117599      1.569486      0.067326      -0.072279      
425      0.508681      0.011562      0.117589      1.569457      0.068300      -0.073253      
426      0.508691      0.011542      0.117619      1.569369      0.071079      -0.076033      
427      0.508751      0.011562      0.117709      1.569297      0.073301      -0.078256      
428      0.508741      0.011602      0.117759      1.569166      0.077172      -0.082128      
429      0.508741      0.011622      0.117799      1.568962      0.082802      -0.087758      
430      0.508741      0.011642      0.117849      1.568879      0.084976      -0.089933      
431      0.508731      0.011732      0.118089      1.568679      0.090033      -0.094991      
432      0.508661      0.011862      0.118049      1.568520      0.093848      -0.098807      
433      0.508581      0.011982      0.118009      1.568353      0.097672      -0.102631      
434      0.508441      0.012092      0.117869      1.568244      0.100105      -0.105065      
435      0.508241      0.012202      0.117719      1.568095      0.103332      -0.108292      
436      0.508061      0.012282      0.117529      1.567903      0.107328      -0.112289      
437      0.507881      0.012382      0.117349      1.567842      0.108576      -0.113537      
438      0.507681      0.012452      0.117169      1.567637      0.112650      -0.117612      
439      0.507661      0.012482      0.117219      1.567446      0.116316      -0.121278      
440      0.507701      0.012512      0.117329      1.567230      0.120319      -0.125282      
441      0.507811      0.012552      0.117599      1.566997      0.124479      -0.129443      
442      0.507851      0.012562      0.117919      1.566735      0.129016      -0.133980      
443      0.507851      0.012742      0.117989      1.566602      0.131253      -0.136218      
444      0.507821      0.012922      0.118009      1.566335      0.135625      -0.140590      
445      0.507881      0.013002      0.118169      1.566178      0.138136      -0.143102      
446      0.507991      0.013092      0.118289      1.566082      0.139651      -0.144616      
447      0.508061      0.013132      0.118419      1.565874      0.142861      -0.147827      
448      0.508201      0.013162      0.118629      1.565617      0.146753      -0.151720      
449      0.508311      0.013152      0.118769      1.565290      0.151540      -0.156507      
450      0.508431      0.013152      0.118879      1.565009      0.155527      -0.160494      
451      0.508501      0.013162      0.118959      1.564712      0.159646      -0.164614      
452      0.508621      0.013192      0.119089      1.564605      0.161106      -0.166073      
453      0.508611      0.013252      0.119069      1.564458      0.163075      -0.168043      
454      0.508751      0.013292      0.119239      1.564442      0.163295      -0.168263      
455      0.508871      0.013332      0.119359      1.564333      0.164746      -0.169714      
456      0.509261      0.013362      0.119759      1.564048      0.168473      -0.173442      
457      0.509511      0.013342      0.120009      1.563610      0.174044      -0.179012      
458      0.509631      0.013322      0.120139      1.563547      0.174836      -0.179805      
459      0.509851      0.013292      0.120359      1.563415      0.176476      -0.181445      
460      0.509981      0.013312      0.120509      1.563229      0.178759      -0.183728      
461      0.510131      0.013362      0.120679      1.562907      0.182634      -0.187603      
462      0.510291      0.013412      0.120869      1.562607      0.186180      -0.191149      
463      0.510421      0.013492      0.121039      1.562188      0.191012      -0.195981      
464      0.510641      0.013562      0.121349      1.561829      0.195059      -0.200029      
465      0.511011      0.013672      0.121779      1.561363      0.200180      -0.205150      
466      0.511291      0.013762      0.122089      1.560932      0.204807      -0.209777      
467      0.511351      0.013802      0.122179      1.560755      0.206682      -0.211652      
468      0.511531      0.013852      0.122419      1.560384      0.210548      -0.215518      
469      0.511671      0.013922      0.122579      1.560313      0.211277      -0.216247      
470      0.511731      0.014002      0.122649      1.559992      0.214555      -0.219525      
471      0.511921      0.014042      0.122939      1.560002      0.214453      -0.219423      
472      0.512101      0.014092      0.123129      1.559595      0.218530      -0.223500      
473      0.512581      0.014112      0.123709      1.559301      0.221431      -0.226401      
474      0.512811      0.014182      0.123949      1.559208      0.222341      -0.227311      
475      0.512931      0.014162      0.124129      1.559107      0.223329      -0.228299      
476      0.512991      0.014162      0.124209      1.559150      0.222913      -0.227883      
477      0.513141      0.014182      0.124399      1.558660      0.227633      -0.232603      
478      0.513251      0.014222      0.124519      1.558321      0.230839      -0.235809      
479      0.513441      0.014202      0.124749      1.558192      0.232046      -0.237016      
480      0.513771      0.014122      0.125159      1.557557      0.237910      -0.242879      
481      0.514171      0.014032      0.125599      1.557376      0.239548      -0.244517      
482      0.514521      0.013942      0.125999      1.556875      0.244047      -0.249016      
483      0.514801      0.013872      0.126309      1.556715      0.245457      -0.250427      
484      0.515211      0.013732      0.126779      1.556388      0.248334      -0.253303      
485      0.515491      0.013702      0.127069      1.556281      0.249258      -0.254228      
486      0.515631      0.013642      0.127329      1.555969      0.251962      -0.256931      
487      0.515791      0.013612      0.127519      1.555681      0.254423      -0.259392      
488      0.515881      0.013662      0.127619      1.555232      0.258215      -0.263184      
489      0.516221      0.013522      0.128039      1.554977      0.260346      -0.265315      
490      0.516321      0.013512      0.128129      1.554799      0.261819      -0.266788      
491      0.516621      0.013382      0.128439      1.554635      0.263175      -0.268143      
492      0.516941      0.013182      0.128749      1.554454      0.264656      -0.269624      
493      0.517001      0.013142      0.128799      1.554146      0.267163      -0.272131      
494      0.517111      0.013052      0.128889      1.554098      0.267547      -0.272515      
495      0.517201      0.012982      0.128969      1.553930      0.268902      -0.273870      
496      0.517221      0.012982      0.128989      1.553855      0.269505      -0.274473      
497      0.517251      0.013052      0.129049      1.553914      0.269035      -0.274003      
498      0.517211      0.013122      0.129019      1.553752      0.270335      -0.275304      
499      0.517221      0.013122      0.129069      1.553266      0.274197      -0.279165      
500      0.517271      0.013102      0.129119      1.553086      0.275607      -0.280575      
501      0.517261      0.013102      0.129109      1.552911      0.276978      -0.281946      
502      0.517311      0.013032      0.129169      1.552314      0.281599      -0.286566      
503      0.517331      0.012982      0.129169      1.552026      0.283800      -0.288767      
504      0.517211      0.012942      0.128989      1.551776      0.285703      -0.290670      
505      0.516981      0.012952      0.128709      1.551432      0.288287      -0.293254      
506      0.516821      0.013042      0.128539      1.551257      0.289595      -0.294562      
507      0.516771      0.013092      0.128479      1.551135      0.290504      -0.295470      
508      0.516771      0.013092      0.128489      1.551081      0.290911      -0.295877      
509      0.516781      0.013072      0.128509      1.550702      0.293706      -0.298672      
510      0.516831      0.013002      0.128549      1.550444      0.295601      -0.300567      
511      0.516811      0.012962      0.128489      1.550028      0.298623      -0.303589      
512      0.516831      0.012862      0.128439      1.549536      0.302154      -0.307119      
513      0.516761      0.012722      0.128319      1.549489      0.302491      -0.307456      
514      0.516571      0.012572      0.128019      1.548929      0.306460      -0.311424      
515      0.516581      0.012432      0.128009      1.548915      0.306562      -0.311526      
516      0.516561      0.012262      0.127929      1.548735      0.307822      -0.312786      
517      0.516561      0.012102      0.127859      1.548450      0.309818      -0.314782      
518      0.516541      0.012022      0.127809      1.548479      0.309615      -0.314578      
519      0.516521      0.012012      0.127769      1.548281      0.310992      -0.315956      
520      0.516551      0.011922      0.127829      1.548212      0.311470      -0.316433      
521      0.516531      0.011892      0.127769      1.547513      0.316267      -0.321230      
522      0.516541      0.011862      0.127779      1.547365      0.317277      -0.322240      
523      0.516521      0.011892      0.127749      1.547125      0.318905      -0.323867      
524      0.516501      0.011912      0.127709      1.546768      0.321307      -0.326270      
525      0.516491      0.011902      0.127699      1.546754      0.321401      -0.326363      
526      0.516481      0.011922      0.127659      1.546738      0.321511      -0.326473      
527      0.516481      0.011862      0.127659      1.546561      0.322692      -0.327654      
528      0.516501      0.011802      0.127649      1.546243      0.324813      -0.329775      
529      0.516411      0.011722      0.127599      1.545314      0.330916      -0.335877      
530      0.516531      0.011702      0.127659      1.544693      0.334929      -0.339889      
531      0.516511      0.011672      0.127639      1.544242      0.337816      -0.342775      
532      0.516481      0.011662      0.127599      1.544183      0.338191      -0.343151      
533      0.516451      0.011652      0.127539      1.544138      0.338481      -0.343440      
534      0.516461      0.011612      0.127589      1.544076      0.338872      -0.343831      
535      0.516471      0.011602      0.127569      1.544592      0.335579      -0.340539      
536      0.516631      0.011512      0.127789      1.546125      0.325596      -0.330557      
537      0.516631      0.011512      0.127789      1.550605      0.294419      -0.299385      
538      0.516631      0.011512      0.127789      1.554525      0.264076      -0.269044      
539      0.516631      0.011512      0.127789      1.557846      0.235260      -0.240230      
540      0.516631      0.011512      0.127789      1.559937      0.215112      -0.220082      
541      0.516631      0.011512      0.127789      1.560733      0.206909      -0.211879      
542      0.516631      0.011512      0.127789      1.562009      0.193043      -0.198013      
543      0.516631      0.011512      0.127789      1.563064      0.180751      -0.185720      
544      0.516631      0.011512      0.127789      1.564387      0.164025      -0.168992      
545      0.516631      0.011512      0.127789      1.565038      0.155126      -0.160094      
546      0.516631      0.011512      0.127789      1.565834      0.143473      -0.148439      
547      0.516631      0.011512      0.127789      1.566453      0.133710      -0.138674      
548      0.516631      0.011512      0.127789      1.567012      0.124228      -0.129192      
549      0.516631      0.011512      0.127789      1.567261      0.119746      -0.124709      
550      0.516631      0.011512      0.127789      1.567836      0.108701      -0.113663      
551      0.516631      0.011512      0.127789      1.568444      0.095615      -0.100574      
552      0.516631      0.011512      0.127789      1.568926      0.083767      -0.088724      
553      0.516631      0.011512      0.127789      1.569440      0.068834      -0.073787      
554      0.516631      0.011512      0.127789      1.569845      0.054174      -0.059124      
555      0.516631      0.011512      0.127789      1.570092      0.042733      -0.047680      
556      0.516631      0.011512      0.127789      1.570268      0.031991      -0.036935      
557      0.516631      0.011512      0.127789      1.570386      0.021806      -0.026748      
558      0.516631      0.011512      0.127789      1.570477      -0.000519      -0.004416      
559      0.516631      0.011512      0.127789      1.570378      -0.018988      0.014060      
560      0.516631      0.011512      0.127789      1.570283      -0.027178      0.022252      
561      0.516631      0.011512      0.127789      1.570172      -0.034536      0.029612      
562      0.516631      0.011512      0.127789      1.570060      -0.040676      0.035755      
563      0.516631      0.011512      0.127789      1.569803      -0.052171      0.047254      
564      0.516631      0.011512      0.127789      1.569307      -0.069302      0.064392      
565      0.516631      0.011512      0.127789      1.569103      -0.075229      0.070322      
566      0.516631      0.011512      0.127789      1.568474      -0.091195      0.086295      
567      0.516631      0.011512      0.127789      1.567726      -0.107184      0.102291      
568      0.516631      0.011512      0.127789      1.567045      -0.119913      0.115027      
569      0.516631      0.011512      0.127789      1.565520      -0.144472      0.139598      
570      0.516631      0.011512      0.127789      1.564720      -0.155816      0.150948      
571      0.516631      0.011512      0.127789      1.563761      -0.168421      0.163560      
572      0.516281      0.011172      0.127999      1.562656      -0.181886      0.177033      
573      0.515821      0.010842      0.128199      1.561396      -0.196101      0.191257      
574      0.515301      0.010532      0.128249      1.560064      -0.210094      0.205258      
575      0.515061      0.010352      0.128339      1.558922      -0.221395      0.216566      
576      0.514491      0.009982      0.128599      1.556666      -0.242158      0.237343      
577      0.513661      0.009472      0.129109      1.553754      -0.266586      0.261787      
578      0.513041      0.009162      0.129379      1.550973      -0.287972      0.283189      
579      0.512311      0.008842      0.129579      1.548511      -0.305647      0.300878      
580      0.511601      0.008522      0.129849      1.546435      -0.319789      0.315030      
581      0.510921      0.008172      0.130219      1.544125      -0.334816      0.330070      
582      0.510171      0.007852      0.130559      1.542169      -0.347025      0.342288      
583      0.509731      0.007682      0.130719      1.541520      -0.350979      0.346246      
584      0.508941      0.007402      0.130919      1.540216      -0.358792      0.354065      
585      0.508121      0.007152      0.131129      1.538861      -0.366736      0.362016      
586      0.506921      0.006672      0.131599      1.536922      -0.377801      0.373091      
587      0.506041      0.006402      0.131899      1.534972      -0.388606      0.383905      
588      0.505031      0.006102      0.132159      1.532782      -0.400390      0.395699      
589      0.503901      0.005812      0.132479      1.530321      -0.413214      0.408536      
590      0.502661      0.005502      0.132649      1.527029      -0.429767      0.425104      
591      0.501431      0.005202      0.132849      1.523080      -0.448789      0.444144      
592      0.500301      0.004932      0.133259      1.519930      -0.463391      0.458761      
593      0.499781      0.004802      0.133469      1.518435      -0.470155      0.465532      
594      0.498861      0.004562      0.134009      1.515531      -0.483019      0.478409      
595      0.497551      0.004212      0.134679      1.513032      -0.493807      0.489209      
596      0.496761      0.004062      0.134979      1.511355      -0.500914      0.496323      
597      0.495981      0.003902      0.135049      1.509908      -0.506962      0.502377      
598      0.495221      0.003842      0.135049      1.507372      -0.517383      0.512809      
599      0.494481      0.003782      0.134999      1.505563      -0.524685      0.520119      
600      0.494101      0.003752      0.135009      1.504477      -0.529018      0.524458      
601      0.493361      0.003652      0.134959      1.502057      -0.538545      0.533995      
602      0.492251      0.003472      0.135049      1.496995      -0.557919      0.553391      
603      0.491511      0.003312      0.135199      1.494085      -0.568743      0.564228      
604      0.490721      0.003182      0.135379      1.490526      -0.581692      0.577192      
605      0.489931      0.003092      0.135519      1.487845      -0.591250      0.586762      
606      0.489131      0.003012      0.135679      1.484753      -0.602073      0.597597      
607      0.488301      0.002882      0.135859      1.481082      -0.614661      0.610201      
608      0.487941      0.002882      0.135859      1.478742      -0.622541      0.618091      
609      0.487121      0.002922      0.135769      1.474913      -0.635217      0.630783      
610      0.485881      0.002912      0.135869      1.469213      -0.653597      0.649187      
611      0.484971      0.002922      0.135949      1.465257      -0.666036      0.661642      
612      0.484031      0.002992      0.135949      1.461934      -0.676292      0.671912      
613      0.483011      0.003062      0.135969      1.458696      -0.686127      0.681759      
614      0.481641      0.003192      0.135959      1.455366      -0.696086      0.691733      
615      0.480631      0.003332      0.135869      1.453115      -0.702731      0.698386      
616      0.480181      0.003352      0.135839      1.452112      -0.705671      0.701331      
617      0.479241      0.003372      0.135799      1.449771      -0.712481      0.708150      
618      0.478481      0.003402      0.135709      1.448210      -0.716980      0.712656      
619      0.477831      0.003322      0.135749      1.445681      -0.724208      0.719894      
620      0.477271      0.003182      0.135809      1.443774      -0.729604      0.725298      
621      0.476721      0.003012      0.135939      1.442131      -0.734222      0.729922      
622      0.476091      0.002782      0.136019      1.439102      -0.742648      0.738360      
623      0.475311      0.002512      0.136019      1.436450      -0.749941      0.745664      
624      0.474471      0.002242      0.136079      1.433479      -0.758021      0.753756      
625      0.473991      0.002102      0.136099      1.432073      -0.761810      0.757551      
626      0.472431      0.001792      0.135759      1.428706      -0.770804      0.766558      
627      0.471451      0.001622      0.135599      1.425989      -0.777976      0.773741      
628      0.470481      0.001372      0.135529      1.422771      -0.786378      0.782156      
629      0.469581      0.001132      0.135439      1.420633      -0.791905      0.787691      
630      0.468671      0.000882      0.135329      1.416424      -0.802663      0.798465      
631      0.467811      0.000652      0.135139      1.412525      -0.812487      0.808305      
632      0.466961      0.000472      0.134919      1.409844      -0.819166      0.814994      
633      0.466561      0.000382      0.134789      1.407398      -0.825207      0.821045      
634      0.465241      0.000132      0.134229      1.401585      -0.839364      0.835225      
635      0.464371      -0.000078      0.134019      1.398408      -0.846990      0.842863      
636      0.463441      -0.000348      0.133919      1.393924      -0.857621      0.853511      
637      0.462551      -0.000628      0.133719      1.389823      -0.867215      0.863122      
638      0.461611      -0.000928      0.133509      1.385849      -0.876400      0.872322      
639      0.460671      -0.001228      0.133219      1.381846      -0.885539      0.881477      
640      0.459721      -0.001548      0.132929      1.378336      -0.893465      0.889416      
641      0.459271      -0.001718      0.132819      1.376693      -0.897148      0.893106      
642      0.457821      -0.002258      0.132439      1.370689      -0.910461      0.906441      
643      0.456861      -0.002628      0.132149      1.367170      -0.918158      0.914151      
644      0.455921      -0.003008      0.131879      1.362550      -0.928152      0.924164      
645      0.454981      -0.003418      0.131599      1.356859      -0.940295      0.936328      
646      0.454191      -0.003778      0.131509      1.352053      -0.950407      0.946459      
647      0.453391      -0.004148      0.131559      1.347068      -0.960767      0.956837      
648      0.452641      -0.004438      0.131589      1.341863      -0.971441      0.967531      
649      0.451791      -0.004668      0.131559      1.336353      -0.982595      0.978706      
650      0.450951      -0.004818      0.131449      1.329694      -0.995876      0.992012      
651      0.450051      -0.004908      0.131159      1.325977      -1.003199      0.999349      
652      0.449111      -0.004978      0.130849      1.321769      -1.011411      1.007577      
