69      74.742830      0.087270      
70      74.391596      0.087270      
71      73.988222      0.087270      
72      73.676524      0.087270      
73      73.138501      0.087270      
74      72.705905      0.087270      
75      72.438899      0.087270      
76      71.605220      0.087270      
77      71.237944      0.087270      
78      70.961770      0.087270      
79      70.491358      0.087270      
80      69.657679      0.087270      
81      68.310616      0.087270      
82      67.628776      0.087270      
83      67.021423      0.087270      
84      66.531530      0.087270      
85      65.700143      0.087270      
86      64.987936      0.087270      
87      64.146809      0.087270      
88      63.806462      0.087270      
89      63.247239      0.087270      
90      62.610664      0.087270      
91      62.129365      0.087270      
92      61.401687      0.087270      
93      61.142130      0.087270      
94      60.803502      0.087270      
95      60.311316      0.087270      
96      60.106191      0.087270      
97      59.864396      0.087270      
98      59.564157      0.087270      
99      59.202610      0.087270      
100      58.558014      0.087270      
101      58.207926      0.087270      
102      58.061245      0.087270      
103      57.636097      0.087270      
104      57.171988      0.087270      
105      57.122139      0.087270      
106      56.734808      0.087270      
107      56.548018      0.087270      
108      56.395607      0.087270      
109      56.003693      0.087270      
110      55.594589      0.087270      
111      55.382015      0.087270      
112      55.227885      0.087270      
113      54.703040      0.087270      
114      54.421136      0.087270      
115      54.253828      0.087270      
116      53.818367      0.087270      
117      52.667261      0.087270      
118      52.253573      0.087270      
119      51.920102      0.087270      
120      51.692058      0.087270      
121      51.254305      0.087270      
122      50.788477      0.087270      
123      50.609709      0.087270      
124      50.236129      0.087270      
125      49.842496      0.087270      
126      49.483813      0.087270      
127      49.137737      0.087270      
128      48.448448      0.087270      
129      48.009550      0.087270      
130      47.665765      0.087270      
131      47.395894      0.087270      
132      46.800573      0.087270      
133      46.495177      0.087270      
134      46.043673      0.087270      
135      45.538310      0.087270      
136      45.255833      0.087270      
137      45.040395      0.087270      
138      44.772243      0.087270      
139      44.563680      0.087270      
140      44.377463      0.087270      
141      44.041700      0.087270      
142      43.587331      0.087270      
143      43.432055      0.087270      
144      43.116919      0.087270      
145      42.686042      0.087270      
146      42.230527      0.087270      
147      42.153175      0.087270      
148      41.714277      0.087270      
149      40.916696      0.087270      
150      40.494986      0.087270      
151      39.849244      0.087270      
152      39.025306      0.087270      
153      38.612192      0.087270      
154      38.400191      0.087270      
155      38.296483      0.087270      
156      38.159542      0.087270      
157      38.135477      0.087270      
158      38.162979      0.087270      
159      37.992233      0.087270      
160      37.835811      0.087270      
161      37.549324      0.087270      
162      37.441604      0.087270      
163      37.239917      0.087270      
164      37.231323      0.087270      
165      37.116155      0.087270      
166      36.770078      0.087270      
167      36.706478      0.087270      
168      36.432023      0.087270      
169      36.162152      0.087270      
170      35.691167      0.087270      
171      35.279198      0.087270      
172      34.958905      0.087270      
173      34.821391      0.087270      
174      34.431768      0.087270      
175      33.880567      0.087270      
176      33.427917      0.087270      
177      32.360465      0.087270      
178      31.949642      0.087270      
179      31.707847      0.087270      
180      30.840363      0.087270      
181      30.663887      0.087270      
182      30.485119      0.087270      
183      29.803279      0.087270      
184      29.160974      0.087270      
185      29.010855      0.087270      
186      28.910011      0.087270      
187      28.815470      0.087270      
188      28.651600      0.087270      
189      28.642432      0.087270      
190      28.526691      0.087270      
191      28.342193      0.087270      
192      28.198377      0.087270      
193      28.053987      0.087270      
194      27.996117      0.087270      
195      28.061436      0.087270      
196      27.985803      0.087270      
197      27.813911      0.087270      
198      27.430590      0.087270      
199      26.827248      0.087270      
200      26.607799      0.087270      
201      25.975235      0.087270      
202      25.426898      0.087270      
203      24.954767      0.087270      
204      24.462582      0.087270      
205      24.064364      0.087270      
206      23.760688      0.087270      
207      23.311475      0.087270      
208      22.822728      0.087270      
209      22.369505      0.087270      
210      22.240013      0.087270      
211      21.830909      0.087270      
212      21.333567      0.087270      
213      21.149069      0.087270      
214      20.761738      0.087270      
215      20.041509      0.087270      
216      19.602610      0.087270      
217      19.090371      0.087270      
218      18.691580      0.087270      
219      18.525991      0.087270      
220      18.034378      0.087270      
221      17.642464      0.087270      
222      17.401814      0.087270      
223      17.099857      0.087270      
224      17.010473      0.087270      
225      16.725131      0.087270      
226      16.329206      0.087270      
227      16.254146      0.087270      
228      16.036989      0.087270      
229      15.359160      0.087270      
230      14.774725      0.087270      
231      14.585071      0.087270      
232      14.613720      0.087270      
233      14.530065      0.087270      
234      14.581633      0.087270      
235      14.573038      0.087270      
236      14.169091      0.087270      
237      13.943339      0.087270      
238      13.303326      0.087270      
239      12.960688      0.087270      
240      12.825466      0.087270      
241      12.755563      0.087270      
242      12.750406      0.087270      
243      12.748114      0.087270      
244      12.529811      0.087270      
245      12.512621      0.087270      
246      12.523508      0.087270      
247      12.623778      0.087270      
248      12.581378      0.087270      
249      12.612892      0.087270      
250      12.717746      0.087270      
251      12.769887      0.087270      
252      12.706287      0.087270      
253      12.670762      0.087270      
254      12.610027      0.087270      
255      12.412351      0.087270      
256      12.325832      0.087270      
257      12.207799      0.087270      
258      11.799268      0.087270      
259      11.432564      0.087270      
260      11.493299      0.087270      
261      11.507624      0.087270      
262      11.591278      0.087270      
263      11.568359      0.087270      
264      11.595289      0.087270      
265      11.570651      0.087270      
266      11.790100      0.087270      
267      11.770619      0.087270      
268      11.674932      0.087270      
269      11.807862      0.087270      
270      11.853127      0.087270      
271      11.873755      0.087270      
272      11.971160      0.087270      
273      11.945949      0.087270      
274      11.897247      0.087270      
275      11.841668      0.087270      
276      11.927041      0.087270      
277      11.821614      0.087270      
278      11.851409      0.087270      
279      11.928187      0.087270      
280      11.870890      0.087270      
281      11.803852      0.087270      
282      11.841095      0.087270      
283      11.843387      0.087270      
284      11.819895      0.087270      
285      11.855419      0.087270      
286      11.907560      0.087270      
287      11.856565      0.087270      
288      11.857138      0.087270      
289      11.783798      0.087270      
290      11.692122      0.087270      
291      11.771765      0.087270      
292      11.743116      0.087270      
293      11.718478      0.087270      
294      11.703008      0.087270      
295      11.457202      0.087270      
296      11.511062      0.087270      
297      11.591851      0.087270      
298      11.505905      0.087270      
299      11.698424      0.087270      
300      11.621646      0.087270      
301      11.698424      0.087270      
302      11.660035      0.087270      
303      11.741970      0.087270      
304      11.660608      0.087270      
305      11.595862      0.087270      
306      11.592997      0.087270      
307      11.595862      0.087270      
308      11.270412      0.087270      
309      10.951265      0.087270      
310      10.751870      0.087270      
311      10.705459      0.087270      
312      10.800573      0.087270      
313      10.796562      0.087270      
314      10.884800      0.087270      
315      10.938087      0.087270      
316      10.970746      0.087270      
317      11.174152      0.087270      
318      11.256661      0.087270      
319      11.354067      0.087270      
320      11.276715      0.087270      
321      11.371256      0.087270      
322      11.359796      0.087270      
323      11.445742      0.087270      
324      11.582110      0.087270      
325      11.715614      0.087270      
326      12.216966      0.087270      
327      12.515486      0.087270      
328      12.695400      0.087270      
329      12.884482      0.087270      
330      13.079293      0.087270      
331      13.185867      0.087270      
332      13.557727      0.087270      
333      14.024129      0.087270      
334      14.238994      0.087270      
335      14.797071      0.087270      
336      15.475473      0.087270      
337      16.438644      0.087270      
338      16.872386      0.087270      
339      17.643610      0.087270      
340      18.497915      0.087270      
341      19.431864      0.087270      
342      20.419099      0.087270      
343      21.273404      0.087270      
344      22.658284      0.087270      
345      23.937737      0.087270      
346      24.866529      0.087270      
347      25.412574      0.087270      
348      25.916218      0.087270      
349      27.055865      0.087270      
350      28.255674      0.087270      
351      29.962566      0.087270      
352      31.860831      0.087270      
353      33.733885      0.087270      
354      37.125895      0.087270      
355      39.249339      0.087270      
356      41.041604      0.087270      
357      41.765844      0.087270      
358      42.451695      0.087270      
359      43.046443      0.087270      
360      43.661818      0.087270      
361      44.296101      0.087270      
362      45.546904      0.087270      
363      46.476842      0.087270      
364      48.022728      0.087270      
365      49.144612      0.087270      
366      49.722171      0.087270      
367      50.799936      0.087270      
368      51.547095      0.087270      
369      53.039694      0.087270      
370      54.009741      0.087270      
371      54.440618      0.087270      
372      55.362534      0.087270      
373      56.674646      0.087270      
374      57.279134      0.087270      
375      57.998790      0.087270      
376      58.455451      0.087270      
377      59.168805      0.087270      
378      60.610409      0.087270      
379      61.673277      0.087270      
380      62.900016      0.087270      
381      65.530543      0.087270      
382      67.876301      0.087270      
383      68.969537      0.087270      
384      69.897756      0.087270      
385      70.373898      0.087270      
386      70.949164      0.087270      
387      71.567977      0.087270      
388      72.527710      0.087270      
389      73.170587      0.087270      
390      74.046093      0.087270      
