244      74.759446      0.087270      
245      73.357950      0.087270      
246      72.605634      0.087270      
247      71.945567      0.087270      
248      71.886551      0.087270      
249      72.082508      0.087270      
250      71.678561      0.087270      
251      72.078498      0.087270      
252      72.303104      0.087270      
253      71.961611      0.087270      
254      71.929524      0.087270      
255      71.800032      0.087270      
256      70.861499      0.087270      
257      70.583607      0.087270      
258      69.645074      0.087270      
259      68.575330      0.087270      
260      68.322075      0.087270      
261      68.049339      0.087270      
262      66.824893      0.087270      
263      66.738373      0.087270      
264      65.878338      0.087270      
265      64.355945      0.087270      
266      64.444183      0.087270      
267      63.986376      0.087270      
268      63.037530      0.087270      
269      62.450804      0.087270      
270      61.393665      0.087270      
271      60.347987      0.087270      
272      59.401432      0.087270      
273      57.632087      0.087270      
274      56.074741      0.087270      
275      54.531148      0.087270      
276      53.991978      0.087270      
277      53.475155      0.087270      
278      53.268884      0.087270      
279      53.059176      0.087270      
280      52.675283      0.087270      
281      52.286806      0.087270      
282      51.543085      0.087270      
283      50.968964      0.087270      
284      50.381092      0.087270      
285      49.856820      0.087270      
286      48.989909      0.087270      
287      48.595703      0.087270      
288      48.051377      0.087270      
289      47.498456      0.087270      
290      47.273850      0.087270      
291      47.058985      0.087270      
292      46.777081      0.087270      
293      46.621805      0.087270      
294      46.265988      0.087270      
295      45.833965      0.087270      
296      45.213433      0.087270      
297      44.655356      0.087270      
298      44.165462      0.087270      
299      43.232660      0.087270      
300      42.846475      0.087270      
301      42.219640      0.087270      
302      41.553271      0.087270      
303      41.159637      0.087270      
304      40.914404      0.087270      
305      40.645106      0.087270      
306      40.355181      0.087270      
307      39.833201      0.087270      
308      38.832214      0.087270      
309      38.162979      0.087270      
310      37.573961      0.087270      
311      37.158555      0.087270      
312      36.032660      0.087270      
313      35.410982      0.087270      
314      34.817380      0.087270      
315      34.058189      0.087270      
316      33.519020      0.087270      
317      33.024542      0.087270      
318      32.008085      0.087270      
319      31.577781      0.087270      
320      31.333694      0.087270      
321      30.808276      0.087270      
322      30.412924      0.087270      
323      30.188318      0.087270      
324      29.677797      0.087270      
325      29.542002      0.087270      
326      29.093936      0.087270      
327      28.646443      0.087270      
328      28.549610      0.087270      
329      28.127328      0.087270      
330      27.655197      0.087270      
331      27.486742      0.087270      
332      27.199109      0.087270      
333      27.113735      0.087270      
334      26.931530      0.087270      
335      26.879962      0.087270      
336      26.952730      0.087270      
337      27.015184      0.087270      
338      26.914340      0.087270      
339      26.698329      0.087270      
340      26.509820      0.087270      
341      26.364285      0.087270      
342      26.192392      0.087270      
343      26.026230      0.087270      
344      25.985548      0.087270      
345      25.831418      0.087270      
346      25.752921      0.087270      
347      25.730002      0.087270      
348      25.661245      0.087270      
349      25.421168      0.087270      
350      25.274487      0.087270      
351      25.122075      0.087270      
352      24.846475      0.087270      
353      24.561706      0.087270      
354      24.242559      0.087270      
355      23.972115      0.087270      
356      23.698233      0.087270      
357      23.400286      0.087270      
358      22.893204      0.087270      
359      22.317937      0.087270      
360      22.183861      0.087270      
361      21.813720      0.087270      
362      21.527232      0.087270      
363      21.167404      0.087270      
364      20.872895      0.087270      
365      19.887952      0.087270      
366      19.349355      0.087270      
367      18.767786      0.087270      
368      18.662932      0.087270      
369      18.416553      0.087270      
370      18.003438      0.087270      
371      17.645329      0.087270      
372      17.248257      0.087270      
373      16.761802      0.087270      
374      16.377336      0.087270      
375      16.168200      0.087270      
376      16.200859      0.087270      
377      15.947605      0.087270      
378      15.575744      0.087270      
379      15.210186      0.087270      
380      14.953494      0.087270      
381      14.414897      0.087270      
382      14.001210      0.087270      
383      13.753685      0.087270      
384      13.639663      0.087270      
385      13.548560      0.087270      
386      13.382397      0.087270      
387      13.160656      0.087270      
388      12.853541      0.087270      
389      12.565335      0.087270      
390      11.960847      0.087270      
391      11.438867      0.087270      
392      10.932930      0.087270      
393      10.504918      0.087270      
394      10.357664      0.087270      
395      10.049403      0.087270      
396      9.882668      0.087270      
397      9.611650      0.087270      
398      9.371574      0.087270      
399      9.044406      0.087270      
400      8.638739      0.087270      
401      8.465701      0.087270      
402      8.279484      0.087270      
403      8.312717      0.087270      
404      8.324176      0.087270      
405      8.299538      0.087270      
406      8.225625      0.087270      
407      8.064046      0.087270      
408      7.675569      0.087270      
409      7.441222      0.087270      
410      7.140984      0.087270      
411      6.770269      0.087270      
412      6.535349      0.087270      
413      6.264905      0.087270      
414      5.923985      0.087270      
415      5.849499      0.087270      
416      5.551552      0.087270      
417      5.319497      0.087270      
418      5.101767      0.087270      
419      4.918415      0.087270      
420      4.764285      0.087270      
421      4.321948      0.087270      
422      3.967277      0.127720      
423      3.474519      0.197670      
424      3.208658      0.245220      
425      2.895814      0.291280      
426      2.659749      0.313570      
427      2.198504      0.361290      
428      1.950406      0.379240      
429      1.834092      0.331780      
430      1.591724      0.263330      
431      1.543021      0.215870      
432      1.264555      0.169780      
433      1.192360      0.145950      
434      0.850294      0.087270      
435      0.656056      0.087270      
436      0.098552      0.131810      
437      -0.791278      0.201630      
438      -1.399204      0.274720      
439      -1.439312      0.317780      
440      -1.655324      0.363900      
441      -1.819768      0.388950      
442      -1.993952      0.436330      
443      -1.926914      0.436330      
444      -2.024893      0.436330      
445      -1.855292      0.436330      
446      -1.956709      0.436330      
447      -2.079325      0.436330      
448      -2.080471      0.436330      
449      -2.388731      0.436330      
450      -2.515932      0.436330      
451      -2.576094      0.436330      
452      -2.801273      0.436330      
453      -3.131307      0.436330      
454      -3.238453      0.436330      
455      -3.451600      0.436330      
456      -3.586249      0.436330      
457      -3.728346      0.436330      
458      -3.828044      0.436330      
459      -4.145472      0.436330      
460      -4.467484      0.436330      
461      -4.677765      0.436330      
462      -4.884036      0.436330      
463      -5.139010      0.436330      
464      -5.321216      0.436330      
465      -5.715996      0.436330      
466      -6.072959      0.436330      
467      -6.296419      0.436330      
468      -6.185835      0.436330      
469      -6.253446      0.436330      
470      -6.303868      0.436330      
471      -6.455133      0.436330      
472      -6.624733      0.436330      
473      -6.868821      0.436330      
474      -6.942161      0.436330      
475      -7.275633      0.436330      
476      -7.708802      0.436330      
477      -7.854910      0.436330      
478      -8.286360      0.436330      
479      -8.587172      0.436330      
480      -8.775107      0.436330      
481      -8.831259      0.436330      
482      -8.906319      0.436330      
483      -9.010600      0.436330      
484      -9.102849      0.436330      
485      -9.203693      0.436330      
486      -9.259844      0.436330      
487      -9.518829      0.436330      
488      -9.593315      0.436330      
489      -9.678116      0.436330      
490      -9.784116      0.436330      
491      -9.866051      0.436330      
492      -10.069457      0.436330      
493      -10.307242      0.436330      
494      -10.463091      0.436330      
495      -10.690562      0.436330      
496      -10.897979      0.436330      
497      -11.025752      0.436330      
498      -11.101385      0.436330      
499      -11.393029      0.436330      
500      -11.449753      0.436330      
501      -11.680662      0.436330      
502      -11.723062      0.436330      
503      -11.819322      0.436330      
504      -12.148209      0.436330      
505      -12.368805      0.436330      
506      -12.477670      0.436330      
507      -12.631227      0.436330      
508      -12.870731      0.436330      
509      -12.979023      0.436330      
510      -13.122839      0.436330      
511      -13.379532      0.436330      
512      -13.757122      0.436330      
513      -14.032150      0.436330      
514      -14.254464      0.436330      
515      -14.233264      0.436330      
516      -14.418335      0.436330      
517      -14.597676      0.436330      
518      -14.615438      0.436330      
519      -14.669298      0.436330      
520      -14.641795      0.436330      
521      -14.830304      0.436330      
522      -15.015375      0.436330      
523      -15.222792      0.436330      
524      -15.229094      0.436330      
525      -15.351711      0.436330      
526      -15.489798      0.436330      
527      -15.527614      0.436330      
528      -15.783734      0.436330      
529      -16.114913      0.436330      
530      -16.439217      0.436330      
531      -16.495941      0.436330      
532      -16.701639      0.436330      
533      -16.808786      0.436330      
534      -17.113035      0.436330      
535      -17.350820      0.436330      
536      -17.590323      0.436330      
537      -17.812064      0.436330      
538      -17.877956      0.436330      
539      -18.024065      0.436330      
540      -18.106573      0.436330      
541      -18.271590      0.436330      
542      -18.331179      0.436330      
543      -18.437753      0.436330      
544      -18.511666      0.436330      
545      -18.504218      0.436330      
546      -18.884100      0.436330      
547      -19.162566      0.436330      
548      -19.352220      0.436330      
549      -19.418112      0.436330      
550      -19.686265      0.436330      
551      -19.732102      0.436330      
552      -19.843260      0.436330      
553      -19.984211      0.436330      
554      -19.929779      0.436330      
555      -20.279866      0.436330      
556      -20.502180      0.436330      
557      -20.569219      0.436330      
558      -20.725641      0.436330      
559      -20.725641      0.436330      
560      -20.816171      0.436330      
561      -20.424256      0.436330      
562      -20.344612      0.436330      
563      -19.182047      0.436330      
564      -16.369887      0.436330      
565      -11.645711      0.436330      
566      -8.246252      0.436330      
567      -6.027694      0.436330      
568      -4.194175      0.436330      
569      -2.957122      0.436330      
570      -2.126882      0.436330      
571      -0.090530      0.436330      
572      1.839249      0.436330      
573      3.555881      0.436330      
574      4.732771      0.436330      
575      6.411587      0.436330      
576      8.442782      0.430700      
577      10.568518      0.360170      
578      11.210250      0.337450      
579      12.226134      0.291680      
580      13.472354      0.222410      
581      14.260194      0.176320      
582      15.807799      0.105590      
583      17.395512      0.087270      
584      18.504791      0.087270      
585      20.180169      0.087270      
586      21.020723      0.087270      
587      22.669744      0.087270      
588      25.153589      0.087270      
589      27.870635      0.087270      
590      29.236034      0.087270      
591      31.799523      0.087270      
592      32.485373      0.087270      
593      33.342543      0.087270      
594      34.668980      0.087270      
595      35.808626      0.087270      
596      36.640586      0.087270      
597      37.625529      0.087270      
598      38.998950      0.087270      
599      39.644692      0.087270      
600      41.111507      0.087270      
601      42.953048      0.087270      
602      44.049721      0.087270      
603      46.049976      0.087270      
604      47.419386      0.087270      
605      49.180137      0.087270      
606      49.675760      0.087270      
607      50.267643      0.087270      
608      50.513449      0.087270      
609      50.870412      0.087270      
610      51.713831      0.087270      
611      52.436925      0.087270      
612      53.294095      0.087270      
613      54.313990      0.087270      
614      55.140793      0.087270      
615      56.198504      0.087270      
616      57.356486      0.087270      
617      58.289289      0.087270      
618      58.841063      0.087270      
619      59.383097      0.087270      
620      59.924558      0.087270      
621      60.506701      0.087270      
622      61.192551      0.087270      
623      61.883559      0.087270      
624      62.705205      0.087270      
625      63.372147      0.087270      
626      64.279739      0.087270      
627      65.088206      0.087270      
628      65.756295      0.087270      
629      66.150501      0.087270      
630      66.712590      0.087270      
631      67.375521      0.087270      
632      67.743944      0.087270      
633      68.164507      0.087270      
634      68.818272      0.087270      
635      69.493809      0.087270      
636      69.818685      0.087270      
637      70.306287      0.087270      
638      70.805921      0.087270      
639      71.167468      0.087270      
640      72.593029      0.087270      
647      74.454624      0.087270      
648      73.571670      0.087270      
649      73.110998      0.087270      
650      72.171892      0.087270      
651      71.384052      0.087270      
652      71.322171      0.087270      
653      70.836861      0.087270      
654      70.710807      0.087270      
655      70.318319      0.087270      
656      69.679452      0.087270      
657      70.049021      0.087270      
658      70.680439      0.087270      
659      71.043132      0.087270      
660      70.698201      0.087270      
661      70.181951      0.087270      
662      70.147573      0.087270      
663      70.263887      0.087270      
664      70.613974      0.087270      
665      70.974375      0.087270      
666      70.861499      0.087270      
667      70.655801      0.087270      
668      70.647207      0.087270      
669      71.410409      0.087270      
670      71.187522      0.087270      
671      71.488334      0.087270      
672      71.913481      0.087270      
673      71.944994      0.087270      
674      72.065319      0.087270      
675      71.616107      0.087270      
676      71.617826      0.087270      
677      71.696323      0.087270      
678      71.209295      0.087270      
679      71.477447      0.087270      
680      71.570842      0.087270      
681      71.462550      0.087270      
682      71.386344      0.087270      
683      71.224765      0.087270      
684      71.113035      0.087270      
685      71.146841      0.087270      
686      71.091262      0.087270      
687      70.962343      0.087270      
688      70.999013      0.087270      
689      71.073500      0.087270      
690      71.469425      0.087270      
691      71.564539      0.087270      
692      71.718096      0.087270      
693      71.691167      0.087270      
694      71.155435      0.087270      
695      70.905618      0.087270      
696      70.748623      0.087270      
697      70.927391      0.087270      
698      70.516569      0.087270      
699      70.700493      0.087270      
700      70.587044      0.087270      
701      70.540060      0.087270      
702      70.506255      0.087270      
703      70.298265      0.087270      
704      70.557823      0.087270      
705      70.724558      0.087270      
706      70.566417      0.087270      
707      70.690753      0.087270      
708      70.350406      0.087270      
709      70.439217      0.087270      
710      70.738310      0.087270      
711      70.793888      0.087270      
712      70.947445      0.087270      
713      70.766385      0.087270      
714      70.967500      0.087270      
715      71.925513      0.087270      
716      72.539169      0.087270      
717      73.280598      0.087270      
718      74.006557      0.087270      
719      74.299347      0.087270      
720      74.678657      0.087270      
