106      -24.338799      59.441723      -162.697922      
107      -25.830240      57.422110      -163.551555      
108      -26.510752      55.719109      -163.904628      
109      -25.226151      54.646364      -162.546965      
110      -26.491883      51.554799      -163.152674      
111      -26.493240      47.899175      -162.554815      
112      -25.689952      44.828140      -161.143001      
113      -24.876350      41.469712      -159.915819      
114      -24.933415      38.019780      -159.866335      
115      -24.765800      33.938738      -159.522722      
116      -25.957451      31.414807      -159.257519      
117      -25.817932      29.690639      -158.840162      
118      -25.288837      27.370868      -158.298090      
119      -24.732183      25.340738      -157.398565      
120      -23.887159      22.880722      -157.023171      
121      -23.182637      20.456120      -156.526144      
122      -23.170978      18.707531      -155.780050      
123      -22.875667      17.087337      -154.965841      
124      -22.884436      15.522631      -154.286083      
125      -22.846812      13.658271      -153.684658      
126      -22.632781      11.940292      -152.794253      
127      -22.316825      9.910270      -151.946981      
128      -22.370129      8.137486      -151.428969      
129      -22.819680      6.565935      -151.074681      
130      -23.017947      6.477321      -150.796948      
131      -22.685783      5.105847      -150.451980      
132      -22.940482      3.205609      -150.039440      
133      -23.089791      1.775331      -149.754415      
134      -23.134578      0.735091      -149.425820      
135      -23.338527      0.073565      -149.253889      
136      -23.334404      -0.684300      -149.030923      
137      -23.386764      -1.884217      -148.747324      
138      -23.377427      -3.371019      -148.472479      
139      -23.921337      -3.778585      -148.402528      
140      -24.163485      -3.761229      -148.573115      
141      -24.258279      -3.976206      -148.619589      
142      -24.159961      -4.454493      -148.612356      
143      -24.584739      -5.174570      -148.703507      
144      -24.863153      -5.513109      -148.641891      
145      -25.055590      -5.307210      -148.920359      
146      -25.157557      -5.592785      -149.063690      
147      -25.357482      -5.710286      -149.058760      
148      -25.631528      -6.177274      -148.986001      
149      -25.931496      -7.010352      -148.744176      
150      -26.217637      -7.949651      -148.615715      
151      -26.416829      -8.790334      -148.436426      
152      -26.472916      -8.618794      -148.576210      
153      -26.424704      -9.403897      -148.610936      
154      -26.854605      -10.668021      -148.362529      
155      -26.887020      -10.808033      -148.218143      
156      -26.869438      -11.003351      -148.221842      
157      -26.927353      -11.091943      -148.251616      
158      -27.070640      -11.181254      -148.278847      
159      -27.218745      -11.336944      -148.357896      
160      -27.177124      -11.435039      -148.388940      
161      -27.362487      -12.621764      -148.097708      
162      -27.570146      -13.067908      -148.015806      
163      -27.619263      -13.355961      -147.964134      
164      -27.788830      -14.000189      -147.717012      
165      -28.070197      -14.969079      -147.667913      
166      -28.422285      -15.989057      -147.389541      
167      -28.556170      -16.910937      -146.967043      
168      -28.661059      -17.805318      -146.552636      
169      -28.921869      -18.253471      -146.625642      
170      -28.977875      -18.365477      -146.534488      
171      -29.220463      -19.130967      -146.432439      
172      -29.486736      -19.723017      -146.270592      
173      -29.635248      -20.302857      -146.266467      
174      -29.755951      -20.520596      -146.304959      
175      -30.047361      -20.947431      -146.255102      
176      -30.042887      -21.233831      -146.039973      
177      -30.051366      -20.958593      -146.249980      
178      -30.030618      -20.947817      -146.322519      
179      -30.101473      -21.315892      -146.164087      
180      -30.105828      -21.177680      -146.136377      
181      -29.929808      -19.733897      -146.340175      
182      -29.100387      -17.719161      -146.651448      
183      -28.389693      -15.071451      -147.255371      
184      -27.197855      -11.419838      -147.926030      
185      -26.564893      -9.887176      -148.008395      
186      -25.672662      -7.241719      -148.377268      
187      -25.252117      -5.349901      -148.836191      
188      -24.785573      -3.500333      -149.317704      
189      -24.230988      -1.656397      -149.842850      
190      -23.770720      0.512290      -150.476826      
191      -23.198323      2.128506      -151.177020      
192      -22.896551      3.059879      -151.388314      
193      -22.497327      5.085233      -151.886328      
194      -22.122848      6.220055      -152.169219      
195      -21.932116      8.744963      -152.778418      
196      -21.342196      11.748453      -153.418838      
197      -21.090988      14.222352      -153.808807      
198      -20.415559      17.217911      -154.243038      
199      -19.586028      19.657294      -154.726042      
200      -19.260262      22.380398      -155.331741      
201      -18.696535      24.573699      -155.586167      
202      -18.394215      26.553599      -155.972188      
203      -17.860640      28.184698      -156.126351      
204      -17.505541      30.283774      -156.500944      
205      -16.643153      32.982918      -156.934685      
206      -16.033734      35.553997      -157.563801      
207      -15.118766      37.348861      -157.624483      
208      -15.063087      40.061272      -158.480840      
209      -15.084123      42.493025      -159.665531      
210      -15.529937      45.631985      -161.125400      
211      -16.717963      48.337517      -162.495488      
212      -17.117953      51.642108      -162.999279      
213      -17.944223      55.478797      -164.090921      
