39      0.400650      0.006275      0.124055      1.321583      -1.011224      1.005381      
40      0.400720      0.006295      0.123635      1.327233      -1.000188      0.994317      
41      0.400820      0.006365      0.122975      1.333563      -0.987648      0.981747      
42      0.400870      0.006375      0.122455      1.335919      -0.982933      0.977020      
43      0.400890      0.006345      0.122285      1.337178      -0.980401      0.974482      
44      0.400910      0.006345      0.122045      1.341065      -0.972538      0.966601      
45      0.400930      0.006385      0.121755      1.343366      -0.967846      0.961898      
46      0.400980      0.006415      0.121465      1.344958      -0.964586      0.958630      
47      0.401000      0.006445      0.121115      1.347250      -0.959868      0.953901      
48      0.401090      0.006505      0.120235      1.349933      -0.954310      0.948329      
49      0.401170      0.006545      0.119675      1.351898      -0.950215      0.944225      
50      0.401240      0.006585      0.119155      1.352985      -0.947940      0.941945      
51      0.401260      0.006615      0.118695      1.356123      -0.941340      0.935329      
52      0.401220      0.006645      0.118515      1.357163      -0.939139      0.933123      
53      0.401120      0.006675      0.118235      1.359226      -0.934758      0.928733      
54      0.401030      0.006625      0.118005      1.361275      -0.930384      0.924348      
55      0.400980      0.006605      0.117705      1.364482      -0.923485      0.917434      
56      0.401030      0.006575      0.117265      1.367984      -0.915886      0.909818      
57      0.401190      0.006545      0.116855      1.372448      -0.906089      0.899999      
58      0.401510      0.006725      0.115975      1.375282      -0.899807      0.893703      
59      0.401740      0.006905      0.115305      1.376470      -0.897158      0.891048      
60      0.402000      0.007095      0.114615      1.377648      -0.894524      0.888408      
61      0.402250      0.007365      0.113825      1.379904      -0.889451      0.883324      
62      0.402360      0.007455      0.113445      1.381353      -0.886176      0.880043      
63      0.402620      0.007595      0.112695      1.383763      -0.880697      0.874552      
64      0.402840      0.007715      0.111925      1.387445      -0.872249      0.866086      
65      0.403150      0.007855      0.110905      1.393574      -0.857980      0.851786      
66      0.403380      0.007995      0.110125      1.397500      -0.848694      0.842482      
67      0.403690      0.008145      0.109275      1.401485      -0.839150      0.832918      
68      0.403850      0.008245      0.108885      1.403620      -0.833987      0.827744      
69      0.404170      0.008435      0.108215      1.408099      -0.823035      0.816771      
70      0.404420      0.008635      0.107615      1.411161      -0.815452      0.809172      
71      0.404790      0.008855      0.106865      1.419599      -0.794139      0.787818      
72      0.404950      0.008955      0.106575      1.424342      -0.781870      0.775525      
73      0.405110      0.009045      0.106265      1.427225      -0.774311      0.767952      
74      0.405250      0.009115      0.105965      1.430795      -0.764832      0.758455      
75      0.405320      0.009155      0.105825      1.432008      -0.761581      0.755198      
76      0.405480      0.009255      0.105415      1.432983      -0.758959      0.752571      
77      0.405690      0.009545      0.104745      1.435950      -0.750912      0.744510      
78      0.405860      0.009735      0.104185      1.436618      -0.749086      0.742681      
79      0.406040      0.009895      0.103525      1.439020      -0.742485      0.736068      
80      0.406240      0.009995      0.102975      1.441537      -0.735498      0.729068      
81      0.406470      0.010125      0.102415      1.443486      -0.730036      0.723597      
82      0.406790      0.010295      0.101815      1.445173      -0.725272      0.718825      
83      0.407130      0.010495      0.101185      1.447829      -0.717701      0.711240      
84      0.407540      0.010695      0.100515      1.448721      -0.715140      0.708675      
85      0.407760      0.010795      0.100165      1.449236      -0.713656      0.707188      
86      0.408450      0.011185      0.098915      1.455497      -0.695343      0.688843      
87      0.409010      0.011485      0.097975      1.460011      -0.681810      0.675288      
88      0.409570      0.011785      0.097175      1.466155      -0.662907      0.656355      
89      0.410090      0.012165      0.096535      1.470947      -0.647752      0.641175      
90      0.410570      0.012515      0.095995      1.473240      -0.640363      0.633775      
91      0.410970      0.012855      0.095445      1.476309      -0.630328      0.623725      
92      0.411340      0.013235      0.094925      1.479324      -0.620304      0.613685      
93      0.411650      0.013535      0.094545      1.482680      -0.608937      0.602301      
94      0.411900      0.013685      0.094235      1.488944      -0.587096      0.580428      
95      0.412160      0.013865      0.093945      1.493664      -0.570053      0.563361      
96      0.412340      0.014065      0.093745      1.495042      -0.564976      0.558277      
97      0.412450      0.014205      0.093685      1.497932      -0.554167      0.547454      
98      0.412510      0.014385      0.093575      1.500489      -0.544416      0.537690      
99      0.412590      0.014585      0.093515      1.501309      -0.541250      0.534520      
100      0.412760      0.014805      0.093475      1.505627      -0.524249      0.517496      
101      0.412830      0.015055      0.093375      1.507496      -0.516708      0.509945      
102      0.412950      0.015315      0.093425      1.508615      -0.512140      0.505371      
103      0.413020      0.015505      0.093445      1.509281      -0.509397      0.502625      
104      0.413250      0.015905      0.093465      1.509362      -0.509062      0.502290      
105      0.413630      0.016225      0.093385      1.508840      -0.511215      0.504445      
106      0.413860      0.016775      0.093125      1.509995      -0.506444      0.499668      
107      0.414060      0.017275      0.092895      1.510171      -0.505713      0.498937      
108      0.414440      0.017525      0.092625      1.510111      -0.505962      0.499186      
109      0.415030      0.017925      0.092135      1.510277      -0.505270      0.498493      
110      0.415270      0.018065      0.091965      1.510240      -0.505426      0.498649      
111      0.415800      0.018295      0.091575      1.510689      -0.503552      0.496773      
112      0.416260      0.018575      0.091105      1.511926      -0.498360      0.491574      
113      0.416780      0.018825      0.090545      1.512123      -0.497528      0.490741      
114      0.417280      0.019055      0.089975      1.512582      -0.495584      0.488795      
115      0.417730      0.019315      0.089445      1.513296      -0.492544      0.485751      
116      0.418410      0.019585      0.088765      1.513978      -0.489620      0.482824      
117      0.418850      0.019755      0.088315      1.514773      -0.486190      0.479390      
118      0.419340      0.019835      0.087895      1.516395      -0.479112      0.472303      
119      0.419590      0.019895      0.087685      1.517029      -0.476318      0.469506      
120      0.419840      0.019995      0.087485      1.517817      -0.472817      0.466000      
121      0.420310      0.020235      0.087055      1.520100      -0.462527      0.455699      
122      0.420730      0.020505      0.086615      1.522485      -0.451517      0.444676      
123      0.421130      0.020725      0.086235      1.524208      -0.443385      0.436535      
124      0.421380      0.020925      0.085955      1.525765      -0.435905      0.429047      
125      0.421630      0.020995      0.085725      1.526636      -0.431666      0.424803      
126      0.421800      0.021015      0.085595      1.527136      -0.429211      0.422346      
127      0.421990      0.021145      0.085195      1.529315      -0.418336      0.411459      
128      0.422270      0.021075      0.084945      1.530158      -0.414055      0.407174      
129      0.422390      0.021085      0.084845      1.530716      -0.411193      0.404309      
130      0.422600      0.021205      0.084565      1.531329      -0.408026      0.401139      
131      0.422870      0.021235      0.084345      1.531719      -0.405998      0.399109      
132      0.423160      0.021195      0.084125      1.532178      -0.403596      0.396704      
133      0.423380      0.021165      0.084025      1.532991      -0.399313      0.392416      
134      0.423700      0.021025      0.083955      1.533508      -0.396558      0.389659      
135      0.423960      0.020975      0.083795      1.533892      -0.394506      0.387605      
136      0.424530      0.020805      0.083475      1.534241      -0.392626      0.385723      
137      0.424820      0.020825      0.083205      1.534481      -0.391330      0.384426      
138      0.424940      0.020835      0.083075      1.534603      -0.390667      0.383762      
139      0.425210      0.020865      0.082765      1.534442      -0.391541      0.384637      
140      0.425400      0.020885      0.082465      1.534629      -0.390526      0.383621      
141      0.425590      0.020965      0.082115      1.535153      -0.387678      0.380770      
142      0.425820      0.021035      0.081745      1.535197      -0.387436      0.380528      
143      0.426080      0.021075      0.081525      1.535564      -0.385422      0.378512      
144      0.426340      0.021175      0.081325      1.535789      -0.384181      0.377270      
145      0.426770      0.021385      0.080905      1.536710      -0.379068      0.372152      
146      0.427020      0.021465      0.080735      1.537649      -0.373782      0.366861      
147      0.427200      0.021515      0.080535      1.538079      -0.371338      0.364415      
148      0.427250      0.021545      0.080445      1.538264      -0.370276      0.363352      
149      0.427370      0.021555      0.080215      1.539021      -0.365919      0.358990      
150      0.427460      0.021515      0.079995      1.539209      -0.364825      0.357895      
151      0.427560      0.021455      0.079845      1.540019      -0.360084      0.353150      
152      0.427700      0.021375      0.079645      1.540874      -0.355014      0.348075      
153      0.427800      0.021365      0.079485      1.541655      -0.350319      0.343376      
154      0.427880      0.021355      0.079385      1.542011      -0.348154      0.341209      
155      0.427960      0.021375      0.079095      1.542311      -0.346318      0.339371      
156      0.427920      0.021415      0.078785      1.543511      -0.338886      0.331933      
157      0.427900      0.021365      0.078385      1.543771      -0.337252      0.330298      
158      0.427870      0.021285      0.077905      1.544721      -0.331218      0.324258      
159      0.427900      0.021205      0.077655      1.545303      -0.327465      0.320502      
160      0.427980      0.021085      0.077355      1.545594      -0.325573      0.318608      
161      0.428090      0.021005      0.077025      1.546155      -0.321890      0.314922      
162      0.428170      0.020975      0.076835      1.546595      -0.318974      0.312003      
163      0.428310      0.020965      0.076335      1.547415      -0.313468      0.306493      
164      0.428410      0.020995      0.075845      1.547904      -0.310136      0.303158      
165      0.428550      0.020975      0.075425      1.548591      -0.305388      0.298406      
166      0.428700      0.020895      0.075155      1.548953      -0.302861      0.295878      
167      0.428910      0.020725      0.074975      1.549253      -0.300749      0.293764      
168      0.428940      0.020785      0.074825      1.549248      -0.300788      0.293803      
169      0.428960      0.020775      0.074755      1.549404      -0.299677      0.292691      
170      0.428930      0.020805      0.074685      1.549768      -0.297087      0.290099      
171      0.428880      0.020835      0.074595      1.549930      -0.295929      0.288940      
172      0.428850      0.020815      0.074535      1.550240      -0.293692      0.286701      
173      0.428760      0.020765      0.074385      1.550764      -0.289873      0.282879      
174      0.428630      0.020735      0.074265      1.551137      -0.287126      0.280130      
175      0.428500      0.020685      0.074155      1.552374      -0.277820      0.270817      
176      0.428280      0.020555      0.074125      1.553436      -0.269569      0.262560      
177      0.428150      0.020545      0.074175      1.554094      -0.264323      0.257310      
178      0.427930      0.020765      0.074095      1.554424      -0.261653      0.254638      
179      0.427760      0.020935      0.074145      1.554876      -0.257957      0.250940      
180      0.427720      0.020975      0.074165      1.555012      -0.256837      0.249819      
181      0.427660      0.021075      0.074175      1.555497      -0.252788      0.245767      
182      0.427660      0.021075      0.074195      1.555930      -0.249115      0.242091      
183      0.427670      0.021075      0.074305      1.556013      -0.248410      0.241386      
184      0.427750      0.021105      0.074425      1.556381      -0.245238      0.238212      
185      0.427820      0.021185      0.074635      1.556862      -0.241031      0.234002      
186      0.427830      0.021205      0.075025      1.557213      -0.237913      0.230882      
187      0.427850      0.021155      0.075645      1.557717      -0.233369      0.226335      
188      0.427840      0.021165      0.075955      1.557951      -0.231223      0.224187      
189      0.427800      0.021215      0.076525      1.558518      -0.225949      0.218910      
190      0.427790      0.021225      0.077025      1.559117      -0.220244      0.213202      
191      0.427800      0.021245      0.077485      1.559585      -0.215675      0.208630      
192      0.427840      0.021375      0.077965      1.560253      -0.208990      0.201941      
193      0.427860      0.021535      0.078195      1.560839      -0.202946      0.195893      
194      0.427960      0.021615      0.078495      1.561266      -0.198415      0.191360      
195      0.428020      0.021705      0.078745      1.561657      -0.194189      0.187132      
196      0.428040      0.021815      0.078865      1.562013      -0.190254      0.183193      
197      0.428050      0.021815      0.078875      1.562012      -0.190269      0.183209      
198      0.428060      0.021785      0.078845      1.561981      -0.190606      0.183546      
199      0.428070      0.021685      0.078815      1.562085      -0.189446      0.182385      
200      0.428060      0.021685      0.078805      1.562283      -0.187219      0.180157      
201      0.428060      0.021685      0.078795      1.562377      -0.186145      0.179083      
202      0.428050      0.021705      0.078795      1.562884      -0.180272      0.173206      
203      0.427980      0.021745      0.078755      1.563255      -0.175841      0.168773      
204      0.427960      0.021735      0.078735      1.563167      -0.176907      0.169840      
205      0.427970      0.021755      0.078715      1.563227      -0.176178      0.169110      
206      0.427970      0.021755      0.078715      1.563230      -0.176147      0.169079      
207      0.427960      0.021755      0.078675      1.563138      -0.177253      0.170185      
208      0.427940      0.021735      0.078615      1.563143      -0.177190      0.170123      
209      0.427830      0.021655      0.078505      1.563158      -0.177017      0.169950      
210      0.427700      0.021575      0.078365      1.563449      -0.173488      0.166419      
211      0.427550      0.021495      0.078275      1.563642      -0.171104      0.164034      
212      0.427450      0.021415      0.078245      1.563655      -0.170947      0.163877      
213      0.427370      0.021395      0.078165      1.564014      -0.166429      0.159357      
214      0.427350      0.021405      0.078135      1.564187      -0.164210      0.157136      
215      0.427280      0.021525      0.078115      1.564496      -0.160170      0.153094      
216      0.427160      0.021695      0.078155      1.564610      -0.158648      0.151572      
217      0.427120      0.021815      0.078205      1.564851      -0.155401      0.148322      
218      0.426980      0.022115      0.078235      1.565270      -0.149580      0.142499      
219      0.426770      0.022495      0.078375      1.565577      -0.145171      0.138088      
220      0.426660      0.022735      0.078535      1.565547      -0.145602      0.138519      
221      0.426560      0.022955      0.078615      1.565670      -0.143798      0.136714      
222      0.426350      0.023275      0.078695      1.566038      -0.138282      0.131196      
223      0.426210      0.023395      0.078805      1.566017      -0.138604      0.131518      
224      0.426160      0.023435      0.078825      1.565945      -0.139695      0.132609      
225      0.426060      0.023475      0.078895      1.565998      -0.138894      0.131808      
226      0.426040      0.023465      0.078935      1.565852      -0.141091      0.134006      
227      0.426040      0.023465      0.078955      1.565925      -0.139993      0.132907      
228      0.425990      0.023415      0.079015      1.565929      -0.139930      0.132844      
229      0.425950      0.023385      0.079055      1.565857      -0.141020      0.133935      
230      0.425880      0.023295      0.079125      1.565936      -0.139836      0.132750      
231      0.425820      0.023265      0.079125      1.565990      -0.139012      0.131926      
232      0.425790      0.023235      0.079105      1.566087      -0.137521      0.130434      
233      0.425750      0.023255      0.079105      1.566230      -0.135308      0.128221      
234      0.425630      0.023245      0.079015      1.566495      -0.131103      0.124013      
235      0.425520      0.023125      0.078905      1.566507      -0.130899      0.123809      
236      0.425380      0.023005      0.078795      1.566833      -0.125539      0.118447      
237      0.425230      0.022945      0.078755      1.566910      -0.124236      0.117144      
238      0.425110      0.022855      0.078755      1.566963      -0.123318      0.116225      
239      0.425000      0.022775      0.078695      1.567141      -0.120234      0.113140      
240      0.424960      0.022735      0.078665      1.567228      -0.118696      0.111601      
241      0.424930      0.022715      0.078705      1.567353      -0.116459      0.109364      
242      0.424920      0.022735      0.078715      1.567413      -0.115361      0.108264      
243      0.424920      0.022735      0.078805      1.567591      -0.112072      0.104975      
244      0.424910      0.022725      0.078845      1.567629      -0.111342      0.104244      
245      0.424910      0.022725      0.078855      1.567628      -0.111374      0.104276      
246      0.424890      0.022755      0.078905      1.567628      -0.111374      0.104276      
247      0.424910      0.022785      0.079005      1.567506      -0.113657      0.106561      
248      0.424920      0.022795      0.079005      1.567603      -0.111837      0.104739      
249      0.424920      0.022795      0.079035      1.567603      -0.111837      0.104739      
250      0.424900      0.022785      0.079035      1.567604      -0.111821      0.104723      
251      0.424900      0.022745      0.079015      1.567680      -0.110369      0.103271      
252      0.424880      0.022735      0.079045      1.567700      -0.109992      0.102894      
253      0.424860      0.022715      0.079065      1.567816      -0.107755      0.100656      
254      0.424800      0.022745      0.079215      1.568035      -0.103391      0.096291      
255      0.424660      0.022865      0.079265      1.568075      -0.102567      0.095466      
256      0.424680      0.022835      0.079255      1.568129      -0.101460      0.094359      
257      0.424680      0.022815      0.079265      1.568386      -0.095974      0.088870      
258      0.424680      0.022815      0.079315      1.568486      -0.093768      0.086664      
259      0.424680      0.022815      0.079315      1.568536      -0.092638      0.085533      
260      0.424680      0.022815      0.079315      1.568583      -0.091562      0.084457      
261      0.424660      0.022805      0.079315      1.568772      -0.087127      0.080020      
262      0.424610      0.022775      0.079395      1.568804      -0.086358      0.079251      
263      0.424620      0.022725      0.079425      1.568850      -0.085243      0.078136      
264      0.424620      0.022685      0.079485      1.568849      -0.085251      0.078143      
265      0.424610      0.022665      0.079515      1.568895      -0.084128      0.077021      
266      0.424630      0.022595      0.079535      1.569068      -0.079700      0.072591      
267      0.424630      0.022595      0.079545      1.569081      -0.079363      0.072254      
268      0.424620      0.022545      0.079665      1.569151      -0.077510      0.070400      
269      0.424610      0.022545      0.079705      1.569191      -0.076411      0.069301      
270      0.424590      0.022555      0.079705      1.569270      -0.074221      0.067110      
271      0.424510      0.022465      0.079725      1.569352      -0.071881      0.064769      
272      0.424470      0.022405      0.079755      1.569465      -0.068536      0.061424      
273      0.424480      0.022345      0.079805      1.569490      -0.067791      0.060678      
274      0.424470      0.022325      0.079875      1.569560      -0.065592      0.058479      
275      0.424470      0.022295      0.079925      1.569641      -0.062993      0.055879      
276      0.424470      0.022285      0.079945      1.569630      -0.063362      0.056248      
277      0.424470      0.022285      0.079975      1.569770      -0.058581      0.051465      
278      0.424440      0.022275      0.080015      1.569911      -0.053422      0.046305      
279      0.424440      0.022275      0.080045      1.569911      -0.053399      0.046282      
280      0.424460      0.022225      0.080045      1.569882      -0.054529      0.047413      
281      0.424520      0.022095      0.080045      1.569883      -0.054482      0.047366      
282      0.424540      0.022055      0.080035      1.569883      -0.054482      0.047366      
283      0.424530      0.022025      0.080045      1.569884      -0.054451      0.047334      
284      0.424550      0.021915      0.080055      1.569913      -0.053312      0.046195      
285      0.424580      0.021855      0.080075      1.569951      -0.051844      0.044727      
286      0.424570      0.021875      0.080075      1.569997      -0.049975      0.042857      
287      0.424600      0.021805      0.080075      1.569979      -0.050713      0.043596      
288      0.424620      0.021785      0.080115      1.570033      -0.048499      0.041381      
289      0.424660      0.021785      0.080165      1.570083      -0.046347      0.039229      
290      0.424700      0.021785      0.080175      1.570082      -0.046371      0.039252      
291      0.424760      0.021765      0.080275      1.570161      -0.042751      0.035631      
292      0.424770      0.021805      0.080315      1.570228      -0.039445      0.032325      
293      0.424820      0.021805      0.080335      1.570228      -0.039469      0.032348      
294      0.424810      0.021825      0.080375      1.570249      -0.038362      0.031241      
295      0.424840      0.021775      0.080375      1.570270      -0.037254      0.030133      
296      0.424860      0.021755      0.080395      1.570277      -0.036877      0.029756      
297      0.424850      0.021725      0.080385      1.570277      -0.036870      0.029748      
298      0.424860      0.021675      0.080375      1.570297      -0.035747      0.028625      
299      0.424900      0.021605      0.080365      1.570341      -0.033171      0.026049      
300      0.424860      0.021595      0.080345      1.570324      -0.034223      0.027101      
301      0.424820      0.021535      0.080305      1.570384      -0.030517      0.023394      
302      0.424760      0.021525      0.080305      1.570402      -0.029339      0.022216      
303      0.424680      0.021475      0.080285      1.570419      -0.028145      0.021022      
304      0.424570      0.021415      0.080295      1.570405      -0.029127      0.022004      
305      0.424410      0.021375      0.080285      1.570391      -0.030053      0.022931      
306      0.424230      0.021235      0.080265      1.570389      -0.030171      0.023049      
307      0.424010      0.021095      0.080275      1.570410      -0.028797      0.021674      
308      0.423760      0.020955      0.080225      1.570425      -0.027737      0.020614      
309      0.423620      0.020865      0.080185      1.570401      -0.029370      0.022247      
310      0.423290      0.020665      0.080015      1.570402      -0.029315      0.022192      
311      0.423090      0.020555      0.080045      1.570383      -0.030595      0.023473      
312      0.422910      0.020455      0.080145      1.570351      -0.032598      0.025476      
313      0.422770      0.020375      0.080185      1.570388      -0.030234      0.023111      
314      0.422610      0.020355      0.080225      1.570407      -0.029001      0.021878      
315      0.422470      0.020275      0.080275      1.570409      -0.028844      0.021721      
316      0.422380      0.020225      0.080315      1.570426      -0.027650      0.020527      
317      0.422180      0.020125      0.080435      1.570444      -0.026355      0.019231      
318      0.421950      0.019935      0.080665      1.570462      -0.024996      0.017872      
319      0.421820      0.019865      0.080595      1.570478      -0.023677      0.016553      
320      0.421680      0.019775      0.080515      1.570489      -0.022790      0.015665      
321      0.421610      0.019595      0.080435      1.570491      -0.022578      0.015453      
322      0.421500      0.019475      0.080305      1.570506      -0.021290      0.014165      
323      0.421470      0.019365      0.080255      1.570531      -0.018957      0.011832      
324      0.421450      0.019275      0.080205      1.570546      -0.017363      0.010238      
325      0.421430      0.019245      0.080155      1.570546      -0.017332      0.010206      
326      0.421410      0.019175      0.080135      1.570566      -0.015054      0.007928      
327      0.421390      0.019135      0.080115      1.570591      -0.011717      0.004590      
328      0.421360      0.019155      0.080125      1.570594      -0.011300      0.004174      
329      0.421340      0.019155      0.080105      1.570622      -0.005772      -0.001356      
330      0.421340      0.019145      0.080115      1.570630      -0.003565      -0.003563      
331      0.421350      0.019125      0.080135      1.570639      0.001932      -0.009061      
332      0.421340      0.019145      0.080115      1.570638      0.004171      -0.011300      
333      0.421340      0.019125      0.080105      1.570638      0.004163      -0.011292      
334      0.421330      0.019115      0.080095      1.570638      0.004202      -0.011331      
335      0.421320      0.019105      0.080035      1.570638      0.004273      -0.011402      
336      0.421300      0.019105      0.079985      1.570639      0.003896      -0.011025      
337      0.421300      0.019105      0.079985      1.570638      0.004289      -0.011418      
338      0.421290      0.019135      0.080005      1.570638      0.004289      -0.011418      
339      0.421290      0.019135      0.080005      1.570638      0.005019      -0.012148      
340      0.421280      0.019145      0.079985      1.570636      0.006126      -0.013256      
341      0.421280      0.019145      0.080005      1.570638      0.005019      -0.012148      
342      0.421330      0.019055      0.079985      1.570634      0.007234      -0.014363      
343      0.421360      0.018995      0.079975      1.570627      0.009817      -0.016947      
344      0.421350      0.019005      0.079965      1.570614      0.013116      -0.020246      
345      0.421330      0.018995      0.079945      1.570608      0.014262      -0.021393      
346      0.421310      0.019045      0.079915      1.570588      0.017553      -0.024684      
347      0.421130      0.019335      0.079845      1.570550      0.022281      -0.029412      
348      0.420810      0.019705      0.079795      1.570540      0.023357      -0.030488      
349      0.420760      0.019745      0.079775      1.570543      0.023027      -0.030159      
350      0.420790      0.019765      0.079795      1.570498      0.027394      -0.034526      
351      0.420830      0.019785      0.079845      1.570498      0.027315      -0.034447      
352      0.420820      0.019865      0.079885      1.570472      0.029498      -0.036631      
353      0.420810      0.019895      0.079885      1.570458      0.030606      -0.037738      
354      0.420810      0.019875      0.079905      1.570429      0.032813      -0.039945      
355      0.420800      0.019885      0.079935      1.570403      0.034619      -0.041752      
356      0.420790      0.019875      0.079985      1.570363      0.037218      -0.044351      
357      0.420780      0.019875      0.080075      1.570352      0.037894      -0.045027      
358      0.420780      0.019895      0.080075      1.570334      0.038985      -0.046118      
359      0.420770      0.019905      0.080105      1.570276      0.042292      -0.049425      
360      0.420790      0.019915      0.080125      1.570242      0.044098      -0.051231      
361      0.420800      0.019925      0.080145      1.570199      0.046289      -0.053423      
362      0.420810      0.019935      0.080195      1.570208      0.045857      -0.052991      
363      0.420820      0.019935      0.080215      1.570186      0.046941      -0.054074      
364      0.420850      0.019955      0.080245      1.570116      0.050200      -0.057334      
365      0.420870      0.019965      0.080355      1.570068      0.052360      -0.059494      
366      0.420850      0.019955      0.080515      1.570042      0.053451      -0.060585      
367      0.420850      0.019955      0.080555      1.569990      0.055642      -0.062776      
368      0.420850      0.019935      0.080595      1.569962      0.056765      -0.063899      
369      0.420870      0.019925      0.080635      1.569907      0.058933      -0.066067      
370      0.420880      0.019935      0.080645      1.569907      0.058917      -0.066051      
371      0.420910      0.019945      0.080675      1.569908      0.058894      -0.066028      
372      0.420900      0.019945      0.080675      1.569757      0.064406      -0.071541      
373      0.420900      0.019915      0.080675      1.569746      0.064783      -0.071918      
374      0.420880      0.019935      0.080695      1.569746      0.064783      -0.071918      
375      0.420890      0.019955      0.080755      1.569779      0.063637      -0.070771      
376      0.420930      0.019975      0.080795      1.569749      0.064705      -0.071839      
377      0.420910      0.020005      0.080795      1.569728      0.065412      -0.072546      
378      0.420900      0.020025      0.080795      1.569728      0.065412      -0.072546      
379      0.420910      0.020005      0.080795      1.569760      0.064312      -0.071446      
380      0.420900      0.020005      0.080765      1.569760      0.064304      -0.071439      
381      0.420910      0.019915      0.080735      1.569779      0.063645      -0.070779      
382      0.420880      0.019895      0.080715      1.569778      0.063668      -0.070803      
383      0.420870      0.019885      0.080675      1.569747      0.064760      -0.071894      
384      0.420850      0.019875      0.080605      1.569735      0.065184      -0.072318      
385      0.420760      0.019845      0.080605      1.569701      0.066330      -0.073465      
386      0.420710      0.019795      0.080555      1.569698      0.066433      -0.073567      
387      0.420750      0.019665      0.080535      1.569686      0.066864      -0.073999      
388      0.420800      0.019675      0.080575      1.569678      0.067131      -0.074266      
389      0.420850      0.019665      0.080595      1.569646      0.068192      -0.075326      
390      0.420910      0.019655      0.080665      1.569522      0.072149      -0.079284      
391      0.420960      0.019685      0.080685      1.569511      0.072503      -0.079637      
392      0.420960      0.019665      0.080705      1.569326      0.077992      -0.085126      
393      0.420980      0.019645      0.080785      1.569264      0.079767      -0.086901      
394      0.421040      0.019475      0.080995      1.569277      0.079390      -0.086524      
395      0.421040      0.019405      0.081125      1.569354      0.077183      -0.084317      
396      0.421150      0.019185      0.081385      1.569305      0.078612      -0.085747      
397      0.421430      0.018865      0.081655      1.569232      0.080662      -0.087796      
398      0.421900      0.018425      0.081795      1.569238      0.080489      -0.087623      
399      0.422140      0.018115      0.081805      1.569368      0.076798      -0.083933      
400      0.422170      0.018065      0.081805      1.569405      0.075691      -0.082825      
401      0.422320      0.017875      0.081845      1.569395      0.076005      -0.083140      
402      0.422320      0.017895      0.081855      1.569394      0.076021      -0.083155      
403      0.422330      0.017905      0.081865      1.569395      0.075997      -0.083132      
404      0.422400      0.017885      0.081905      1.569321      0.078133      -0.085268      
405      0.422430      0.017915      0.081945      1.569285      0.079170      -0.086304      
406      0.422460      0.017935      0.081975      1.569287      0.079115      -0.086249      
407      0.422520      0.018025      0.082035      1.569263      0.079774      -0.086909      
408      0.422490      0.018185      0.082065      1.569200      0.081526      -0.088660      
409      0.422470      0.018235      0.082085      1.569201      0.081502      -0.088636      
410      0.422450      0.018255      0.082065      1.569118      0.083756      -0.090890      
411      0.422410      0.018315      0.082035      1.569159      0.082648      -0.089783      
412      0.422410      0.018315      0.082035      1.569158      0.082672      -0.089806      
413      0.422400      0.018345      0.082025      1.569005      0.086708      -0.093842      
414      0.422390      0.018355      0.082025      1.568990      0.087093      -0.094227      
415      0.422400      0.018365      0.081985      1.569005      0.086708      -0.093842      
416      0.422450      0.018275      0.081965      1.569047      0.085609      -0.092743      
417      0.422480      0.018215      0.081995      1.568963      0.087784      -0.094918      
418      0.422480      0.018195      0.082015      1.568919      0.088891      -0.096025      
419      0.422490      0.018205      0.082025      1.568921      0.088844      -0.095978      
420      0.422520      0.018125      0.082175      1.568908      0.089174      -0.096308      
421      0.422520      0.018105      0.082245      1.568819      0.091357      -0.098491      
422      0.422540      0.018095      0.082235      1.568773      0.092464      -0.099598      
423      0.422610      0.017975      0.082255      1.568804      0.091726      -0.098860      
424      0.422620      0.017945      0.082255      1.568804      0.091726      -0.098860      
425      0.422660      0.017925      0.082265      1.568849      0.090619      -0.097753      
426      0.422770      0.017855      0.082285      1.568762      0.092739      -0.099873      
427      0.422780      0.017875      0.082315      1.568839      0.090878      -0.098012      
428      0.422790      0.017885      0.082325      1.568840      0.090854      -0.097988      
429      0.422800      0.017885      0.082335      1.568885      0.089731      -0.096865      
430      0.422820      0.017895      0.082365      1.568842      0.090799      -0.097933      
431      0.422820      0.017955      0.082365      1.568826      0.091184      -0.098318      
432      0.422780      0.018025      0.082365      1.568873      0.090045      -0.097180      
433      0.422740      0.018065      0.082375      1.568797      0.091883      -0.099017      
434      0.422750      0.018065      0.082365      1.568886      0.089708      -0.096842      
435      0.422740      0.018085      0.082365      1.568916      0.088962      -0.096096      
436      0.422740      0.018085      0.082375      1.568915      0.088985      -0.096120      
437      0.422750      0.018085      0.082335      1.568916      0.088962      -0.096096      
438      0.422750      0.018085      0.082335      1.568872      0.090069      -0.097203      
439      0.422720      0.018125      0.082355      1.568765      0.092660      -0.099794      
440      0.422690      0.018135      0.082315      1.568780      0.092315      -0.099449      
441      0.422690      0.018095      0.082315      1.568808      0.091631      -0.098766      
442      0.422690      0.018095      0.082315      1.568574      0.097128      -0.104262      
443      0.422700      0.018085      0.082325      1.568669      0.094929      -0.102063      
444      0.422710      0.018085      0.082335      1.568717      0.093806      -0.100941      
445      0.422710      0.018105      0.082355      1.568765      0.092676      -0.099810      
446      0.422720      0.018095      0.082355      1.568855      0.090469      -0.097604      
447      0.422780      0.017985      0.082355      1.568855      0.090469      -0.097604      
448      0.422780      0.018005      0.082365      1.568826      0.091200      -0.098334      
449      0.422790      0.017995      0.082355      1.568959      0.087886      -0.095020      
450      0.422820      0.017965      0.082365      1.568987      0.087179      -0.094314      
451      0.422830      0.017965      0.082375      1.569031      0.086025      -0.093159      
452      0.422850      0.017975      0.082395      1.569158      0.082680      -0.089814      
453      0.422870      0.017945      0.082395      1.569225      0.080858      -0.087992      
454      0.422850      0.017955      0.082385      1.569144      0.083057      -0.090191      
455      0.422850      0.017935      0.082375      1.569102      0.084180      -0.091314      
456      0.422850      0.017915      0.082385      1.569129      0.083457      -0.090592      
457      0.422890      0.017875      0.082395      1.568931      0.088577      -0.095711      
458      0.422890      0.017875      0.082395      1.568959      0.087886      -0.095020      
459      0.422890      0.017875      0.082395      1.569002      0.086779      -0.093913      
460      0.422940      0.017785      0.082395      1.569101      0.084187      -0.091322      
461      0.423060      0.017615      0.082425      1.569224      0.080874      -0.088008      
462      0.423100      0.017605      0.082445      1.569380      0.076445      -0.083579      
463      0.423170      0.017635      0.082575      1.569565      0.070791      -0.077925      
464      0.423200      0.017735      0.082705      1.569889      0.059616      -0.066750      
465      0.423270      0.017825      0.082805      1.570323      0.039622      -0.046755      
466      0.423350      0.017865      0.082985      1.570499      0.027299      -0.034431      
467      0.423390      0.017885      0.083145      1.570555      0.021708      -0.028839      
468      0.423470      0.017935      0.083455      1.570638      0.004948      -0.012077      
469      0.423520      0.017975      0.083725      1.570604      -0.009596      0.002469      
470      0.423490      0.018015      0.083975      1.570565      -0.015164      0.008038      
471      0.423420      0.018055      0.084445      1.570419      -0.028161      0.021038      
472      0.423430      0.018065      0.084705      1.570272      -0.037113      0.029992      
473      0.423420      0.018115      0.084925      1.570114      -0.044950      0.037831      
474      0.423470      0.018165      0.085175      1.569703      -0.060928      0.053814      
475      0.423560      0.018205      0.085505      1.569143      -0.077722      0.070612      
476      0.423610      0.018275      0.085935      1.568756      -0.087512      0.080405      
477      0.423610      0.018355      0.086165      1.568514      -0.093132      0.086028      
478      0.423600      0.018485      0.086465      1.567802      -0.108022      0.100923      
479      0.423620      0.018515      0.086765      1.567179      -0.119575      0.112480      
480      0.423600      0.018505      0.087105      1.566519      -0.130718      0.123628      
481      0.423590      0.018455      0.087415      1.565349      -0.148458      0.141376      
482      0.423520      0.018435      0.087835      1.563946      -0.167292      0.160220      
483      0.423410      0.018385      0.088415      1.562728      -0.182099      0.175034      
484      0.423370      0.018355      0.089105      1.560456      -0.206913      0.199862      
485      0.423300      0.018345      0.089765      1.558608      -0.225103      0.218064      
486      0.423280      0.018315      0.090075      1.558207      -0.228856      0.221819      
487      0.423260      0.018185      0.090835      1.557581      -0.234599      0.227566      
488      0.423180      0.018165      0.091665      1.556182      -0.246961      0.239936      
489      0.423100      0.018115      0.092415      1.555509      -0.252686      0.245665      
490      0.422970      0.018055      0.093615      1.554492      -0.261105      0.254090      
491      0.422890      0.017985      0.094555      1.553589      -0.268355      0.261345      
492      0.422830      0.017955      0.095715      1.552502      -0.276834      0.269830      
493      0.422860      0.017955      0.096715      1.550133      -0.294466      0.287476      
494      0.422960      0.017975      0.097865      1.548178      -0.308251      0.301272      
495      0.423080      0.018055      0.098935      1.545643      -0.325253      0.318287      
496      0.423310      0.018005      0.099985      1.542722      -0.343794      0.336845      
497      0.423420      0.017965      0.100445      1.542016      -0.348123      0.341178      
498      0.423580      0.017935      0.101535      1.541314      -0.352374      0.345432      
499      0.423760      0.017935      0.102805      1.539905      -0.360756      0.353822      
500      0.424010      0.018045      0.104815      1.539790      -0.361435      0.354502      
501      0.424280      0.018145      0.106055      1.538354      -0.369761      0.362836      
502      0.424920      0.018135      0.107755      1.536475      -0.380380      0.373464      
503      0.425470      0.018095      0.108745      1.535338      -0.386663      0.379754      
504      0.426180      0.018015      0.109745      1.532305      -0.402933      0.396040      
505      0.427060      0.017855      0.110675      1.531386      -0.407730      0.400842      
506      0.427500      0.017905      0.111075      1.530275      -0.413454      0.406573      
507      0.428150      0.018245      0.111755      1.526647      -0.431611      0.424749      
508      0.428690      0.018545      0.112615      1.522521      -0.451346      0.444505      
509      0.429180      0.018815      0.113255      1.518555      -0.469517      0.462697      
510      0.429630      0.019015      0.113835      1.513376      -0.492202      0.485409      
511      0.430190      0.019045      0.114525      1.507935      -0.514921      0.508156      
512      0.430640      0.019275      0.115075      1.503586      -0.532356      0.525613      
513      0.430950      0.019535      0.115555      1.497840      -0.554516      0.547803      
514      0.431260      0.019675      0.116055      1.491337      -0.578522      0.571842      
515      0.431410      0.019775      0.116355      1.486612      -0.595325      0.588670      
516      0.431470      0.019745      0.116735      1.482728      -0.608774      0.602138      
517      0.431370      0.019735      0.117225      1.475497      -0.633002      0.626402      
518      0.431300      0.019795      0.117365      1.470225      -0.650060      0.643487      
519      0.431260      0.019755      0.117485      1.464352      -0.668514      0.661970      
520      0.431140      0.019715      0.117625      1.456887      -0.691208      0.684702      
521      0.431040      0.019705      0.117565      1.449918      -0.711687      0.705216      
522      0.430950      0.019875      0.117445      1.441954      -0.734331      0.727899      
523      0.430660      0.020335      0.117365      1.433111      -0.758613      0.752225      
524      0.430300      0.020965      0.117405      1.417496      -0.799508      0.793198      
525      0.429960      0.021665      0.117435      1.401004      -0.840309      0.834080      
526      0.429930      0.021725      0.117435      1.398322      -0.846736      0.840519      
527      0.429900      0.021915      0.117395      1.391312      -0.863278      0.857096      
528      0.429820      0.022165      0.117275      1.384897      -0.878105      0.871954      
529      0.429780      0.022205      0.117315      1.377983      -0.893772      0.887655      
530      0.429800      0.022155      0.117345      1.365956      -0.920296      0.914238      
531      0.429860      0.021965      0.117285      1.351525      -0.950993      0.945005      
532      0.429930      0.021865      0.117245      1.334453      -0.985871      0.979965      
