0      0.437491      0.051332      0.123279      1.322531      -1.009930      1.006093      
0      0.438801      0.051892      0.122549      1.326682      -1.001814      0.997962      
0      0.440011      0.052332      0.122129      1.329207      -0.996840      0.992978      
0      0.441371      0.052672      0.121969      1.330538      -0.994205      0.990338      
0      0.442691      0.053022      0.121769      1.331535      -0.992224      0.988353      
0      0.443901      0.053362      0.121489      1.333381      -0.988548      0.984671      
0      0.445211      0.053702      0.121169      1.334237      -0.986838      0.982957      
0      0.446601      0.053972      0.120849      1.334365      -0.986582      0.982700      
0      0.448171      0.054202      0.120589      1.334899      -0.985512      0.981628      
0      0.449921      0.054332      0.120709      1.334120      -0.987072      0.983191      
0      0.451941      0.054422      0.121059      1.332871      -0.989565      0.985689      
0      0.453681      0.054572      0.121179      1.333309      -0.988692      0.984814      
0      0.456481      0.054702      0.121209      1.334994      -0.985324      0.981440      
0      0.458181      0.054852      0.120889      1.335294      -0.984721      0.980836      
0      0.458971      0.054902      0.120649      1.335505      -0.984299      0.980413      
0      0.460781      0.055132      0.119959      1.336435      -0.982429      0.978540      
0      0.462421      0.055342      0.119129      1.337278      -0.980733      0.976841      
0      0.463981      0.055422      0.118279      1.337536      -0.980213      0.976320      
0      0.465511      0.055602      0.117199      1.339498      -0.976247      0.972346      
0      0.466971      0.055692      0.115889      1.344182      -0.966702      0.962783      
0      0.468281      0.055892      0.114429      1.349264      -0.956219      0.952281      
0      0.469511      0.056072      0.113029      1.354242      -0.945817      0.941861      
0      0.471061      0.056112      0.111469      1.359629      -0.934407      0.930430      
0      0.472281      0.056252      0.110409      1.363216      -0.926721      0.922730      
0      0.473221      0.056222      0.109409      1.368290      -0.915716      0.911706      
0      0.473641      0.056262      0.108949      1.370709      -0.910415      0.906395      
0      0.474631      0.056302      0.108039      1.375216      -0.900444      0.896407      
0      0.475531      0.056082      0.107509      1.378411      -0.893298      0.889248      
0      0.476441      0.055892      0.107169      1.381025      -0.887402      0.883342      
0      0.477191      0.055672      0.106619      1.385352      -0.877541      0.873465      
0      0.477781      0.055432      0.105959      1.392686      -0.860530      0.856426      
0      0.479161      0.055072      0.105189      1.402463      -0.837244      0.833101      
0      0.479741      0.054712      0.104889      1.408563      -0.822336      0.818169      
0      0.480501      0.054432      0.104679      1.413957      -0.808895      0.804707      
0      0.481501      0.054202      0.104429      1.419707      -0.794286      0.790075      
0      0.482051      0.054122      0.104329      1.422189      -0.787887      0.783666      
0      0.483161      0.053922      0.104059      1.425165      -0.780137      0.775905      
0      0.484011      0.053712      0.103569      1.429038      -0.769922      0.765675      
0      0.485001      0.053612      0.103049      1.435587      -0.752297      0.748024      
0      0.486011      0.053432      0.102769      1.441210      -0.736796      0.732500      
0      0.487151      0.053042      0.102219      1.447037      -0.720341      0.716021      
0      0.487701      0.052852      0.101879      1.452509      -0.704509      0.700167      
0      0.488101      0.052672      0.101599      1.456946      -0.691381      0.687021      
0      0.488241      0.052582      0.101489      1.458658      -0.686242      0.681875      
0      0.488501      0.052452      0.101459      1.461969      -0.676184      0.671804      
0      0.488901      0.052412      0.101349      1.464909      -0.667116      0.662723      
0      0.489421      0.052342      0.101169      1.468561      -0.655666      0.651258      
0      0.490081      0.052412      0.100859      1.471566      -0.646077      0.641657      
0      0.490711      0.052452      0.100239      1.474353      -0.637048      0.632616      
0      0.491081      0.052392      0.099679      1.477462      -0.626809      0.622364      
0      0.491611      0.052412      0.098819      1.481976      -0.611621      0.607157      
0      0.492031      0.052322      0.098119      1.485020      -0.601144      0.596667      
0      0.492491      0.052202      0.097429      1.487838      -0.591273      0.586785      
0      0.492781      0.052192      0.096949      1.490293      -0.582529      0.578030      
0      0.493451      0.052032      0.095779      1.496666      -0.559152      0.554625      
0      0.493901      0.051872      0.095139      1.499819      -0.547198      0.542658      
0      0.494301      0.051722      0.094529      1.502936      -0.535106      0.530552      
0      0.494811      0.051702      0.093839      1.504512      -0.528879      0.524318      
0      0.495311      0.051552      0.093119      1.506962      -0.519045      0.514474      
0      0.495771      0.051512      0.092299      1.510678      -0.503752      0.499164      
0      0.495981      0.051482      0.091949      1.511985      -0.498255      0.493661      
0      0.496551      0.051272      0.090919      1.515959      -0.481144      0.476532      
0      0.496731      0.051202      0.090109      1.520919      -0.458859      0.454224      
0      0.497171      0.051142      0.089199      1.524245      -0.443265      0.438615      
0      0.497621      0.051022      0.088379      1.526122      -0.434210      0.429551      
0      0.497981      0.050922      0.087479      1.529119      -0.419336      0.414663      
0      0.498441      0.050782      0.086659      1.531040      -0.409509      0.404827      
0      0.498951      0.050572      0.085879      1.531705      -0.406054      0.401369      
0      0.499091      0.050522      0.085609      1.532337      -0.402738      0.398050      
0      0.499271      0.050432      0.085269      1.533762      -0.395161      0.390466      
0      0.499401      0.050332      0.085039      1.535378      -0.386381      0.381678      
0      0.499501      0.050262      0.084869      1.537294      -0.375701      0.370989      
0      0.499571      0.050182      0.084739      1.538645      -0.367986      0.363267      
0      0.499601      0.050012      0.084779      1.539560      -0.362659      0.357935      
0      0.499591      0.049902      0.084679      1.541241      -0.352667      0.347935      
0      0.499581      0.049792      0.084549      1.542240      -0.346587      0.341850      
0      0.499551      0.049552      0.084389      1.542718      -0.343641      0.338902      
0      0.499251      0.049502      0.083929      1.546012      -0.322596      0.317840      
0      0.499131      0.049502      0.083699      1.547454      -0.312930      0.308166      
0      0.498961      0.049252      0.083529      1.549391      -0.299451      0.294677      
0      0.498921      0.049122      0.083459      1.549775      -0.296705      0.291928      
0      0.498791      0.048972      0.082649      1.551794      -0.281828      0.277040      
0      0.498571      0.048792      0.082219      1.553409      -0.269334      0.264537      
0      0.498531      0.048802      0.081679      1.554301      -0.262169      0.257368      
0      0.498661      0.048842      0.081409      1.554803      -0.258050      0.253246      
0      0.498721      0.048852      0.081229      1.555862      -0.249146      0.244335      
0      0.498741      0.048922      0.081019      1.556618      -0.242581      0.237766      
0      0.498771      0.048962      0.080849      1.556920      -0.239918      0.235101      
0      0.498781      0.048882      0.080849      1.556920      -0.239918      0.235101      
0      0.498631      0.048782      0.080509      1.557260      -0.236870      0.232052      
0      0.498621      0.048602      0.080499      1.557264      -0.236831      0.232012      
0      0.498651      0.048362      0.080489      1.558636      -0.224130      0.219303      
0      0.498591      0.048112      0.080409      1.560003      -0.210721      0.205885      
0      0.498571      0.047842      0.080179      1.560230      -0.208409      0.203572      
0      0.498591      0.047602      0.079909      1.560703      -0.203502      0.198661      
0      0.498551      0.047452      0.079839      1.561463      -0.195372      0.190527      
0      0.498311      0.047162      0.079419      1.563117      -0.176389      0.171533      
0      0.498161      0.046942      0.079209      1.563302      -0.174146      0.169288      
0      0.498141      0.046742      0.078989      1.563874      -0.166993      0.162132      
0      0.498131      0.046542      0.078789      1.564335      -0.161001      0.156136      
0      0.498021      0.046262      0.078589      1.564399      -0.160154      0.155288      
0      0.498041      0.046122      0.078179      1.564469      -0.159220      0.154354      
0      0.498081      0.046002      0.077819      1.564510      -0.158664      0.153797      
0      0.497961      0.045902      0.077619      1.564859      -0.153910      0.149041      
0      0.497991      0.045942      0.077199      1.565588      -0.143460      0.138586      
0      0.498011      0.045942      0.077039      1.565807      -0.140173      0.135297      
0      0.497831      0.045942      0.076709      1.566462      -0.129847      0.124966      
0      0.497891      0.046042      0.076199      1.567016      -0.120439      0.115553      
0      0.497961      0.046052      0.076079      1.567340      -0.114585      0.109695      
0      0.498051      0.046162      0.075869      1.567637      -0.108942      0.104050      
0      0.498121      0.046222      0.075679      1.567975      -0.102137      0.097242      
0      0.498181      0.046372      0.075509      1.568570      -0.088958      0.084057      
0      0.498301      0.046502      0.075319      1.568824      -0.082686      0.077782      
0      0.498391      0.046522      0.075349      1.568832      -0.082482      0.077578      
0      0.498541      0.046632      0.075099      1.569060      -0.076422      0.071515      
0      0.498611      0.046692      0.074849      1.569221      -0.071853      0.066944      
0      0.498741      0.046722      0.074529      1.569315      -0.069043      0.064133      
0      0.498941      0.046772      0.074059      1.569450      -0.064819      0.059907      
0      0.499191      0.046862      0.073539      1.569583      -0.060360      0.055446      
0      0.499711      0.046852      0.073309      1.569550      -0.061482      0.056569      
0      0.500131      0.046902      0.073009      1.569718      -0.055453      0.050537      
0      0.500671      0.046902      0.072799      1.569865      -0.049635      0.044717      
0      0.501201      0.046812      0.072639      1.569859      -0.049870      0.044953      
0      0.501721      0.046722      0.072389      1.569890      -0.048559      0.043641      
0      0.501921      0.046662      0.072019      1.569986      -0.044256      0.039337      
0      0.502131      0.046462      0.071859      1.569967      -0.045136      0.040216      
0      0.502181      0.046322      0.071789      1.570060      -0.040668      0.035747      
0      0.502191      0.046252      0.071719      1.570284      -0.027147      0.022221      
0      0.502321      0.045992      0.071679      1.570334      -0.023087      0.018160      
0      0.502351      0.045992      0.071519      1.570334      -0.023087      0.018160      
0      0.502351      0.045902      0.071339      1.570355      -0.021242      0.016314      
0      0.502491      0.045742      0.071239      1.570339      -0.022695      0.017767      
0      0.502591      0.045632      0.071159      1.570336      -0.022977      0.018050      
0      0.502491      0.045602      0.070919      1.570349      -0.021800      0.016872      
0      0.502511      0.045402      0.070829      1.570324      -0.023983      0.019055      
0      0.502511      0.045172      0.070779      1.570338      -0.022805      0.017877      
0      0.502501      0.045112      0.070719      1.570342      -0.022404      0.017476      
0      0.502551      0.044852      0.070769      1.570348      -0.021855      0.016927      
0      0.502601      0.044612      0.070769      1.570353      -0.021399      0.016471      
0      0.502681      0.044222      0.070979      1.570399      -0.016680      0.011750      
0      0.502811      0.043972      0.070909      1.570381      -0.018674      0.013745      
0      0.502841      0.043672      0.070819      1.570396      -0.017025      0.012096      
0      0.502861      0.043282      0.070979      1.570419      -0.014230      0.009299      
0      0.502991      0.042772      0.070969      1.570446      -0.009942      0.005010      
0      0.503051      0.042392      0.071099      1.570448      -0.009589      0.004657      
0      0.503111      0.042202      0.071029      1.570469      -0.004650      -0.000284      
0      0.503121      0.042062      0.071059      1.570471      -0.003880      -0.001054      
0      0.503131      0.041772      0.071089      1.570474      -0.002428      -0.002507      
0      0.503171      0.041672      0.070799      1.570472      -0.003401      -0.001533      
0      0.503151      0.041382      0.070779      1.570475      -0.002168      -0.002766      
0      0.503141      0.041162      0.070799      1.570478      0.000957      -0.005892      
0      0.503031      0.040862      0.070689      1.570477      0.004279      -0.009215      
0      0.502851      0.040652      0.070669      1.570470      0.007820      -0.012758      
0      0.502801      0.040642      0.070479      1.570472      0.006988      -0.011925      
0      0.502591      0.040492      0.070329      1.570468      0.008503      -0.013441      
0      0.502371      0.040412      0.070169      1.570446      0.013749      -0.018688      
0      0.502251      0.040432      0.069939      1.570414      0.018602      -0.023543      
0      0.502141      0.040382      0.069829      1.570405      0.019638      -0.024580      
0      0.501981      0.040352      0.069569      1.570379      0.022607      -0.027549      
0      0.501801      0.040312      0.069319      1.570330      0.027138      -0.032081      
0      0.501721      0.040122      0.069259      1.570325      0.027617      -0.032560      
0      0.501651      0.040062      0.069209      1.570224      0.034998      -0.039944      
0      0.501621      0.039982      0.069289      1.570145      0.039812      -0.044759      
0      0.501631      0.040002      0.069249      1.570144      0.039843      -0.044790      
0      0.501631      0.040062      0.069219      1.570169      0.038422      -0.043368      
0      0.501561      0.040102      0.069259      1.570158      0.039082      -0.044028      
0      0.501491      0.040252      0.069109      1.570183      0.037590      -0.042536      
0      0.501371      0.040252      0.069109      1.570171      0.038304      -0.043250      
0      0.501361      0.040322      0.069049      1.570173      0.038194      -0.043141      
0      0.501281      0.040272      0.069089      1.570147      0.039678      -0.044625      
0      0.501251      0.040292      0.069009      1.570126      0.040872      -0.045819      
0      0.501261      0.040312      0.068989      1.570105      0.042018      -0.046966      
0      0.501241      0.040292      0.069039      1.570064      0.044186      -0.049134      
0      0.501221      0.040322      0.068999      1.570037      0.045513      -0.050461      
0      0.501241      0.040342      0.068979      1.570016      0.046557      -0.051506      
0      0.501181      0.040332      0.068959      1.570030      0.045897      -0.050846      
0      0.501181      0.040332      0.068919      1.570004      0.047122      -0.052071      
0      0.501161      0.040332      0.068939      1.570016      0.046541      -0.051490      
0      0.501091      0.040302      0.068889      1.570004      0.047115      -0.052063      
0      0.501101      0.040252      0.068879      1.570020      0.046384      -0.051333      
0      0.501101      0.040252      0.068839      1.570047      0.045034      -0.049982      
0      0.501061      0.040232      0.068819      1.570024      0.046180      -0.051129      
0      0.501081      0.040122      0.068869      1.570028      0.045968      -0.050916      
0      0.501091      0.040112      0.068819      1.570003      0.047201      -0.052150      
0      0.500971      0.040072      0.068759      1.569892      0.052211      -0.057161      
0      0.500901      0.040082      0.068579      1.569901      0.051802      -0.056752      
0      0.500771      0.040042      0.068519      1.569860      0.053561      -0.058512      
0      0.500621      0.040062      0.068299      1.569820      0.055179      -0.060129      
0      0.500601      0.039912      0.068289      1.569823      0.055077      -0.060027      
0      0.500591      0.039752      0.068359      1.569816      0.055344      -0.060294      
0      0.500551      0.039642      0.068179      1.569802      0.055933      -0.060883      
0      0.500481      0.039442      0.067989      1.569752      0.057880      -0.062831      
0      0.500381      0.039162      0.068009      1.569732      0.058634      -0.063585      
0      0.500221      0.039072      0.067739      1.569700      0.059851      -0.064803      
0      0.500131      0.038742      0.067729      1.569689      0.060251      -0.065203      
0      0.499881      0.038632      0.067439      1.569455      0.068370      -0.073324      
0      0.499831      0.038452      0.067449      1.569453      0.068417      -0.073371      
0      0.499791      0.038372      0.067469      1.569411      0.069768      -0.074722      
0      0.499741      0.038372      0.067319      1.569433      0.069053      -0.074007      
0      0.499651      0.038342      0.067349      1.569418      0.069556      -0.074510      
0      0.499581      0.038312      0.067349      1.569427      0.069250      -0.074204      
0      0.499571      0.038332      0.067299      1.569442      0.068771      -0.073724      
0      0.499531      0.038272      0.067339      1.569392      0.070357      -0.075311      
0      0.499461      0.038212      0.067199      1.569421      0.069462      -0.074416      
0      0.499451      0.038032      0.067259      1.569350      0.071692      -0.076646      
0      0.499401      0.037932      0.067229      1.569298      0.073262      -0.078217      
0      0.499311      0.037842      0.067099      1.569252      0.074644      -0.079599      
0      0.499261      0.037742      0.067009      1.569267      0.074220      -0.079175      
0      0.499151      0.037672      0.066899      1.569167      0.077133      -0.082088      
0      0.499161      0.037612      0.066959      1.569084      0.079473      -0.084429      
0      0.499161      0.037622      0.066959      1.569097      0.079119      -0.084075      
0      0.499161      0.037662      0.067029      1.568984      0.082221      -0.087177      
0      0.499131      0.037712      0.067079      1.568788      0.087324      -0.092281      
0      0.499101      0.037722      0.067169      1.568626      0.091320      -0.096278      
0      0.499091      0.037762      0.067169      1.568671      0.090213      -0.095171      
0      0.499061      0.037792      0.067139      1.568659      0.090512      -0.095470      
0      0.498981      0.037792      0.067109      1.568590      0.092192      -0.097150      
0      0.498981      0.037812      0.067079      1.568585      0.092309      -0.097268      
0      0.498981      0.037742      0.067139      1.568497      0.094390      -0.099349      
0      0.498951      0.037742      0.067169      1.568431      0.095905      -0.100864      
0      0.498961      0.037772      0.067109      1.568392      0.096792      -0.101751      
0      0.498951      0.037742      0.067149      1.568394      0.096753      -0.101712      
0      0.498941      0.037752      0.067239      1.568355      0.097632      -0.102592      
0      0.498921      0.037802      0.067189      1.568443      0.095638      -0.100597      
0      0.498891      0.037782      0.067239      1.568393      0.096769      -0.101728      
0      0.498901      0.037842      0.067199      1.568342      0.097923      -0.102882      
0      0.498851      0.037782      0.067409      1.568157      0.102005      -0.106965      
0      0.498821      0.037832      0.067459      1.568120      0.102790      -0.107750      
0      0.498801      0.037862      0.067479      1.568069      0.103881      -0.108842      
0      0.498751      0.037832      0.067629      1.567969      0.105977      -0.110938      
0      0.498731      0.037872      0.067659      1.567916      0.107061      -0.112022      
0      0.498741      0.037892      0.067709      1.567836      0.108701      -0.113663      
0      0.498731      0.037902      0.067769      1.567788      0.109667      -0.114628      
0      0.498701      0.038002      0.067759      1.567576      0.113820      -0.118782      
0      0.498691      0.038002      0.067839      1.567449      0.116245      -0.121208      
0      0.498651      0.038102      0.067729      1.567261      0.119754      -0.124717      
0      0.498651      0.038032      0.067839      1.567034      0.123828      -0.128791      
0      0.498661      0.038032      0.067849      1.567164      0.121504      -0.126468      
0      0.498641      0.038072      0.067859      1.567158      0.121614      -0.126578      
0      0.498631      0.038032      0.067909      1.567099      0.122674      -0.127637      
0      0.498611      0.038032      0.067989      1.567169      0.121418      -0.126381      
0      0.498611      0.038062      0.067909      1.567237      0.120178      -0.125141      
0      0.498571      0.037992      0.068069      1.567189      0.121049      -0.126012      
0      0.498551      0.037982      0.068089      1.567205      0.120767      -0.125730      
0      0.498501      0.037822      0.068259      1.567070      0.123192      -0.128155      
0      0.498511      0.037802      0.068249      1.567089      0.122847      -0.127810      
0      0.498511      0.037752      0.068259      1.567112      0.122446      -0.127410      
0      0.498501      0.037662      0.068319      1.566991      0.124597      -0.129561      
0      0.498441      0.037572      0.068309      1.566773      0.128365      -0.133329      
0      0.498411      0.037552      0.068199      1.566870      0.126693      -0.131657      
0      0.498311      0.037482      0.068269      1.566778      0.128286      -0.133250      
0      0.498311      0.037502      0.068219      1.566748      0.128788      -0.133753      
0      0.498321      0.037392      0.068219      1.566705      0.129518      -0.134483      
0      0.498341      0.037362      0.068189      1.566726      0.129165      -0.134129      
0      0.498331      0.037262      0.068249      1.566554      0.132054      -0.137018      
0      0.498301      0.037162      0.068349      1.566559      0.131967      -0.136932      
0      0.498351      0.037172      0.068329      1.566552      0.132077      -0.137042      
0      0.498331      0.037102      0.068399      1.566422      0.134220      -0.139185      
0      0.498291      0.037022      0.068499      1.566285      0.136425      -0.141390      
0      0.498321      0.037102      0.068359      1.566296      0.136260      -0.141226      
0      0.498311      0.037022      0.068459      1.566168      0.138301      -0.143266      
0      0.498301      0.037022      0.068479      1.565982      0.141213      -0.146178      
0      0.498331      0.036922      0.068569      1.566009      0.140781      -0.145747      
0      0.498341      0.036922      0.068549      1.565961      0.141527      -0.146492      
0      0.498361      0.036822      0.068569      1.565921      0.142147      -0.147112      
0      0.498431      0.036732      0.068669      1.565896      0.142531      -0.147497      
0      0.498451      0.036732      0.068669      1.565926      0.142076      -0.147042      
0      0.498441      0.036622      0.068759      1.565937      0.141903      -0.146869      
0      0.498431      0.036602      0.068789      1.566009      0.140789      -0.145755      
0      0.498521      0.036602      0.068839      1.566006      0.140836      -0.145802      
0      0.498521      0.036512      0.068899      1.565990      0.141079      -0.146045      
0      0.498501      0.036542      0.068869      1.566073      0.139792      -0.144758      
0      0.498501      0.036522      0.068849      1.566072      0.139808      -0.144773      
0      0.498471      0.036472      0.068869      1.566061      0.139973      -0.144938      
0      0.498491      0.036432      0.068839      1.566200      0.137783      -0.142748      
0      0.498441      0.036392      0.068789      1.566124      0.138992      -0.143957      
0      0.498451      0.036362      0.068789      1.566124      0.138992      -0.143957      
0      0.498461      0.036342      0.068759      1.566192      0.137909      -0.142874      
0      0.498461      0.036272      0.068779      1.566123      0.139000      -0.143965      
0      0.498481      0.036222      0.068789      1.566105      0.139290      -0.144255      
0      0.498491      0.036152      0.068789      1.566084      0.139612      -0.144577      
0      0.498491      0.036152      0.068809      1.566066      0.139894      -0.144860      
0      0.498501      0.036242      0.068769      1.566204      0.137720      -0.142686      
0      0.498431      0.036242      0.068929      1.566188      0.137979      -0.142945      
0      0.498461      0.036452      0.068799      1.566156      0.138482      -0.143447      
0      0.498491      0.036502      0.068719      1.566246      0.137061      -0.142026      
0      0.498471      0.036502      0.068769      1.566225      0.137398      -0.142364      
0      0.498421      0.036642      0.068689      1.566336      0.135617      -0.140582      
0      0.498381      0.036632      0.068649      1.566267      0.136716      -0.141681      
0      0.498361      0.036652      0.068659      1.566262      0.136802      -0.141767      
0      0.498381      0.036612      0.068619      1.566259      0.136841      -0.141806      
0      0.498391      0.036532      0.068629      1.566260      0.136826      -0.141791      
0      0.498381      0.036582      0.068489      1.566300      0.136190      -0.141155      
0      0.498361      0.036562      0.068489      1.566295      0.136276      -0.141241      
0      0.498361      0.036512      0.068469      1.566357      0.135279      -0.140244      
0      0.498361      0.036472      0.068499      1.566245      0.137077      -0.142042      
0      0.498371      0.036422      0.068519      1.566227      0.137359      -0.142324      
0      0.498381      0.036492      0.068429      1.566241      0.137132      -0.142097      
0      0.498371      0.036452      0.068479      1.566175      0.138191      -0.143156      
0      0.498371      0.036492      0.068459      1.566242      0.137116      -0.142081      
0      0.498371      0.036492      0.068509      1.566135      0.138811      -0.143777      
0      0.498371      0.036472      0.068509      1.566040      0.140302      -0.145268      
0      0.498401      0.036532      0.068399      1.566060      0.139996      -0.144962      
0      0.498431      0.036552      0.068319      1.565912      0.142280      -0.147246      
0      0.498411      0.036532      0.068369      1.565817      0.143732      -0.148698      
0      0.498401      0.036602      0.068199      1.565948      0.141731      -0.146696      
0      0.498331      0.036542      0.068209      1.565894      0.142563      -0.147528      
0      0.498361      0.036542      0.068169      1.566041      0.140294      -0.145260      
0      0.498371      0.036442      0.068179      1.565970      0.141385      -0.146351      
0      0.498341      0.036452      0.068169      1.566029      0.140475      -0.145441      
0      0.498371      0.036452      0.068099      1.566071      0.139816      -0.144781      
0      0.498391      0.036422      0.068199      1.566029      0.140483      -0.145448      
0      0.498391      0.036442      0.068199      1.566029      0.140483      -0.145448      
0      0.498401      0.036512      0.068119      1.566018      0.140640      -0.145605      
0      0.498371      0.036492      0.068189      1.566117      0.139094      -0.144059      
0      0.498381      0.036512      0.068179      1.566116      0.139109      -0.144075      
0      0.498341      0.036492      0.068269      1.566027      0.140514      -0.145480      
0      0.498341      0.036542      0.068259      1.566025      0.140538      -0.145503      
0      0.498371      0.036612      0.068159      1.566020      0.140616      -0.145582      
0      0.498351      0.036612      0.068199      1.565878      0.142806      -0.147772      
0      0.498381      0.036672      0.068159      1.565882      0.142751      -0.147717      
0      0.498371      0.036672      0.068169      1.565883      0.142735      -0.147701      
0      0.498321      0.036612      0.068299      1.565738      0.144933      -0.149899      
0      0.498371      0.036592      0.068249      1.565552      0.147719      -0.152685      
0      0.498361      0.036562      0.068139      1.565935      0.141927      -0.146893      
0      0.498281      0.036582      0.067889      1.566092      0.139486      -0.144452      
0      0.498271      0.036492      0.067899      1.566087      0.139565      -0.144530      
0      0.498281      0.036482      0.067899      1.566138      0.138764      -0.143729      
0      0.498311      0.036502      0.067829      1.566204      0.137720      -0.142686      
0      0.498311      0.036452      0.067909      1.566151      0.138568      -0.143533      
0      0.498321      0.036552      0.067819      1.566140      0.138741      -0.143706      
0      0.498341      0.036572      0.067759      1.566161      0.138403      -0.143368      
0      0.498321      0.036522      0.067839      1.566096      0.139431      -0.144397      
0      0.498311      0.036572      0.067869      1.566148      0.138615      -0.143580      
0      0.498321      0.036572      0.067969      1.566170      0.138262      -0.143227      
0      0.498341      0.036682      0.067929      1.566218      0.137500      -0.142466      
0      0.498371      0.036842      0.067779      1.566348      0.135413      -0.140378      
0      0.498351      0.036842      0.067849      1.566508      0.132815      -0.137780      
0      0.498331      0.036972      0.067779      1.567054      0.123482      -0.128446      
0      0.498271      0.037072      0.067699      1.567583      0.113694      -0.118656      
0      0.498241      0.037122      0.067739      1.567949      0.106386      -0.111346      
0      0.498221      0.037192      0.067729      1.568239      0.100223      -0.105183      
0      0.498231      0.037192      0.067769      1.568722      0.088973      -0.093931      
0      0.498221      0.037282      0.067779      1.569074      0.079747      -0.084703      
0      0.498211      0.037362      0.067779      1.569490      0.067200      -0.072154      
0      0.498141      0.037372      0.067979      1.569935      0.050318      -0.055268      
0      0.498111      0.037472      0.068129      1.570168      0.038485      -0.043431      
0      0.498091      0.037542      0.068249      1.570364      0.024130      -0.029073      
0      0.498191      0.037612      0.068409      1.570478      0.003289      -0.008225      
0      0.498221      0.037712      0.068489      1.570454      -0.008356      0.003424      
0      0.498161      0.037742      0.068679      1.570347      -0.022012      0.017084      
0      0.498111      0.037882      0.068719      1.569978      -0.044649      0.039729      
0      0.498061      0.037992      0.068819      1.569582      -0.060367      0.055454      
0      0.497821      0.037982      0.069049      1.569264      -0.070589      0.065680      
0      0.497731      0.038042      0.069159      1.568787      -0.083628      0.078725      
0      0.497701      0.038082      0.069199      1.567708      -0.107537      0.102644      
0      0.497601      0.038122      0.069259      1.566471      -0.129706      0.124825      
0      0.497531      0.038222      0.069309      1.565242      -0.148505      0.143633      
0      0.497431      0.038192      0.069579      1.564282      -0.161699      0.156834      
0      0.497171      0.038262      0.069929      1.562208      -0.187061      0.182211      
0      0.497101      0.038252      0.070059      1.561460      -0.195404      0.190558      
0      0.496891      0.038222      0.070439      1.559934      -0.211419      0.206583      
0      0.496771      0.038242      0.070679      1.558099      -0.229184      0.224360      
0      0.496711      0.038112      0.071269      1.555164      -0.255051      0.250244      
0      0.496551      0.037992      0.071889      1.551833      -0.281530      0.276743      
0      0.496361      0.037962      0.072309      1.549484      -0.298786      0.294011      
0      0.496071      0.037772      0.073029      1.546018      -0.322557      0.317801      
0      0.495731      0.037622      0.073959      1.539061      -0.365572      0.360851      
0      0.495291      0.037532      0.074609      1.536406      -0.380690      0.375982      
0      0.495091      0.037492      0.074939      1.535148      -0.387646      0.382944      
0      0.494781      0.037382      0.075539      1.531424      -0.407520      0.402836      
0      0.494461      0.037222      0.076149      1.526694      -0.431412      0.426751      
0      0.494111      0.037052      0.076589      1.522284      -0.452527      0.447887      
0      0.493881      0.036842      0.077139      1.517159      -0.475853      0.471235      
0      0.493581      0.036512      0.077939      1.510767      -0.503379      0.498790      
0      0.493261      0.036282      0.078589      1.505299      -0.525741      0.521177      
0      0.492691      0.035872      0.079809      1.499345      -0.549014      0.544475      
0      0.492381      0.035642      0.080519      1.494469      -0.567324      0.562807      
0      0.492201      0.035522      0.080899      1.492400      -0.574913      0.570404      
0      0.491711      0.035202      0.081769      1.487698      -0.591769      0.587281      
0      0.491331      0.034942      0.082509      1.484312      -0.603598      0.599124      
0      0.490891      0.034622      0.083369      1.479956      -0.618466      0.614011      
0      0.490481      0.034282      0.084229      1.474102      -0.637867      0.633436      
0      0.490181      0.034102      0.084729      1.470738      -0.648734      0.644317      
0      0.489771      0.033782      0.085349      1.468488      -0.655897      0.651490      
0      0.489431      0.033512      0.085899      1.465428      -0.665504      0.661109      
0      0.489051      0.033172      0.086629      1.457769      -0.688916      0.684552      
0      0.488711      0.032982      0.087239      1.450235      -0.711134      0.706802      
0      0.488441      0.032822      0.087829      1.442772      -0.732424      0.728122      
0      0.488281      0.032682      0.088159      1.439759      -0.740828      0.736538      
0      0.487971      0.032482      0.088919      1.434464      -0.755351      0.751082      
0      0.487531      0.032202      0.089639      1.430519      -0.765974      0.761721      
0      0.487111      0.031792      0.090589      1.422662      -0.786662      0.782439      
0      0.486771      0.031392      0.091449      1.413461      -0.810141      0.805955      
0      0.485721      0.030812      0.092439      1.401588      -0.839357      0.835217      
0      0.485421      0.030402      0.092939      1.393992      -0.857461      0.853351      
0      0.484971      0.030062      0.093399      1.387217      -0.873250      0.869167      
0      0.484671      0.029922      0.093659      1.384834      -0.878727      0.874653      
0      0.484381      0.029622      0.094139      1.379356      -0.891171      0.887117      
0      0.484201      0.029262      0.094499      1.369500      -0.913070      0.909055      
0      0.484091      0.028892      0.094789      1.361442      -0.930530      0.926546      
0      0.484061      0.028582      0.095229      1.357933      -0.938018      0.934047      
0      0.483861      0.028252      0.095669      1.352660      -0.949137      0.945186      
0      0.483861      0.027802      0.096139      1.338100      -0.979074      0.975179      
0      0.483531      0.027692      0.096189      1.332323      -0.990658      0.986784      
0      0.483301      0.027752      0.095979      1.325443      -1.004244      1.000396      
0      0.483271      0.027732      0.095939      1.320370      -1.014124      1.010295      
