0      0.451121      0.034152      0.138179      1.321835      -1.011283      1.007448      
0      0.452061      0.034742      0.138099      1.321084      -1.012741      1.008910      
0      0.453021      0.035322      0.137909      1.325163      -1.004793      1.000947      
0      0.453601      0.035942      0.137729      1.326605      -1.001965      0.998112      
0      0.454471      0.036622      0.137569      1.327883      -0.999451      0.995594      
0      0.455281      0.037212      0.137189      1.332444      -0.990417      0.986542      
0      0.456391      0.037842      0.136869      1.333713      -0.987885      0.984006      
0      0.456661      0.038042      0.136699      1.337080      -0.981133      0.977241      
0      0.457321      0.038452      0.136409      1.339744      -0.975749      0.971847      
0      0.458111      0.038822      0.136199      1.341022      -0.973154      0.969247      
0      0.458701      0.039132      0.136009      1.342500      -0.970143      0.966231      
0      0.459761      0.039552      0.135709      1.344113      -0.966845      0.962927      
0      0.460691      0.040012      0.135349      1.349064      -0.956635      0.952697      
0      0.461911      0.040722      0.134859      1.350049      -0.954587      0.950646      
0      0.462461      0.041142      0.134479      1.351869      -0.950793      0.946845      
0      0.462741      0.041332      0.134339      1.353003      -0.948419      0.944467      
0      0.463501      0.041812      0.134099      1.353605      -0.947156      0.943202      
0      0.464241      0.042312      0.133799      1.358364      -0.937102      0.933129      
0      0.464981      0.042812      0.133309      1.361863      -0.929629      0.925643      
0      0.465641      0.043192      0.132979      1.364466      -0.924024      0.920028      
0      0.466081      0.043462      0.132619      1.367609      -0.917202      0.913195      
0      0.466731      0.043732      0.132309      1.370789      -0.910241      0.906221      
0      0.467681      0.043912      0.132039      1.377100      -0.896237      0.892193      
0      0.468161      0.043982      0.131879      1.378749      -0.892538      0.888487      
0      0.469661      0.044162      0.131559      1.379187      -0.891550      0.887498      
0      0.470981      0.044332      0.130759      1.384791      -0.878826      0.874752      
0      0.472221      0.044552      0.129929      1.385756      -0.876613      0.872535      
0      0.473151      0.044732      0.129249      1.386501      -0.874901      0.870821      
0      0.473741      0.044892      0.128639      1.387079      -0.873570      0.869487      
0      0.474451      0.045032      0.128199      1.386748      -0.874331      0.870249      
0      0.474941      0.045132      0.127779      1.388961      -0.869217      0.865127      
0      0.476171      0.045302      0.127269      1.389289      -0.868456      0.864365      
0      0.476631      0.045402      0.127039      1.391382      -0.863584      0.859485      
0      0.477461      0.045662      0.126489      1.394338      -0.856646      0.852535      
0      0.478361      0.045942      0.126209      1.393393      -0.858870      0.854763      
0      0.479041      0.046092      0.125859      1.394929      -0.855252      0.851138      
0      0.480071      0.046382      0.125489      1.395107      -0.854833      0.850719      
0      0.480641      0.046562      0.125099      1.396066      -0.852562      0.848444      
0      0.481121      0.046682      0.124869      1.397157      -0.849971      0.845849      
0      0.481211      0.046732      0.124719      1.398947      -0.845702      0.841573      
0      0.481511      0.046812      0.124759      1.399737      -0.843811      0.839679      
0      0.481801      0.046842      0.124709      1.403247      -0.835344      0.831198      
0      0.481891      0.046792      0.124669      1.404966      -0.831162      0.827009      
0      0.482271      0.046712      0.124719      1.406050      -0.828513      0.824356      
0      0.482591      0.046742      0.124849      1.407761      -0.824314      0.820150      
0      0.482951      0.046842      0.125109      1.409159      -0.820861      0.816693      
0      0.483241      0.046942      0.125359      1.409810      -0.819250      0.815078      
0      0.483401      0.047012      0.125509      1.412229      -0.813229      0.809048      
0      0.483701      0.047202      0.125669      1.419164      -0.795678      0.791470      
0      0.483771      0.047232      0.125689      1.423319      -0.784954      0.780729      
0      0.483971      0.047402      0.125819      1.426918      -0.775532      0.771293      
0      0.484281      0.047632      0.125989      1.432350      -0.761066      0.756806      
0      0.484651      0.047932      0.125929      1.441411      -0.736235      0.731938      
0      0.485131      0.048362      0.125959      1.444743      -0.726868      0.722558      
0      0.485391      0.048672      0.125779      1.451680      -0.706933      0.702594      
0      0.485951      0.049102      0.125629      1.455771      -0.694885      0.690530      
0      0.486791      0.049632      0.125489      1.457103      -0.690911      0.686550      
0      0.487981      0.050342      0.125029      1.461969      -0.676184      0.671804      
0      0.488551      0.050612      0.124939      1.462040      -0.675969      0.671588      
0      0.489461      0.051052      0.124629      1.465410      -0.665558      0.661163      
0      0.490241      0.051512      0.124189      1.467791      -0.658097      0.653692      
0      0.491061      0.051812      0.124009      1.469211      -0.653605      0.649194      
0      0.491421      0.051902      0.123869      1.469856      -0.651552      0.647138      
0      0.491921      0.051992      0.123879      1.469766      -0.651837      0.647424      
0      0.492521      0.051982      0.123789      1.474556      -0.636384      0.631951      
0      0.492951      0.051892      0.123819      1.475692      -0.632659      0.628222      
0      0.493251      0.051912      0.123829      1.477379      -0.627087      0.622642      
0      0.493911      0.051782      0.124039      1.481018      -0.614878      0.610418      
0      0.494191      0.051752      0.124259      1.482118      -0.611134      0.606669      
0      0.494491      0.051732      0.124309      1.485992      -0.597762      0.593281      
0      0.495011      0.051922      0.124329      1.488206      -0.589973      0.585482      
0      0.495451      0.052102      0.124189      1.492602      -0.574176      0.569667      
0      0.495861      0.052172      0.124189      1.494830      -0.565991      0.561472      
0      0.496271      0.052232      0.124309      1.495786      -0.562440      0.557917      
0      0.496481      0.052212      0.124269      1.498530      -0.552117      0.547582      
0      0.496911      0.052322      0.124279      1.500072      -0.546228      0.541687      
0      0.497161      0.052382      0.124229      1.502192      -0.538017      0.533466      
0      0.497571      0.052572      0.123999      1.503834      -0.531565      0.527007      
0      0.498451      0.052892      0.123889      1.503115      -0.534399      0.529845      
0      0.499071      0.053062      0.123719      1.505027      -0.526828      0.522265      
0      0.499501      0.053182      0.123679      1.504957      -0.527108      0.522545      
0      0.500001      0.053272      0.123839      1.505782      -0.523807      0.519241      
0      0.500481      0.053242      0.123819      1.508153      -0.514197      0.509620      
0      0.501061      0.053402      0.123969      1.507654      -0.516233      0.511658      
0      0.501261      0.053432      0.123869      1.508524      -0.512674      0.508096      
0      0.501701      0.053632      0.123569      1.510607      -0.504047      0.499459      
0      0.502261      0.053892      0.123349      1.510572      -0.504195      0.499607      
0      0.502591      0.054122      0.122839      1.513421      -0.492143      0.487543      
0      0.502841      0.054402      0.122359      1.514905      -0.485742      0.481135      
0      0.503091      0.054602      0.122179      1.516747      -0.477673      0.473058      
0      0.503181      0.054742      0.121979      1.519839      -0.463803      0.459174      
0      0.503281      0.054922      0.121889      1.521140      -0.457839      0.453203      
0      0.503141      0.055032      0.121669      1.522738      -0.450401      0.445758      
0      0.503151      0.055102      0.121589      1.523155      -0.448438      0.443793      
0      0.503101      0.055322      0.121399      1.524905      -0.440102      0.435449      
0      0.502941      0.055582      0.121069      1.527838      -0.425760      0.421094      
0      0.502911      0.055762      0.120909      1.528255      -0.423679      0.419010      
0      0.502561      0.055952      0.120229      1.532518      -0.401786      0.397097      
0      0.502511      0.056202      0.119989      1.533689      -0.395552      0.390857      
0      0.502301      0.056302      0.119659      1.536444      -0.380479      0.375771      
0      0.502191      0.056372      0.119569      1.537436      -0.374897      0.370184      
0      0.502161      0.056452      0.119559      1.537718      -0.373296      0.368582      
0      0.502051      0.056542      0.119459      1.539556      -0.362682      0.357959      
0      0.502091      0.056682      0.119439      1.540099      -0.359487      0.354761      
0      0.502071      0.056812      0.119399      1.540917      -0.354612      0.349882      
0      0.501741      0.056862      0.119169      1.543089      -0.341335      0.336594      
0      0.501801      0.056922      0.119039      1.543757      -0.337146      0.332401      
0      0.501751      0.056882      0.118839      1.545607      -0.325255      0.320500      
0      0.501661      0.056822      0.118729      1.545859      -0.323605      0.318849      
0      0.501661      0.056832      0.118669      1.546184      -0.321454      0.316697      
0      0.501581      0.056752      0.118469      1.548186      -0.307908      0.303140      
0      0.501601      0.056682      0.118389      1.548898      -0.302941      0.298169      
0      0.501671      0.056692      0.118399      1.550076      -0.294537      0.289759      
0      0.501701      0.056632      0.118409      1.551675      -0.282728      0.277941      
0      0.501781      0.056502      0.118409      1.553690      -0.267095      0.262296      
0      0.501741      0.056442      0.118349      1.554405      -0.261324      0.256522      
0      0.501831      0.056432      0.118439      1.554357      -0.261715      0.256913      
0      0.501851      0.056432      0.118439      1.554714      -0.258786      0.253983      
0      0.501841      0.056422      0.118419      1.554786      -0.258191      0.253387      
0      0.501861      0.056402      0.118449      1.554907      -0.257197      0.252392      
0      0.501901      0.056382      0.118519      1.555541      -0.251879      0.247070      
0      0.502131      0.056232      0.118679      1.555691      -0.250602      0.245793      
0      0.502161      0.056132      0.118709      1.556572      -0.242989      0.238174      
0      0.502151      0.056022      0.118609      1.556507      -0.243561      0.238746      
0      0.501991      0.055882      0.118359      1.557100      -0.238304      0.233486      
0      0.501881      0.055812      0.118249      1.557277      -0.236714      0.231895      
0      0.501911      0.055692      0.118159      1.557018      -0.239041      0.234223      
0      0.501961      0.055622      0.118069      1.557798      -0.231974      0.227152      
0      0.501931      0.055522      0.118009      1.557881      -0.231206      0.226383      
0      0.502041      0.055402      0.117999      1.558007      -0.230038      0.225215      
0      0.502041      0.055122      0.117839      1.558951      -0.221113      0.216284      
0      0.502171      0.055002      0.117869      1.558843      -0.222155      0.217327      
0      0.502171      0.054962      0.117799      1.559157      -0.219115      0.214284      
0      0.502111      0.054922      0.117599      1.559245      -0.218253      0.213422      
0      0.502111      0.054942      0.117509      1.559400      -0.216740      0.211908      
0      0.501951      0.054922      0.117359      1.560276      -0.207931      0.203093      
0      0.502081      0.054882      0.117459      1.560050      -0.210235      0.205399      
0      0.502091      0.054872      0.117479      1.560256      -0.208134      0.203297      
0      0.501941      0.054832      0.117499      1.560642      -0.204144      0.199305      
0      0.501851      0.054822      0.117589      1.560825      -0.202216      0.197375      
0      0.501701      0.054802      0.117509      1.562064      -0.188692      0.183843      
0      0.501551      0.054882      0.117429      1.562290      -0.186128      0.181278      
0      0.501581      0.054902      0.117369      1.562485      -0.183870      0.179018      
0      0.501441      0.054852      0.117289      1.563098      -0.176616      0.171760      
0      0.501441      0.054842      0.117309      1.563606      -0.170382      0.165522      
0      0.501431      0.054842      0.117299      1.564017      -0.165150      0.160288      
0      0.501461      0.054802      0.117339      1.564224      -0.162460      0.157596      
0      0.501401      0.054782      0.117379      1.564833      -0.154263      0.149394      
0      0.501131      0.054772      0.117389      1.565775      -0.140652      0.135776      
0      0.501211      0.054742      0.117759      1.565674      -0.142182      0.137306      
0      0.501161      0.054672      0.117829      1.565801      -0.140267      0.135391      
0      0.501131      0.054612      0.117869      1.565836      -0.139726      0.134849      
0      0.501081      0.054552      0.117779      1.566171      -0.134532      0.129653      
0      0.501091      0.054522      0.117759      1.566176      -0.134446      0.129566      
0      0.501181      0.054502      0.117739      1.566230      -0.133590      0.128711      
0      0.501181      0.054442      0.117789      1.566564      -0.128160      0.123278      
0      0.501231      0.054432      0.117839      1.566454      -0.129973      0.125092      
0      0.501251      0.054452      0.117849      1.566620      -0.127235      0.122352      
0      0.501111      0.054402      0.117819      1.566673      -0.126348      0.121464      
0      0.500791      0.054222      0.117789      1.566938      -0.121804      0.116919      
0      0.500661      0.054142      0.117839      1.566695      -0.125971      0.121088      
0      0.500521      0.054052      0.117749      1.566872      -0.122942      0.118057      
0      0.500401      0.054012      0.117709      1.566959      -0.121428      0.116542      
0      0.500201      0.053872      0.117699      1.566996      -0.120792      0.115906      
0      0.499941      0.053722      0.117639      1.567378      -0.113863      0.108973      
0      0.499531      0.053572      0.117589      1.567329      -0.114773      0.109884      
0      0.499171      0.053402      0.117459      1.567895      -0.103777      0.098883      
0      0.498941      0.053252      0.117429      1.568139      -0.098676      0.093779      
0      0.498921      0.053242      0.117489      1.568047      -0.100622      0.095727      
0      0.498761      0.053192      0.117389      1.568561      -0.089162      0.084261      
0      0.498591      0.053122      0.117329      1.568411      -0.092655      0.087756      
0      0.498581      0.053092      0.117309      1.568485      -0.090944      0.086044      
0      0.498491      0.053012      0.117199      1.568899      -0.080755      0.075851      
0      0.498371      0.052942      0.117179      1.568834      -0.082435      0.077531      
0      0.498301      0.052872      0.117119      1.569225      -0.071727      0.066819      
0      0.498131      0.052762      0.116999      1.569168      -0.073400      0.068492      
0      0.498101      0.052742      0.116889      1.569443      -0.065047      0.060135      
0      0.497951      0.052642      0.116859      1.569386      -0.066860      0.061949      
0      0.497961      0.052672      0.116869      1.569440      -0.065141      0.060229      
0      0.497861      0.052662      0.116879      1.569696      -0.056285      0.051370      
0      0.497771      0.052642      0.116909      1.569686      -0.056654      0.051739      
0      0.497721      0.052612      0.116889      1.570035      -0.041940      0.037019      
0      0.497551      0.052542      0.116819      1.570186      -0.033703      0.028780      
0      0.497421      0.052462      0.116709      1.570223      -0.031356      0.026431      
0      0.497381      0.052412      0.116639      1.570249      -0.029652      0.024727      
0      0.497401      0.052422      0.116659      1.570201      -0.032769      0.027845      
0      0.497371      0.052402      0.116669      1.570264      -0.028576      0.023651      
0      0.497391      0.052392      0.116759      1.570141      -0.036342      0.031419      
0      0.497471      0.052412      0.116799      1.570199      -0.032895      0.027971      
0      0.497441      0.052392      0.116829      1.570266      -0.028411      0.023486      
0      0.497451      0.052372      0.116859      1.570228      -0.031049      0.026125      
0      0.497531      0.052472      0.116939      1.570278      -0.027602      0.022677      
0      0.497581      0.052482      0.116979      1.570230      -0.030908      0.025983      
0      0.497681      0.052522      0.117079      1.570284      -0.027147      0.022221      
0      0.497671      0.052522      0.117199      1.570311      -0.025003      0.020076      
0      0.497831      0.052542      0.117269      1.570259      -0.028953      0.024028      
0      0.498051      0.052552      0.117329      1.570345      -0.022122      0.017194      
0      0.498271      0.052562      0.117499      1.570290      -0.026684      0.021757      
0      0.498461      0.052582      0.117629      1.570255      -0.029228      0.024302      
0      0.498811      0.052542      0.117899      1.570281      -0.027343      0.022417      
0      0.499291      0.052552      0.118269      1.570153      -0.035666      0.030744      
0      0.499511      0.052562      0.118299      1.570207      -0.032400      0.027476      
0      0.499601      0.052502      0.118319      1.570113      -0.037896      0.032974      
0      0.499971      0.052542      0.118319      1.570174      -0.034434      0.029510      
0      0.500251      0.052532      0.118239      1.570218      -0.031685      0.026761      
0      0.500371      0.052492      0.118219      1.570195      -0.033138      0.028214      
0      0.500531      0.052432      0.118249      1.570334      -0.023127      0.018199      
0      0.500911      0.052192      0.118489      1.570372      -0.019577      0.014649      
0      0.501321      0.052092      0.118579      1.570411      -0.015243      0.010313      
0      0.501461      0.051972      0.118579      1.570427      -0.013005      0.008074      
0      0.501591      0.051942      0.118589      1.570438      -0.011317      0.006385      
0      0.501951      0.052032      0.118649      1.570471      -0.003802      -0.001132      
0      0.502041      0.051982      0.118569      1.570466      -0.005545      0.000612      
0      0.502061      0.051952      0.118539      1.570474      -0.002514      -0.002420      
0      0.502191      0.051802      0.118629      1.570473      0.006532      -0.011470      
0      0.502341      0.051702      0.118739      1.570472      0.007239      -0.012177      
0      0.502561      0.051652      0.118799      1.570429      0.016427      -0.021367      
0      0.502761      0.051542      0.118909      1.570450      0.012846      -0.017785      
0      0.502961      0.051422      0.118969      1.570415      0.018382      -0.023323      
0      0.503111      0.051342      0.119009      1.570383      0.022183      -0.027125      
0      0.503291      0.051302      0.119129      1.570372      0.023274      -0.028216      
0      0.503341      0.051272      0.119149      1.570339      0.026423      -0.031366      
0      0.503351      0.051222      0.119129      1.570349      0.025520      -0.030463      
0      0.503511      0.051182      0.119119      1.570331      0.027114      -0.032057      
0      0.503511      0.051102      0.119139      1.570230      0.034653      -0.039598      
0      0.503581      0.051072      0.119229      1.570260      0.032587      -0.037532      
0      0.503671      0.051042      0.119279      1.570170      0.038383      -0.043329      
0      0.503651      0.051012      0.119219      1.570157      0.039136      -0.044083      
0      0.503661      0.051002      0.119199      1.570169      0.038438      -0.043384      
0      0.503691      0.050982      0.119119      1.569914      0.051221      -0.056171      
0      0.503711      0.050962      0.119139      1.569883      0.052572      -0.057522      
0      0.503791      0.050912      0.119109      1.569901      0.051802      -0.056752      
0      0.503881      0.050822      0.118979      1.569727      0.058846      -0.063797      
0      0.503941      0.050822      0.118969      1.569644      0.061900      -0.066852      
0      0.503891      0.050792      0.118889      1.569576      0.064311      -0.069264      
0      0.503841      0.050762      0.118819      1.569438      0.068920      -0.073874      
0      0.503791      0.050732      0.118789      1.569340      0.071990      -0.076944      
0      0.503771      0.050762      0.118789      1.569351      0.071660      -0.076615      
0      0.503751      0.050742      0.118739      1.569255      0.074558      -0.079512      
0      0.503781      0.050762      0.118719      1.569245      0.074848      -0.079803      
0      0.503781      0.050782      0.118709      1.568900      0.084443      -0.089399      
0      0.503651      0.050762      0.118699      1.568864      0.085385      -0.090342      
0      0.503651      0.050742      0.118679      1.568559      0.092922      -0.097880      
0      0.503691      0.050702      0.118649      1.568477      0.094845      -0.099804      
0      0.503721      0.050652      0.118619      1.568533      0.093526      -0.098485      
0      0.503691      0.050572      0.118489      1.568167      0.101793      -0.106753      
0      0.503781      0.050532      0.118499      1.568115      0.102900      -0.107860      
0      0.503791      0.050492      0.118499      1.567917      0.107045      -0.112006      
0      0.503761      0.050462      0.118539      1.568004      0.105247      -0.110208      
0      0.503791      0.050462      0.118549      1.567905      0.107296      -0.112257      
0      0.503771      0.050452      0.118499      1.567745      0.110530      -0.115492      
0      0.503751      0.050412      0.118449      1.567779      0.109840      -0.114801      
0      0.503801      0.050422      0.118449      1.567663      0.112132      -0.117094      
0      0.503681      0.050332      0.118379      1.567194      0.120971      -0.125934      
0      0.503721      0.050342      0.118389      1.567126      0.122187      -0.127151      
0      0.503821      0.050392      0.118429      1.566549      0.132132      -0.137097      
0      0.503751      0.050372      0.118469      1.566579      0.131638      -0.136602      
0      0.503801      0.050382      0.118439      1.566454      0.133694      -0.138659      
0      0.503811      0.050332      0.118429      1.566103      0.139313      -0.144279      
0      0.503871      0.050312      0.118449      1.565908      0.142343      -0.147309      
0      0.503941      0.050312      0.118499      1.565600      0.147004      -0.151971      
0      0.503981      0.050282      0.118569      1.564774      0.158799      -0.163766      
0      0.504031      0.050292      0.118639      1.564757      0.159026      -0.163994      
0      0.504061      0.050332      0.118629      1.564530      0.162110      -0.167078      
0      0.503991      0.050272      0.118589      1.564402      0.163828      -0.168796      
0      0.504091      0.050252      0.118649      1.564499      0.162534      -0.167502      
0      0.504131      0.050202      0.118639      1.563936      0.169917      -0.174885      
0      0.504161      0.050182      0.118679      1.563873      0.170725      -0.175693      
0      0.504251      0.050192      0.118739      1.563576      0.174475      -0.179444      
0      0.504231      0.050162      0.118739      1.563203      0.179065      -0.184034      
0      0.504291      0.050182      0.118829      1.563107      0.180234      -0.185203      
0      0.504351      0.050142      0.118869      1.562945      0.182179      -0.187148      
0      0.504291      0.050062      0.118909      1.562674      0.185395      -0.190365      
0      0.504371      0.050012      0.118979      1.563055      0.180861      -0.185830      
0      0.504431      0.049972      0.118949      1.562657      0.185591      -0.190561      
0      0.504401      0.049972      0.118999      1.562537      0.186995      -0.191965      
0      0.504451      0.050002      0.119039      1.562640      0.185795      -0.190765      
0      0.504461      0.049972      0.119039      1.561800      0.195380      -0.200350      
0      0.504511      0.049942      0.119119      1.561806      0.195318      -0.200287      
0      0.504691      0.049902      0.119229      1.561504      0.198651      -0.203621      
0      0.504901      0.049852      0.119369      1.560907      0.205082      -0.210052      
0      0.504931      0.049792      0.119409      1.560742      0.206823      -0.211793      
0      0.504871      0.049732      0.119409      1.560024      0.214225      -0.219196      
0      0.504881      0.049702      0.119389      1.559758      0.216907      -0.221877      
0      0.504881      0.049682      0.119379      1.559107      0.223329      -0.228299      
0      0.504791      0.049692      0.119299      1.558309      0.230949      -0.235919      
0      0.504801      0.049752      0.119229      1.557344      0.239838      -0.244807      
0      0.504791      0.049822      0.119239      1.556830      0.244439      -0.249408      
0      0.504771      0.049872      0.119169      1.556428      0.247981      -0.252950      
0      0.504781      0.049972      0.119149      1.556119      0.250661      -0.255630      
0      0.504731      0.049962      0.119159      1.556558      0.246845      -0.251814      
0      0.504701      0.049922      0.119059      1.555892      0.252620      -0.257589      
0      0.504711      0.049912      0.119059      1.555719      0.254101      -0.259070      
0      0.504711      0.049912      0.119039      1.556053      0.251233      -0.256202      
0      0.504701      0.049902      0.118999      1.555638      0.254783      -0.259752      
0      0.504651      0.049892      0.119039      1.555372      0.257040      -0.262009      
0      0.504541      0.049892      0.118929      1.553496      0.272372      -0.277340      
0      0.504451      0.049862      0.118919      1.553202      0.274699      -0.279666      
0      0.504421      0.049892      0.118949      1.552892      0.277127      -0.282094      
0      0.504331      0.049832      0.118919      1.552325      0.281513      -0.286480      
0      0.504321      0.049812      0.118889      1.552585      0.279516      -0.284483      
0      0.504321      0.049832      0.118869      1.552202      0.282461      -0.287428      
0      0.504131      0.049812      0.118819      1.550682      0.293855      -0.298821      
0      0.504011      0.049812      0.118849      1.550229      0.297167      -0.302133      
0      0.503921      0.049842      0.118789      1.549744      0.300667      -0.305632      
0      0.503741      0.049822      0.118729      1.549131      0.305035      -0.310000      
0      0.503751      0.049832      0.118739      1.548940      0.306382      -0.311346      
0      0.503731      0.049812      0.118749      1.547977      0.313090      -0.318053      
0      0.503711      0.049832      0.118759      1.548085      0.312346      -0.317310      
0      0.503741      0.049842      0.118759      1.548110      0.312174      -0.317138      
0      0.503741      0.049782      0.118759      1.548143      0.311947      -0.316911      
0      0.503771      0.049782      0.118799      1.548130      0.312033      -0.316997      
0      0.503811      0.049732      0.118909      1.547335      0.317481      -0.322443      
0      0.503741      0.049702      0.118939      1.547571      0.315876      -0.320839      
0      0.503811      0.049732      0.118929      1.547463      0.316612      -0.321575      
0      0.503841      0.049752      0.118879      1.546964      0.319993      -0.324955      
0      0.503891      0.049762      0.118909      1.547295      0.317754      -0.322717      
0      0.503981      0.049732      0.118889      1.547059      0.319351      -0.324313      
0      0.504011      0.049702      0.118899      1.547182      0.318521      -0.323484      
0      0.504061      0.049672      0.118989      1.546494      0.323138      -0.328100      
0      0.504101      0.049672      0.119049      1.545947      0.326769      -0.331731      
0      0.504111      0.049682      0.119189      1.546380      0.323898      -0.328859      
0      0.504081      0.049662      0.119299      1.545980      0.326550      -0.331512      
0      0.504071      0.049712      0.119379      1.546048      0.326104      -0.331066      
0      0.504121      0.049782      0.119449      1.546429      0.323577      -0.328539      
0      0.504141      0.049772      0.119489      1.546013      0.326331      -0.331292      
0      0.504171      0.049772      0.119529      1.546396      0.323796      -0.328758      
0      0.504251      0.049722      0.119539      1.545933      0.326863      -0.331824      
0      0.504271      0.049582      0.119519      1.545820      0.327606      -0.332568      
0      0.504361      0.049462      0.119469      1.545799      0.327739      -0.332701      
0      0.504401      0.049372      0.119419      1.545867      0.327293      -0.332255      
0      0.504371      0.049352      0.119439      1.545633      0.328835      -0.333796      
0      0.504371      0.049332      0.119459      1.545641      0.328780      -0.333741      
0      0.504361      0.049392      0.119419      1.545292      0.331057      -0.336017      
0      0.504331      0.049392      0.119429      1.545671      0.328584      -0.333546      
0      0.504321      0.049402      0.119419      1.546156      0.325384      -0.330346      
0      0.504251      0.049422      0.119409      1.547378      0.317191      -0.322154      
0      0.504191      0.049382      0.119529      1.550966      0.291757      -0.296723      
0      0.504141      0.049312      0.119609      1.553583      0.271683      -0.276651      
0      0.504091      0.049242      0.119819      1.558362      0.230455      -0.235425      
0      0.503961      0.049162      0.119979      1.561642      0.197129      -0.202099      
0      0.503641      0.049022      0.120189      1.564007      0.169007      -0.173975      
0      0.503161      0.048832      0.120439      1.566357      0.135272      -0.140237      
0      0.502611      0.048552      0.120659      1.567703      0.111347      -0.116309      
0      0.502121      0.048292      0.121179      1.568888      0.084749      -0.089706      
0      0.501911      0.048192      0.121199      1.569132      0.078122      -0.083078      
0      0.501821      0.048152      0.121189      1.569229      0.075335      -0.080290      
0      0.501691      0.048052      0.121249      1.569744      0.058186      -0.063138      
0      0.501491      0.047912      0.121209      1.569990      0.047798      -0.052747      
0      0.501231      0.047752      0.121299      1.570273      0.031622      -0.036566      
0      0.501031      0.047632      0.121449      1.570399      0.020392      -0.025334      
0      0.500641      0.047472      0.121559      1.570424      0.017204      -0.022145      
0      0.500181      0.047302      0.121759      1.570476      -0.001155      -0.003779      
0      0.499751      0.047162      0.121919      1.570433      -0.012196      0.007265      
0      0.499361      0.046962      0.122109      1.570381      -0.018643      0.013714      
0      0.499011      0.046762      0.122349      1.570158      -0.035345      0.030421      
0      0.498531      0.046502      0.122579      1.569794      -0.052524      0.047608      
0      0.498421      0.046462      0.122669      1.569437      -0.065227      0.060316      
0      0.498241      0.046382      0.122819      1.569116      -0.074875      0.069968      
0      0.498001      0.046322      0.122909      1.568828      -0.082592      0.077688      
0      0.497871      0.046272      0.122999      1.568022      -0.101156      0.096260      
0      0.497851      0.046262      0.123059      1.567632      -0.109020      0.104128      
0      0.497711      0.046252      0.123179      1.566483      -0.129510      0.124628      
0      0.497281      0.046102      0.123419      1.565603      -0.143233      0.138358      
0      0.496871      0.045942      0.123579      1.564052      -0.164703      0.159840      
0      0.496501      0.045772      0.123759      1.562853      -0.179557      0.174703      
0      0.496061      0.045612      0.123889      1.562076      -0.188559      0.183710      
0      0.495911      0.045602      0.123979      1.560927      -0.201142      0.196300      
0      0.495601      0.045542      0.124189      1.559089      -0.219773      0.214943      
0      0.494981      0.045322      0.124229      1.558618      -0.224303      0.219476      
0      0.494481      0.045092      0.124449      1.556327      -0.245127      0.240314      
0      0.494271      0.044902      0.124689      1.554738      -0.258591      0.253787      
0      0.493981      0.044702      0.124839      1.553048      -0.272176      0.267381      
0      0.493631      0.044502      0.125089      1.550445      -0.291853      0.287073      
0      0.493181      0.044322      0.125159      1.550235      -0.293379      0.288600      
0      0.492771      0.044212      0.125339      1.549006      -0.302182      0.297409      
0      0.492611      0.044152      0.125399      1.548856      -0.303238      0.298466      
0      0.492201      0.044042      0.125449      1.548918      -0.302800      0.298028      
0      0.491771      0.043932      0.125619      1.547723      -0.311092      0.306326      
0      0.491261      0.043682      0.125849      1.547577      -0.312093      0.307328      
0      0.490441      0.043432      0.126139      1.547085      -0.315433      0.310671      
0      0.489741      0.043172      0.126479      1.545113      -0.328476      0.323724      
0      0.488501      0.042722      0.126869      1.543632      -0.337935      0.333191      
0      0.487821      0.042462      0.127269      1.540947      -0.354432      0.349702      
0      0.487111      0.042192      0.127669      1.539661      -0.362065      0.357341      
0      0.486751      0.042052      0.127889      1.538882      -0.366611      0.361891      
0      0.486251      0.041792      0.128319      1.535657      -0.384843      0.380139      
0      0.485661      0.041512      0.128659      1.533469      -0.396730      0.392036      
0      0.485021      0.041252      0.128919      1.531933      -0.404860      0.400174      
0      0.484641      0.041102      0.129199      1.528250      -0.423702      0.419034      
0      0.484161      0.040882      0.129389      1.526428      -0.432714      0.428054      
0      0.483521      0.040592      0.129559      1.525235      -0.438512      0.433857      
0      0.482751      0.040172      0.129899      1.522946      -0.449420      0.444776      
0      0.481951      0.039802      0.130079      1.522003      -0.453836      0.449196      
0      0.481591      0.039662      0.130199      1.521177      -0.457667      0.453032      
0      0.480951      0.039382      0.130379      1.520097      -0.462628      0.457997      
0      0.480121      0.038972      0.130479      1.519392      -0.465835      0.461208      
0      0.479391      0.038572      0.130599      1.518039      -0.471930      0.467309      
0      0.478631      0.038162      0.130749      1.516442      -0.479020      0.474406      
0      0.477701      0.037742      0.130839      1.514595      -0.487087      0.482482      
0      0.476281      0.037202      0.130759      1.512882      -0.494445      0.489847      
0      0.475951      0.037092      0.130719      1.511911      -0.498566      0.493973      
0      0.475951      0.037092      0.130719      1.487810      -0.591374      0.586886      
0      0.475431      0.036862      0.130579      1.487654      -0.591924      0.587436      
0      0.475411      0.036812      0.130579      1.489195      -0.586456      0.581962      
0      0.475251      0.036712      0.130659      1.490610      -0.581390      0.576890      
0      0.475221      0.036642      0.130769      1.490889      -0.580383      0.575881      
0      0.475181      0.036622      0.130759      1.492336      -0.575145      0.570637      
0      0.475241      0.036702      0.130739      1.491599      -0.577819      0.573314      
0      0.475311      0.036762      0.130729      1.491319      -0.578834      0.574330      
0      0.475191      0.036822      0.130759      1.492797      -0.573463      0.568953      
0      0.475171      0.036882      0.130809      1.491106      -0.579601      0.575098      
0      0.475291      0.036962      0.130739      1.491111      -0.579585      0.575082      
0      0.475121      0.036822      0.130829      1.491469      -0.578291      0.573787      
0      0.475031      0.036712      0.131019      1.490513      -0.581739      0.577239      
0      0.475021      0.036712      0.131049      1.490592      -0.581452      0.576952      
0      0.475031      0.036722      0.131019      1.488828      -0.587765      0.583272      
0      0.475111      0.036792      0.131169      1.485270      -0.600277      0.595800      
0      0.475041      0.036812      0.131209      1.484400      -0.603296      0.598822      
0      0.474491      0.036462      0.131549      1.479715      -0.619278      0.614824      
0      0.474271      0.036312      0.131749      1.478962      -0.621807      0.617356      
0      0.474241      0.036262      0.131869      1.477827      -0.625595      0.621149      
0      0.474281      0.036112      0.132159      1.475657      -0.632775      0.628338      
0      0.473931      0.035992      0.132429      1.475302      -0.633942      0.629506      
0      0.473671      0.035872      0.132949      1.471283      -0.646989      0.642570      
0      0.473511      0.035762      0.133269      1.469410      -0.652972      0.648561      
0      0.472791      0.035412      0.133999      1.465192      -0.666237      0.661843      
0      0.472141      0.035092      0.134629      1.459360      -0.684123      0.679753      
0      0.471471      0.034752      0.135259      1.456386      -0.693052      0.688694      
0      0.470481      0.034082      0.136179      1.454589      -0.698389      0.694038      
0      0.469391      0.033312      0.137229      1.452932      -0.703269      0.698926      
0      0.467821      0.032282      0.138509      1.453605      -0.701291      0.696945      
0      0.467271      0.031862      0.139159      1.449755      -0.712527      0.708196      
0      0.466861      0.031612      0.139609      1.448006      -0.717565      0.713241      
0      0.466661      0.031442      0.139799      1.447371      -0.719388      0.715066      
0      0.466501      0.031202      0.140139      1.443472      -0.730457      0.726152      
0      0.466161      0.030882      0.140489      1.439737      -0.740890      0.736599      
0      0.465441      0.030322      0.141039      1.436991      -0.748460      0.744181      
0      0.464721      0.029842      0.141709      1.432090      -0.761764      0.757505      
0      0.464001      0.029392      0.142299      1.427089      -0.775080      0.770840      
0      0.463311      0.028962      0.142859      1.420166      -0.793107      0.788895      
0      0.462751      0.028672      0.143299      1.413062      -0.811142      0.806958      
0      0.461841      0.028282      0.143909      1.403778      -0.834054      0.829906      
0      0.461571      0.028092      0.144119      1.400137      -0.842850      0.838716      
0      0.461181      0.027912      0.144279      1.396166      -0.852326      0.848207      
0      0.460991      0.027802      0.144419      1.392475      -0.861026      0.856922      
0      0.460701      0.027612      0.144709      1.385836      -0.876430      0.872352      
0      0.460261      0.027382      0.145099      1.381930      -0.885349      0.881286      
0      0.459821      0.027152      0.145429      1.378485      -0.893131      0.889081      
0      0.459361      0.026972      0.145769      1.372049      -0.907464      0.903439      
0      0.458801      0.026732      0.146449      1.364844      -0.923205      0.919208      
0      0.458411      0.026622      0.146769      1.359097      -0.935543      0.931567      
0      0.457971      0.026492      0.147219      1.348379      -0.958055      0.954120      
0      0.457661      0.026492      0.147409      1.339137      -0.976978      0.973079      
0      0.457551      0.026522      0.147439      1.336495      -0.982309      0.978419      
0      0.457211      0.026492      0.147639      1.327856      -0.999504      0.995647      
