36      0.401520      0.005285      0.125215      1.325393      -1.003798      0.997936      
37      0.401930      0.005315      0.124435      1.330421      -0.993897      0.988011      
38      0.402350      0.005255      0.123755      1.334585      -0.985607      0.979701      
39      0.402570      0.005305      0.123385      1.336875      -0.981011      0.975094      
40      0.403000      0.005555      0.122385      1.339079      -0.976564      0.970637      
41      0.403410      0.005785      0.121435      1.342898      -0.968804      0.962858      
42      0.403850      0.006095      0.120385      1.346265      -0.961899      0.955937      
43      0.404310      0.006395      0.119155      1.348495      -0.957293      0.951320      
44      0.404910      0.006835      0.117585      1.357941      -0.937490      0.931470      
45      0.405300      0.007125      0.116655      1.361324      -0.930278      0.924242      
46      0.405580      0.007425      0.116165      1.366608      -0.918879      0.912818      
47      0.405680      0.007605      0.116035      1.369527      -0.912513      0.906437      
48      0.405920      0.007855      0.115725      1.374422      -0.901719      0.895620      
49      0.406140      0.008005      0.115335      1.381249      -0.886412      0.880279      
50      0.406380      0.008165      0.114835      1.390191      -0.865889      0.859712      
51      0.406720      0.008385      0.114055      1.396464      -0.851155      0.844948      
52      0.407070      0.008635      0.113095      1.405354      -0.829768      0.823516      
53      0.407760      0.009095      0.111375      1.416072      -0.803125      0.796821      
54      0.408310      0.009415      0.110255      1.418804      -0.796174      0.789856      
55      0.408830      0.009785      0.109395      1.422112      -0.787665      0.781332      
56      0.409370      0.010175      0.108475      1.422989      -0.785392      0.779054      
57      0.409890      0.010495      0.107575      1.425225      -0.779565      0.773216      
58      0.410120      0.010655      0.107135      1.426730      -0.775613      0.769257      
59      0.410560      0.010965      0.106235      1.429752      -0.767614      0.761243      
60      0.411010      0.011235      0.105565      1.430166      -0.766510      0.760137      
61      0.411360      0.011505      0.104905      1.431385      -0.763252      0.756873      
62      0.411720      0.011705      0.104085      1.432151      -0.761198      0.754814      
63      0.412140      0.011695      0.103165      1.433860      -0.756589      0.750197      
64      0.412740      0.011635      0.101845      1.441104      -0.736704      0.730276      
65      0.413160      0.011515      0.101105      1.444483      -0.727224      0.720780      
66      0.413540      0.011405      0.100415      1.448740      -0.715086      0.708621      
67      0.413710      0.011385      0.100095      1.450791      -0.709157      0.702681      
68      0.414040      0.011285      0.099565      1.455598      -0.695042      0.688543      
69      0.414320      0.011215      0.099085      1.459343      -0.683829      0.677310      
70      0.414650      0.011045      0.098525      1.466305      -0.662437      0.655883      
71      0.415120      0.010785      0.097895      1.472512      -0.642718      0.636134      
72      0.415560      0.010935      0.096925      1.480628      -0.615913      0.609287      
73      0.415850      0.011155      0.096435      1.485557      -0.599010      0.592359      
74      0.416100      0.011345      0.096055      1.487814      -0.591099      0.584437      
75      0.416220      0.011445      0.095885      1.487907      -0.590773      0.584111      
76      0.416470      0.011625      0.095565      1.488510      -0.588637      0.581971      
77      0.416820      0.011865      0.095035      1.489403      -0.585462      0.578792      
78      0.417100      0.012065      0.094565      1.490998      -0.579746      0.573067      
79      0.417430      0.012305      0.093965      1.493053      -0.572292      0.565604      
80      0.417760      0.012525      0.093395      1.495088      -0.564805      0.558106      
81      0.418110      0.012775      0.092945      1.496436      -0.559789      0.553083      
82      0.418310      0.012915      0.092705      1.497016      -0.557618      0.550909      
83      0.418690      0.013165      0.092265      1.498256      -0.552942      0.546227      
84      0.419330      0.013555      0.091485      1.500801      -0.543214      0.536485      
85      0.419860      0.013705      0.090795      1.502919      -0.534979      0.528240      
86      0.420350      0.013985      0.090045      1.507628      -0.516172      0.509408      
87      0.420880      0.014315      0.089235      1.509733      -0.507532      0.500757      
88      0.421470      0.014545      0.088505      1.511200      -0.501415      0.494633      
89      0.421910      0.014905      0.087895      1.513429      -0.491976      0.485183      
90      0.422330      0.015195      0.087345      1.515278      -0.483997      0.477194      
91      0.422540      0.015335      0.087085      1.516609      -0.478170      0.471360      
92      0.422910      0.015555      0.086625      1.520264      -0.461780      0.454951      
93      0.423520      0.015755      0.086025      1.526221      -0.433692      0.426832      
94      0.423920      0.015715      0.085795      1.529817      -0.415794      0.408914      
95      0.424090      0.015805      0.085695      1.532432      -0.402262      0.395368      
96      0.424240      0.015785      0.085725      1.534559      -0.390909      0.384004      
97      0.424350      0.015695      0.085795      1.537275      -0.375898      0.368979      
98      0.424500      0.015535      0.085815      1.539382      -0.363818      0.356887      
99      0.424620      0.015375      0.085795      1.542562      -0.344779      0.337830      
100      0.424770      0.015185      0.085785      1.545004      -0.329396      0.322435      
101      0.424910      0.014955      0.085775      1.546403      -0.320248      0.313279      
102      0.425030      0.014875      0.085745      1.547007      -0.316221      0.309248      
103      0.425070      0.014905      0.085735      1.547979      -0.309620      0.302642      
104      0.425140      0.014935      0.085785      1.548406      -0.306679      0.299698      
105      0.425230      0.014975      0.085765      1.548246      -0.307782      0.300802      
106      0.425310      0.015035      0.085645      1.548564      -0.305576      0.298594      
107      0.425650      0.015235      0.085395      1.548774      -0.304113      0.297130      
108      0.425920      0.015455      0.085225      1.549244      -0.300812      0.293826      
109      0.426100      0.015575      0.085075      1.549245      -0.300804      0.293818      
110      0.426490      0.015845      0.084715      1.549452      -0.299341      0.292354      
111      0.426880      0.016255      0.084325      1.550217      -0.293856      0.286865      
112      0.427180      0.016545      0.083955      1.550168      -0.294216      0.287225      
113      0.427590      0.016765      0.083515      1.550370      -0.292753      0.285761      
114      0.427900      0.017035      0.083105      1.551217      -0.286531      0.279535      
115      0.428230      0.017265      0.082715      1.551366      -0.285428      0.278431      
116      0.428490      0.017445      0.082445      1.551756      -0.282508      0.275509      
117      0.428680      0.017695      0.082325      1.552480      -0.277006      0.270002      
118      0.428790      0.017795      0.082315      1.553096      -0.272239      0.265231      
119      0.428840      0.017825      0.082325      1.553516      -0.268935      0.261925      
120      0.428930      0.017865      0.082335      1.554205      -0.263430      0.256417      
121      0.429010      0.017975      0.082325      1.554699      -0.259413      0.252397      
122      0.429020      0.018105      0.082255      1.555626      -0.251700      0.244678      
123      0.429130      0.018145      0.082205      1.556607      -0.243272      0.236244      
124      0.429190      0.018235      0.082245      1.557475      -0.235563      0.228530      
125      0.429280      0.018345      0.082385      1.557876      -0.231912      0.224877      
126      0.429290      0.018385      0.082375      1.558353      -0.227501      0.220463      
127      0.429260      0.018395      0.082375      1.558897      -0.222352      0.215311      
128      0.429260      0.018365      0.082395      1.559354      -0.217940      0.210897      
129      0.429270      0.018355      0.082385      1.559579      -0.215738      0.208693      
130      0.429270      0.018375      0.082325      1.559466      -0.216843      0.209799      
131      0.429280      0.018365      0.082285      1.559430      -0.217196      0.210152      
132      0.429290      0.018315      0.082265      1.559543      -0.216091      0.209046      
133      0.429270      0.018315      0.082235      1.559654      -0.214994      0.207948      
134      0.429300      0.018305      0.082225      1.559840      -0.213144      0.206097      
135      0.429340      0.018315      0.082245      1.560313      -0.208378      0.201329      
136      0.429440      0.018385      0.082175      1.560740      -0.203973      0.196921      
137      0.429510      0.018395      0.082085      1.561193      -0.199199      0.192144      
138      0.429520      0.018405      0.082075      1.561703      -0.193688      0.186629      
139      0.429550      0.018405      0.082085      1.562424      -0.185612      0.178549      
140      0.429600      0.018355      0.082075      1.563022      -0.178641      0.171574      
141      0.429630      0.018315      0.082055      1.563537      -0.172406      0.165336      
142      0.429590      0.018275      0.081995      1.564123      -0.165041      0.157968      
143      0.429610      0.018235      0.081985      1.564572      -0.159166      0.152090      
144      0.429690      0.018145      0.081985      1.564871      -0.155134      0.148056      
145      0.429720      0.018125      0.081995      1.564870      -0.155142      0.148063      
146      0.429770      0.018145      0.082025      1.564896      -0.154781      0.147702      
147      0.429840      0.018195      0.082035      1.564976      -0.153683      0.146604      
148      0.429930      0.018255      0.082095      1.565055      -0.152592      0.145513      
149      0.429990      0.018315      0.082065      1.565316      -0.148929      0.141847      
150      0.430040      0.018335      0.082045      1.565470      -0.146724      0.139642      
151      0.430050      0.018335      0.082055      1.565621      -0.144520      0.137436      
152      0.430090      0.018345      0.082065      1.565868      -0.140856      0.133771      
153      0.430150      0.018325      0.082085      1.566157      -0.136446      0.129359      
154      0.430180      0.018315      0.082085      1.566391      -0.132774      0.125685      
155      0.430220      0.018275      0.082035      1.566506      -0.130922      0.123833      
156      0.430370      0.018115      0.081975      1.566707      -0.127642      0.120551      
157      0.430480      0.018055      0.081895      1.567117      -0.120666      0.113572      
158      0.430550      0.018105      0.081745      1.567323      -0.116993      0.109897      
159      0.430600      0.018135      0.081615      1.567324      -0.116985      0.109890      
160      0.430610      0.018165      0.081535      1.567681      -0.110353      0.103255      
161      0.430620      0.018205      0.081505      1.568018      -0.103737      0.096636      
162      0.430630      0.018195      0.081485      1.568072      -0.102630      0.095529      
163      0.430630      0.018215      0.081475      1.568231      -0.099318      0.092215      
164      0.430660      0.018215      0.081455      1.568283      -0.098211      0.091108      
165      0.430690      0.018205      0.081425      1.568195      -0.100063      0.092961      
166      0.430680      0.018215      0.081455      1.568195      -0.100063      0.092961      
167      0.430680      0.018215      0.081455      1.568143      -0.101170      0.094068      
168      0.430680      0.018215      0.081455      1.568248      -0.098957      0.091854      
169      0.430600      0.018335      0.081475      1.568299      -0.097858      0.090755      
170      0.430580      0.018305      0.081465      1.568351      -0.096751      0.089648      
171      0.430500      0.018425      0.081465      1.568598      -0.091233      0.084127      
172      0.430450      0.018505      0.081465      1.568582      -0.091594      0.084489      
173      0.430440      0.018475      0.081465      1.568645      -0.090126      0.083020      
174      0.430420      0.018515      0.081495      1.568739      -0.087920      0.080813      
175      0.430400      0.018525      0.081425      1.568816      -0.086067      0.078960      
176      0.430390      0.018495      0.081385      1.568876      -0.084599      0.077492      
177      0.430380      0.018515      0.081405      1.569133      -0.077973      0.070864      
178      0.430390      0.018515      0.081395      1.569133      -0.077973      0.070864      
179      0.430390      0.018495      0.081385      1.569120      -0.078334      0.071225      
180      0.430370      0.018465      0.081375      1.569161      -0.077220      0.070110      
181      0.430340      0.018475      0.081355      1.569281      -0.073907      0.066796      
182      0.430270      0.018435      0.081395      1.569320      -0.072800      0.065688      
183      0.430250      0.018415      0.081345      1.569359      -0.071685      0.064573      
184      0.430240      0.018415      0.081325      1.569333      -0.072431      0.065319      
185      0.430190      0.018375      0.081315      1.569397      -0.070578      0.063466      
186      0.430100      0.018355      0.081225      1.569507      -0.067249      0.060136      
187      0.430030      0.018305      0.081145      1.569578      -0.065027      0.057913      
188      0.429880      0.018225      0.080995      1.569713      -0.060583      0.053468      
189      0.429810      0.018175      0.080935      1.569713      -0.060567      0.053452      
190      0.429780      0.018145      0.080915      1.569713      -0.060559      0.053444      
191      0.429710      0.018105      0.080875      1.569714      -0.060552      0.053437      
192      0.429690      0.018065      0.080845      1.569746      -0.059437      0.052321      
193      0.429660      0.018055      0.080835      1.569735      -0.059806      0.052691      
194      0.429630      0.018035      0.080875      1.569746      -0.059437      0.052321      
195      0.429640      0.018025      0.080875      1.569808      -0.057230      0.050114      
196      0.429660      0.018015      0.080885      1.569868      -0.055024      0.047907      
197      0.429670      0.018035      0.080905      1.569926      -0.052818      0.045700      
198      0.429720      0.018045      0.080945      1.569926      -0.052825      0.045708      
199      0.429870      0.018055      0.081045      1.569981      -0.050635      0.043517      
200      0.429930      0.018095      0.081115      1.569981      -0.050650      0.043533      
201      0.429950      0.018105      0.081105      1.569981      -0.050650      0.043533      
202      0.429970      0.018105      0.081105      1.569981      -0.050650      0.043533      
203      0.429950      0.018085      0.081145      1.570060      -0.047337      0.040218      
204      0.429940      0.018075      0.081115      1.570034      -0.048444      0.041326      
205      0.429950      0.018035      0.081075      1.570060      -0.047329      0.040210      
206      0.429940      0.018035      0.081095      1.570110      -0.045122      0.038003      
207      0.429950      0.018015      0.081065      1.570118      -0.044761      0.037642      
208      0.429920      0.018015      0.081045      1.570188      -0.041440      0.034320      
209      0.429840      0.018015      0.081015      1.570189      -0.041432      0.034312      
210      0.429790      0.017985      0.080985      1.570189      -0.041424      0.034304      
211      0.429690      0.017915      0.080935      1.570254      -0.038095      0.030974      
212      0.429550      0.017855      0.080855      1.570248      -0.038440      0.031319      
213      0.429460      0.017705      0.080715      1.570262      -0.037678      0.030557      
214      0.429420      0.017565      0.080705      1.570346      -0.032880      0.025758      
215      0.429390      0.017545      0.080755      1.570398      -0.029567      0.022444      
216      0.429390      0.017545      0.080775      1.570460      -0.025153      0.018030      
217      0.429380      0.017535      0.080815      1.570524      -0.019633      0.012508      
218      0.429360      0.017545      0.080835      1.570545      -0.017426      0.010301      
219      0.429320      0.017495      0.080905      1.570597      -0.010806      0.003679      
220      0.429320      0.017475      0.080975      1.570615      -0.007492      0.000364      
221      0.429320      0.017475      0.080955      1.570615      -0.007492      0.000364      
222      0.429290      0.017455      0.080995      1.570618      -0.006753      -0.000374      
223      0.429290      0.017405      0.081035      1.570635      -0.001602      -0.005527      
224      0.429360      0.017325      0.081015      1.570638      0.000605      -0.007734      
225      0.429410      0.017255      0.081035      1.570639      0.001713      -0.008841      
226      0.429500      0.017125      0.081015      1.570639      0.003181      -0.010310      
227      0.429520      0.017065      0.081035      1.570632      0.007972      -0.015101      
228      0.429510      0.017055      0.081045      1.570627      0.009810      -0.016939      
229      0.429530      0.017015      0.081035      1.570626      0.010179      -0.017309      
230      0.429550      0.016955      0.081025      1.570615      0.012755      -0.019885      
231      0.429510      0.016955      0.081075      1.570615      0.012755      -0.019885      
232      0.429510      0.016915      0.081075      1.570604      0.014969      -0.022100      
233      0.429480      0.016875      0.081065      1.570583      0.018283      -0.025414      
234      0.429410      0.016835      0.080975      1.570559      0.021244      -0.028376      
235      0.429360      0.016705      0.080875      1.570535      0.023844      -0.030975      
236      0.429270      0.016615      0.080785      1.570460      0.030488      -0.037620      
237      0.429250      0.016525      0.080695      1.570415      0.033818      -0.040950      
238      0.429240      0.016485      0.080695      1.570409      0.034195      -0.041327      
239      0.429220      0.016395      0.080635      1.570321      0.039724      -0.046857      
240      0.429260      0.016285      0.080585      1.570234      0.044522      -0.051655      
241      0.429330      0.016175      0.080605      1.570159      0.048205      -0.055339      
242      0.429400      0.016095      0.080595      1.570070      0.052265      -0.059399      
243      0.429400      0.016115      0.080585      1.570018      0.054472      -0.061606      
244      0.429390      0.016075      0.080575      1.569982      0.055956      -0.063090      
245      0.429400      0.016095      0.080595      1.569955      0.057056      -0.064190      
246      0.429410      0.016105      0.080605      1.569898      0.059263      -0.066397      
247      0.429440      0.016085      0.080615      1.569869      0.060362      -0.067496      
248      0.429510      0.016085      0.080645      1.569809      0.062561      -0.069695      
249      0.429580      0.016115      0.080715      1.569789      0.063283      -0.070418      
250      0.429610      0.016165      0.080695      1.569705      0.066220      -0.073355      
251      0.429650      0.016185      0.080715      1.569639      0.068427      -0.075562      
252      0.429690      0.016205      0.080775      1.569571      0.070618      -0.077753      
253      0.429910      0.016155      0.080725      1.569403      0.075762      -0.082896      
254      0.430040      0.016015      0.080775      1.569182      0.082012      -0.089147      
255      0.430140      0.015855      0.080775      1.569155      0.082750      -0.089885      
256      0.430180      0.015795      0.080775      1.569182      0.082020      -0.089155      
257      0.430180      0.015705      0.080815      1.569058      0.085334      -0.092468      
258      0.430250      0.015535      0.080855      1.568929      0.088648      -0.095782      
259      0.430300      0.015485      0.080865      1.568779      0.092330      -0.099464      
260      0.430320      0.015475      0.080875      1.568591      0.096743      -0.103877      
261      0.430430      0.015425      0.080965      1.568479      0.099295      -0.106429      
262      0.430570      0.015375      0.081055      1.568191      0.105521      -0.112655      
263      0.430650      0.015385      0.081115      1.568032      0.108803      -0.115937      
264      0.430670      0.015395      0.081145      1.567923      0.111002      -0.118135      
265      0.430670      0.015345      0.081185      1.567811      0.113208      -0.120341      
266      0.430680      0.015355      0.081215      1.567736      0.114676      -0.121809      
267      0.430670      0.015365      0.081245      1.567736      0.114668      -0.121801      
268      0.430680      0.015325      0.081235      1.567581      0.117620      -0.124753      
269      0.430680      0.015315      0.081235      1.567581      0.117620      -0.124753      
270      0.430680      0.015315      0.081195      1.567561      0.117989      -0.125122      
271      0.430670      0.015325      0.081225      1.567341      0.122040      -0.129172      
272      0.430670      0.015345      0.081215      1.567259      0.123508      -0.130640      
273      0.430640      0.015375      0.081215      1.567197      0.124615      -0.131747      
274      0.430640      0.015355      0.081225      1.567008      0.127920      -0.135052      
275      0.430660      0.015335      0.081225      1.566922      0.129396      -0.136527      
276      0.430670      0.015365      0.081215      1.566681      0.133439      -0.140570      
277      0.430670      0.015355      0.081225      1.566386      0.138219      -0.145350      
278      0.430680      0.015365      0.081235      1.566246      0.140425      -0.147555      
279      0.430710      0.015385      0.081255      1.566223      0.140778      -0.147908      
280      0.430770      0.015425      0.081285      1.566224      0.140763      -0.147893      
281      0.430840      0.015475      0.081335      1.566296      0.139632      -0.146762      
282      0.430950      0.015545      0.081405      1.566205      0.141061      -0.148191      
283      0.431030      0.015605      0.081475      1.566278      0.139923      -0.147053      
284      0.431200      0.015855      0.081675      1.566261      0.140190      -0.147320      
285      0.431340      0.016035      0.081795      1.566496      0.136445      -0.143576      
286      0.431540      0.016165      0.081835      1.566657      0.133823      -0.140954      
287      0.431780      0.016235      0.081825      1.566705      0.133038      -0.140169      
288      0.432070      0.016455      0.081805      1.566907      0.129655      -0.136786      
289      0.432410      0.016635      0.081725      1.566910      0.129592      -0.136724      
290      0.432720      0.016865      0.081675      1.566979      0.128423      -0.135554      
291      0.433250      0.017215      0.081395      1.567047      0.127245      -0.134377      
292      0.433410      0.017325      0.081255      1.567091      0.126483      -0.133615      
293      0.433670      0.017565      0.080965      1.567279      0.123155      -0.130287      
294      0.433870      0.017675      0.080725      1.567279      0.123163      -0.130295      
295      0.433880      0.017705      0.080685      1.567401      0.120957      -0.128089      
296      0.433830      0.017655      0.080655      1.567579      0.117659      -0.124792      
297      0.433720      0.017585      0.080635      1.567499      0.119151      -0.126283      
298      0.433660      0.017435      0.080655      1.567576      0.117714      -0.124847      
299      0.433620      0.017315      0.080665      1.567437      0.120297      -0.127430      
300      0.433620      0.017285      0.080705      1.567731      0.114770      -0.121903      
301      0.433690      0.017185      0.080705      1.568276      0.103731      -0.110865      
302      0.433730      0.017135      0.080695      1.568623      0.096005      -0.103139      
303      0.433740      0.017125      0.080695      1.569582      0.070249      -0.077383      
304      0.433720      0.017095      0.080745      1.570144      0.048912      -0.056046      
305      0.433650      0.017065      0.080845      1.570382      0.036009      -0.043142      
306      0.433590      0.017045      0.081035      1.570488      0.028250      -0.035382      
307      0.433540      0.017065      0.081285      1.570574      0.019367      -0.026498      
308      0.433570      0.017085      0.081465      1.570639      0.002757      -0.009886      
309      0.433570      0.017135      0.081625      1.570630      -0.003549      -0.003579      
310      0.433550      0.017215      0.081855      1.570583      -0.012793      0.005666      
311      0.433560      0.017225      0.081985      1.570537      -0.018345      0.011220      
312      0.433580      0.017255      0.082265      1.570291      -0.036076      0.028955      
313      0.433550      0.017275      0.082555      1.569985      -0.050486      0.043368      
314      0.433520      0.017345      0.082955      1.569352      -0.071889      0.064777      
315      0.433390      0.017455      0.083425      1.568341      -0.096947      0.089844      
316      0.433230      0.017495      0.083915      1.567668      -0.110604      0.103506      
317      0.433050      0.017515      0.084405      1.565320      -0.148866      0.141785      
318      0.432930      0.017455      0.084815      1.563625      -0.171316      0.164245      
319      0.432810      0.017405      0.085195      1.562095      -0.189336      0.182276      
320      0.432740      0.017385      0.085425      1.560661      -0.204796      0.197744      
321      0.432640      0.017345      0.085865      1.556802      -0.241556      0.234527      
322      0.432500      0.017275      0.086375      1.553864      -0.266171      0.259159      
323      0.432340      0.017195      0.086875      1.551578      -0.283839      0.276841      
324      0.432090      0.017105      0.087655      1.547827      -0.310660      0.303683      
325      0.431910      0.017035      0.088075      1.546135      -0.322023      0.315055      
326      0.431770      0.016965      0.088325      1.544437      -0.333031      0.326073      
327      0.431630      0.016885      0.088595      1.542091      -0.347662      0.340716      
328      0.431550      0.016825      0.088755      1.540630      -0.356467      0.349530      
329      0.431380      0.016725      0.089085      1.536762      -0.378779      0.371863      
330      0.431230      0.016625      0.089435      1.533072      -0.398884      0.391987      
331      0.430800      0.016315      0.090185      1.528906      -0.420402      0.413527      
332      0.430510      0.016105      0.090695      1.527072      -0.429523      0.422658      
333      0.430200      0.015895      0.091235      1.524123      -0.443790      0.436941      
334      0.429890      0.015675      0.091705      1.521719      -0.455084      0.448247      
335      0.429600      0.015475      0.092165      1.518768      -0.468560      0.461738      
336      0.429280      0.015245      0.092765      1.515979      -0.480940      0.474133      
337      0.429130      0.015145      0.093085      1.514211      -0.488617      0.481820      
338      0.428790      0.014935      0.093795      1.510064      -0.506156      0.499380      
339      0.428280      0.014595      0.094755      1.502576      -0.536322      0.529585      
340      0.427920      0.014365      0.095265      1.497949      -0.554105      0.547391      
341      0.427570      0.014135      0.095795      1.491453      -0.578103      0.571423      
342      0.427220      0.013905      0.096355      1.482913      -0.608140      0.601503      
343      0.426830      0.013635      0.096935      1.478638      -0.622600      0.615985      
344      0.426400      0.013355      0.097495      1.473592      -0.639220      0.632630      
345      0.426010      0.013075      0.098005      1.467376      -0.659081      0.652522      
346      0.425540      0.012765      0.098585      1.464045      -0.669462      0.662920      
347      0.424820      0.012265      0.099585      1.459685      -0.682796      0.676276      
348      0.424590      0.012105      0.099945      1.457523      -0.689306      0.682796      
349      0.424090      0.011775      0.100765      1.452659      -0.703709      0.697224      
350      0.423600      0.011465      0.101585      1.445969      -0.723013      0.716561      
351      0.423180      0.011195      0.102205      1.438703      -0.743360      0.736945      
352      0.422780      0.010915      0.102775      1.430017      -0.766909      0.760536      
353      0.422460      0.010595      0.103325      1.421351      -0.789632      0.783302      
354      0.422010      0.010265      0.104025      1.408963      -0.820905      0.814636      
355      0.421820      0.010125      0.104275      1.400233      -0.842162      0.835936      
356      0.421680      0.009965      0.104455      1.393097      -0.859099      0.852908      
357      0.421630      0.009895      0.104545      1.390685      -0.864740      0.858561      
358      0.421560      0.009795      0.104665      1.386398      -0.874660      0.868502      
359      0.421520      0.009705      0.104735      1.383939      -0.880294      0.874148      
360      0.421480      0.009455      0.104935      1.374804      -0.900869      0.894768      
361      0.421350      0.009095      0.105195      1.360085      -0.932927      0.926897      
362      0.421190      0.008965      0.105315      1.354016      -0.945778      0.939778      
363      0.421040      0.008785      0.105625      1.350561      -0.953003      0.947020      
364      0.420970      0.008665      0.106155      1.343485      -0.967605      0.961656      
365      0.420930      0.008585      0.106575      1.336009      -0.982752      0.976839      
366      0.420920      0.008515      0.107175      1.333793      -0.987189      0.981287      
367      0.420910      0.008505      0.107805      1.328765      -0.997171      0.991293      
368      0.420920      0.008515      0.108035      1.325674      -1.003249      0.997386      
369      0.420860      0.008455      0.108375      1.320389      -1.013538      1.007701      
