83      -9.528022      59.269778      -113.012704      
84      -8.979581      57.995334      -111.959724      
85      -8.238677      55.856329      -110.783880      
86      -9.175989      53.001458      -110.595351      
87      -10.254175      51.015519      -111.038878      
88      -11.195628      49.151894      -111.997987      
89      -11.179607      45.497914      -111.367142      
90      -10.694255      43.158670      -110.998744      
91      -10.952686      40.011825      -110.156393      
92      -12.043373      38.092200      -110.432268      
93      -12.885452      33.881395      -112.301039      
94      -14.183916      31.227158      -112.669694      
95      -14.217484      27.446128      -112.071983      
96      -14.453419      25.703769      -111.968977      
97      -14.220437      24.135485      -111.275094      
98      -13.955724      22.428968      -110.576129      
99      -14.305985      20.767032      -110.445440      
100      -14.588943      19.314589      -110.141261      
101      -15.128287      18.254150      -110.259233      
102      -14.972983      17.157154      -109.981626      
103      -15.127621      15.842354      -109.578310      
104      -15.144861      14.575116      -109.788638      
105      -15.426970      12.915575      -109.858078      
106      -15.930973      10.944870      -110.148072      
107      -16.843759      8.441729      -110.357281      
108      -16.984880      7.316501      -110.252695      
109      -17.354571      6.041758      -110.526023      
110      -17.189049      4.295046      -110.324203      
111      -17.235894      2.292462      -110.091278      
112      -17.280436      0.957115      -110.026855      
113      -17.462293      -0.344040      -109.981902      
114      -17.704537      -0.732817      -109.941862      
115      -17.565999      -1.532401      -109.981075      
116      -17.685314      -2.356057      -109.917543      
117      -17.886818      -2.576303      -109.750270      
118      -17.834312      -3.469978      -109.569534      
119      -17.980802      -3.901109      -109.502629      
120      -18.372525      -4.108717      -109.632729      
121      -18.348509      -4.338523      -109.725019      
122      -18.489379      -4.287311      -109.623931      
123      -18.459226      -4.386743      -109.622686      
124      -18.479886      -4.602311      -109.659858      
125      -18.692923      -4.889957      -109.761754      
126      -18.718899      -4.723885      -109.780004      
127      -18.696479      -4.946936      -109.802430      
128      -18.766767      -5.051789      -109.784598      
129      -18.877613      -5.496669      -109.850036      
130      -19.076827      -6.151949      -109.992120      
131      -19.330580      -6.644536      -110.136751      
132      -19.410592      -6.901475      -110.128655      
133      -19.414951      -7.027679      -110.209948      
134      -19.517258      -7.325730      -110.220916      
135      -19.620390      -7.611666      -110.244659      
136      -19.489628      -7.992981      -110.209045      
137      -19.782398      -8.529108      -110.205053      
138      -19.877843      -8.814012      -110.195743      
139      -19.803627      -9.121280      -110.187922      
140      -19.927509      -9.078538      -110.208469      
141      -19.958172      -9.205921      -110.235723      
142      -19.976783      -9.184554      -110.271840      
143      -19.976482      -9.088898      -110.294659      
144      -19.909847      -9.337458      -110.337911      
145      -20.093754      -9.455959      -110.353911      
146      -20.220199      -9.885836      -110.429725      
147      -20.326804      -9.810157      -110.512678      
148      -20.286810      -9.756573      -110.551985      
149      -20.221391      -9.336759      -110.578589      
150      -20.149012      -8.098209      -110.770862      
151      -20.002644      -7.832987      -110.896757      
152      -20.026513      -7.985618      -110.903841      
153      -20.022947      -7.440498      -110.956515      
154      -20.082916      -7.858543      -111.012619      
155      -20.474337      -8.105810      -111.100282      
156      -20.621718      -6.867415      -111.184030      
157      -20.424501      -4.483857      -111.277670      
158      -20.611943      -3.295689      -111.392546      
159      -20.611454      -1.782026      -111.511299      
160      -20.645101      0.989769      -111.859436      
161      -20.709395      3.329754      -112.212758      
162      -20.693335      5.701219      -112.786894      
163      -20.385716      6.477972      -112.855624      
164      -20.258251      7.424451      -113.010445      
165      -20.311817      8.762434      -113.242822      
166      -20.412234      9.967312      -113.405766      
167      -20.645502      11.013492      -113.468472      
168      -20.936188      12.504974      -113.759505      
169      -21.068266      13.160851      -114.044265      
170      -21.487467      14.387711      -114.511940      
171      -21.475835      15.823519      -114.817329      
172      -21.605402      17.128927      -114.973637      
173      -21.569609      18.315658      -115.103475      
174      -21.755319      19.875919      -115.293892      
175      -21.724674      21.701677      -115.494333      
176      -21.691220      23.566608      -115.679325      
177      -21.593024      26.173732      -116.359357      
178      -21.576558      29.422460      -117.242874      
179      -21.549588      32.274337      -117.904872      
180      -21.422268      34.530656      -118.596593      
181      -21.413726      36.012653      -119.074634      
182      -21.116227      38.734191      -119.628132      
183      -20.638157      40.725405      -120.335264      
184      -19.629896      42.799814      -120.405310      
185      -18.768865      46.297692      -120.681990      
186      -18.107148      48.192658      -120.480228      
187      -17.382338      50.327398      -120.355741      
188      -17.188290      52.686607      -120.991459      
189      -17.273033      55.837423      -121.689139      
190      -17.262008      58.751001      -122.508253      
