78      0.008930      1638131810629      
79      0.000470      1638131810657      
80      0.001150      1638131810705      
81      0.005580      1638131810738      
82      0.002590      1638131810770      
83      0.007510      1638131810800      
84      0.005650      1638131810834      
85      0.005930      1638131810861      
86      0.013850      1638131810893      
87      0.004820      1638131810940      
88      0.003410      1638131810971      
89      0.011440      1638131811003      
90      0.005160      1638131811033      
91      0.007050      1638131811064      
92      0.012590      1638131811098      
93      0.017620      1638131811127      
94      0.005960      1638131811172      
95      0.003360      1638131811208      
96      0.011260      1638131811238      
97      0.015070      1638131811269      
98      0.005660      1638131811300      
99      0.006080      1638131811330      
100      0.008050      1638131811347      
101      0.004270      1638131811365      
102      0.000780      1638131811394      
103      0.003280      1638131811408      
104      0.004600      1638131811439      
105      0.006870      1638131811473      
106      0.008840      1638131811519      
107      0.007010      1638131811552      
108      0.003110      1638131811583      
109      0.005970      1638131811617      
110      0.007820      1638131811644      
111      0.007390      1638131811674      
112      0.007210      1638131811706      
113      0.010970      1638131811757      
114      0.007910      1638131811794      
115      0.008860      1638131811818      
116      0.009050      1638131811846      
117      0.006970      1638131811880      
118      0.007910      1638131811913      
119      0.010690      1638131811945      
120      0.010040      1638131811973      
121      0.009410      1638131812007      
122      0.011500      1638131812052      
123      0.012050      1638131812082      
124      0.008240      1638131812112      
125      0.009230      1638131812147      
126      0.010620      1638131812174      
127      0.009820      1638131812222      
128      0.023890      1638131812253      
129      0.008780      1638131812290      
130      0.007280      1638131812318      
131      0.008010      1638131812349      
132      0.008250      1638131812380      
133      0.006300      1638131812410      
134      0.006820      1638131812439      
135      0.006010      1638131812487      
136      0.007320      1638131812519      
137      0.005500      1638131812555      
138      0.006810      1638131812580      
139      0.008440      1638131812613      
140      0.006320      1638131812647      
141      0.014360      1638131812677      
142      0.006570      1638131812723      
143      0.013850      1638131812752      
144      0.004910      1638131812784      
145      0.003880      1638131812815      
146      0.004730      1638131812847      
147      0.006390      1638131812876      
148      0.007110      1638131812913      
149      0.019380      1638131812955      
150      0.022310      1638131812984      
151      0.012630      1638131813016      
152      0.008900      1638131813047      
153      0.018900      1638131813079      
154      0.013940      1638131813108      
155      0.009360      1638131813157      
156      0.016100      1638131813188      
157      0.004140      1638131813222      
158      0.004920      1638131813251      
159      0.010360      1638131813280      
160      0.008550      1638131813313      
161      0.004370      1638131813345      
162      0.009500      1638131813401      
163      0.013610      1638131813434      
164      0.010430      1638131813455      
165      0.010650      1638131813489      
166      0.019220      1638131813518      
167      0.009670      1638131813549      
168      0.009210      1638131813595      
169      0.015270      1638131813626      
170      0.027090      1638131813658      
171      0.026390      1638131813690      
172      0.014210      1638131813721      
173      0.000720      1638131813752      
174      0.008130      1638131813783      
175      0.002540      1638131813832      
176      0.003350      1638131813862      
177      0.004780      1638131813893      
178      0.001940      1638131813923      
179      0.001170      1638131813953      
180      -0.000890      1638131813985      
181      0.005140      1638131814019      
182      0.007240      1638131814065      
183      0.007550      1638131814094      
184      0.003040      1638131814125      
185      0.007290      1638131814158      
186      0.004690      1638131814188      
187      0.002390      1638131814231      
188      0.018070      1638131814262      
189      0.009360      1638131814295      
190      0.003660      1638131814325      
191      0.005550      1638131814356      
192      0.014420      1638131814388      
193      0.008550      1638131814436      
194      0.006360      1638131814465      
195      0.011100      1638131814496      
196      0.015500      1638131814526      
197      0.005410      1638131814561      
198      0.003570      1638131814603      
199      0.017240      1638131814639      
200      0.004130      1638131814666      
201      0.005730      1638131814696      
202      0.006970      1638131814729      
203      0.011730      1638131814757      
204      0.003280      1638131814793      
205      0.006540      1638131814837      
206      0.012050      1638131814873      
207      0.006750      1638131814898      
208      0.007620      1638131814931      
209      0.010500      1638131814960      
210      -0.000880      1638131814994      
211      0.005980      1638131815039      
212      0.007860      1638131815071      
213      -0.001140      1638131815105      
214      0.005890      1638131815132      
215      0.002860      1638131815164      
216      0.002380      1638131815196      
217      0.010430      1638131815227      
218      0.009100      1638131815271      
219      0.011010      1638131815303      
220      0.000390      1638131815338      
221      0.004780      1638131815369      
222      0.003050      1638131815404      
223      0.003800      1638131815432      
224      0.007050      1638131815463      
225      0.002030      1638131815507      
226      0.016010      1638131815537      
227      0.010660      1638131815567      
228      0.002290      1638131815596      
229      0.006390      1638131815648      
230      0.004680      1638131815673      
231      0.003230      1638131815706      
232      0.003790      1638131815738      
233      0.004460      1638131815768      
234      0.006930      1638131815800      
235      0.000320      1638131815844      
236      -0.001240      1638131815880      
237      0.001160      1638131815910      
238      0.001100      1638131815938      
239      0.002660      1638131815969      
240      -0.001460      1638131816003      
241      0.002390      1638131816035      
242      0.003660      1638131816066      
243      0.001000      1638131816112      
244      0.001010      1638131816142      
245      0.001940      1638131816176      
246      0.003610      1638131816207      
247      0.000870      1638131816237      
248      0.006520      1638131816283      
249      0.004970      1638131816315      
250      0.002420      1638131816344      
251      0.003090      1638131816383      
252      -0.000730      1638131816407      
253      0.002560      1638131816441      
254      0.003300      1638131816472      
255      -0.001430      1638131816518      
256      0.004220      1638131816548      
257      -0.000250      1638131816579      
258      0.002160      1638131816614      
259      0.009300      1638131816641      
260      0.003810      1638131816674      
261      0.002940      1638131816709      
262      0.005620      1638131816752      
263      0.003590      1638131816786      
264      0.000320      1638131816822      
265      -0.000270      1638131816849      
266      0.002780      1638131816879      
267      -0.000730      1638131816914      
268      -0.001280      1638131816940      
269      0.002740      1638131816989      
270      0.000720      1638131817005      
271      0.001860      1638131817021      
272      0.001280      1638131817054      
273      0.000910      1638131817086      
274      0.000840      1638131817132      
275      0.005390      1638131817162      
276      0.000770      1638131817192      
277      0.004580      1638131817224      
278      0.002200      1638131817257      
279      0.002270      1638131817287      
280      0.002620      1638131817321      
281      0.001570      1638131817369      
282      0.003470      1638131817397      
283      0.000030      1638131817428      
284      0.004180      1638131817459      
285      0.003120      1638131817494      
286      0.009280      1638131817524      
287      0.008040      1638131817555      
288      0.001500      1638131817583      
289      0.001450      1638131817632      
290      0.004140      1638131817661      
291      0.000130      1638131817692      
292      0.002420      1638131817723      
293      0.001140      1638131817758      
294      0.002700      1638131817787      
295      0.000480      1638131817819      
296      0.000620      1638131817864      
297      0.006080      1638131817902      
298      -0.000970      1638131817930      
299      0.000790      1638131817959      
300      0.003990      1638131817992      
301      -0.002850      1638131818023      
302      0.003770      1638131818056      
303      0.002670      1638131818085      
304      -0.000050      1638131818134      
305      0.008890      1638131818164      
306      0.000800      1638131818197      
307      0.007290      1638131818226      
308      0.000260      1638131818259      
309      -0.003180      1638131818292      
310      0.002630      1638131818321      
311      -0.002740      1638131818366      
312      0.004480      1638131818396      
313      -0.000030      1638131818430      
314      0.002350      1638131818460      
315      0.003760      1638131818491      
316      0.000910      1638131818523      
317      0.000570      1638131818557      
318      0.003080      1638131818588      
319      -0.000160      1638131818632      
320      0.006200      1638131818665      
321      -0.001500      1638131818696      
322      0.004030      1638131818728      
323      0.001690      1638131818758      
324      0.001240      1638131818787      
325      0.003050      1638131818834      
326      0.002100      1638131818867      
327      0.005720      1638131818898      
328      -0.001610      1638131818932      
329      0.003380      1638131818963      
330      0.001290      1638131818989      
331      -0.000660      1638131819045      
332      0.001830      1638131819071      
333      -0.002880      1638131819098      
334      0.002690      1638131819129      
335      0.001190      1638131819161      
336      0.002250      1638131819191      
337      0.005140      1638131819242      
338      -0.000510      1638131819270      
339      0.002950      1638131819303      
340      0.001290      1638131819336      
341      0.000650      1638131819367      
342      0.000730      1638131819397      
343      0.003490      1638131819446      
344      -0.002180      1638131819468      
345      0.010430      1638131819503      
346      -0.000080      1638131819535      
347      0.005890      1638131819560      
348      0.008790      1638131819609      
349      0.005610      1638131819640      
350      0.008450      1638131819673      
351      0.002170      1638131819705      
352      0.002580      1638131819736      
353      0.002290      1638131819768      
354      0.000600      1638131819799      
355      0.001320      1638131819832      
356      0.006680      1638131819881      
357      -0.002310      1638131819913      
358      0.006370      1638131819944      
359      0.000050      1638131819975      
360      -0.004100      1638131820006      
361      0.005340      1638131820038      
362      -0.001570      1638131820065      
363      -0.000270      1638131820113      
364      0.004350      1638131820143      
365      0.002560      1638131820179      
366      0.001050      1638131820208      
367      0.001120      1638131820238      
368      0.002430      1638131820270      
369      -0.000420      1638131820303      
370      0.002030      1638131820347      
371      0.003850      1638131820380      
372      0.002640      1638131820410      
373      0.004610      1638131820443      
374      0.001360      1638131820473      
375      0.003210      1638131820503      
376      0.001780      1638131820549      
377      0.007900      1638131820583      
378      0.007910      1638131820611      
379      0.002350      1638131820644      
380      0.011780      1638131820673      
381      0.000920      1638131820707      
382      0.001120      1638131820760      
383      0.002200      1638131820782      
384      0.000350      1638131820815      
385      0.004540      1638131820850      
386      -0.002110      1638131820879      
387      0.004530      1638131820908      
388      0.001080      1638131820943      
389      0.004930      1638131820987      
390      0.002300      1638131821015      
391      0.001220      1638131821049      
392      0.005250      1638131821079      
393      -0.001500      1638131821113      
394      0.004260      1638131821140      
395      0.002520      1638131821190      
396      0.002910      1638131821218      
397      0.000610      1638131821252      
398      0.005060      1638131821282      
399      0.004430      1638131821312      
400      0.000120      1638131821343      
401      0.004960      1638131821377      
402      0.001240      1638131821422      
403      0.003450      1638131821453      
404      0.002690      1638131821484      
405      0.008120      1638131821520      
406      0.012920      1638131821546      
407      0.001050      1638131821578      
408      0.003520      1638131821626      
409      -0.000240      1638131821658      
410      0.003320      1638131821687      
411      0.003230      1638131821717      
412      -0.000800      1638131821753      
413      0.006240      1638131821782      
414      0.000320      1638131821825      
415      -0.000620      1638131821855      
416      0.002340      1638131821887      
417      0.000980      1638131821920      
418      -0.001620      1638131821950      
419      0.001710      1638131821983      
420      -0.000980      1638131822015      
421      0.002420      1638131822063      
422      -0.001980      1638131822094      
423      0.002800      1638131822125      
424      0.004790      1638131822157      
425      -0.000920      1638131822190      
426      0.002200      1638131822217      
427      0.005170      1638131822250      
428      -0.002030      1638131822296      
429      0.004890      1638131822329      
430      0.000840      1638131822357      
431      0.002920      1638131822390      
432      0.006490      1638131822419      
433      0.000820      1638131822453      
434      0.002500      1638131822494      
435      -0.000030      1638131822529      
436      0.002990      1638131822559      
437      0.004190      1638131822593      
438      -0.000050      1638131822607      
439      0.006460      1638131822640      
440      0.001960      1638131822671      
441      0.003580      1638131822706      
442      0.006870      1638131822731      
443      0.007840      1638131822764      
444      -0.001020      1638131822793      
445      0.006250      1638131822843      
446      0.003920      1638131822872      
447      0.002500      1638131822912      
448      0.001370      1638131822935      
449      0.000280      1638131822968      
450      0.001300      1638131823000      
451      -0.001860      1638131823030      
452      0.005270      1638131823062      
453      -0.001510      1638131823112      
454      -0.014700      1638131823144      
455      -0.008870      1638131823173      
456      -0.028000      1638131823205      
457      -0.015340      1638131823237      
458      -0.012470      1638131823269      
459      -0.014720      1638131823297      
460      -0.022010      1638131823331      
461      -0.016810      1638131823377      
462      -0.021500      1638131823406      
463      -0.012100      1638131823439      
464      -0.006110      1638131823471      
465      -0.012690      1638131823506      
466      -0.012670      1638131823536      
467      -0.018070      1638131823567      
468      -0.014030      1638131823599      
469      -0.017320      1638131823648      
470      -0.015270      1638131823672      
471      -0.013630      1638131823705      
472      -0.017760      1638131823733      
473      -0.020790      1638131823766      
474      -0.017170      1638131823799      
475      -0.024650      1638131823844      
476      -0.023900      1638131823876      
477      -0.010010      1638131823906      
478      -0.013920      1638131823940      
479      -0.025000      1638131823969      
480      -0.017800      1638131824001      
481      -0.014340      1638131824034      
482      -0.010650      1638131824080      
483      -0.018820      1638131824110      
484      -0.012890      1638131824141      
485      -0.010150      1638131824175      
486      -0.014670      1638131824203      
487      -0.016700      1638131824232      
488      -0.014260      1638131824279      
489      -0.023730      1638131824314      
490      -0.020250      1638131824343      
491      -0.015850      1638131824373      
492      -0.014830      1638131824405      
493      -0.017560      1638131824435      
494      -0.012160      1638131824481      
495      -0.025550      1638131824509      
496      -0.024450      1638131824542      
497      -0.016610      1638131824571      
498      -0.026160      1638131824603      
499      -0.027950      1638131824647      
500      -0.021860      1638131824679      
501      -0.013260      1638131824710      
502      -0.008200      1638131824738      
503      -0.009330      1638131824770      
504      -0.010380      1638131824805      
505      -0.004120      1638131824836      
506      -0.012830      1638131824882      
507      -0.012930      1638131824911      
508      -0.009950      1638131824941      
509      -0.016380      1638131824975      
510      -0.010700      1638131825003      
511      -0.024050      1638131825034      
512      -0.015250      1638131825081      
513      -0.024620      1638131825116      
514      -0.013750      1638131825144      
515      -0.009650      1638131825176      
516      -0.017050      1638131825209      
517      -0.010310      1638131825241      
518      -0.007130      1638131825270      
519      -0.018690      1638131825317      
520      -0.022000      1638131825349      
521      -0.020000      1638131825383      
522      -0.020480      1638131825411      
523      -0.000780      1638131825445      
524      -0.011530      1638131825477      
525      -0.008250      1638131825507      
526      -0.011340      1638131825552      
527      -0.031380      1638131825583      
528      -0.016310      1638131825614      
529      -0.013760      1638131825646      
530      -0.016220      1638131825678      
531      -0.011190      1638131825710      
532      -0.015810      1638131825755      
533      -0.014800      1638131825788      
534      -0.010660      1638131825816      
535      -0.010430      1638131825848      
536      -0.016630      1638131825879      
537      -0.022090      1638131825913      
538      -0.011860      1638131825954      
539      -0.030140      1638131825987      
540      -0.012430      1638131826017      
541      -0.014010      1638131826050      
542      -0.018440      1638131826081      
543      -0.007770      1638131826113      
544      -0.020370      1638131826143      
545      -0.017270      1638131826193      
546      -0.012450      1638131826224      
547      -0.019310      1638131826258      
548      -0.012440      1638131826288      
549      -0.011700      1638131826318      
550      -0.018020      1638131826349      
551      -0.022030      1638131826394      
552      -0.023670      1638131826425      
553      -0.014720      1638131826457      
554      -0.020050      1638131826489      
555      -0.008860      1638131826519      
556      -0.020070      1638131826548      
557      -0.021460      1638131826596      
558      -0.023700      1638131826628      
559      -0.013930      1638131826661      
560      -0.016530      1638131826690      
561      -0.013550      1638131826723      
562      -0.024710      1638131826749      
