259      0.443861      0.007092      0.139049      1.321421      -1.012087      1.008254      
260      0.443821      0.007082      0.138939      1.323858      -1.007343      1.003501      
261      0.443881      0.007052      0.138749      1.324444      -1.006200      1.002356      
262      0.443921      0.007042      0.138639      1.325528      -1.004079      1.000231      
263      0.443971      0.007062      0.138479      1.327642      -0.999926      0.996069      
264      0.443971      0.007162      0.138489      1.330822      -0.993640      0.989772      
265      0.444031      0.007292      0.138499      1.332728      -0.989852      0.985976      
266      0.444231      0.007452      0.138529      1.335343      -0.984623      0.980737      
267      0.444641      0.007632      0.138459      1.338556      -0.978155      0.974257      
268      0.445041      0.007752      0.138369      1.342326      -0.970498      0.966586      
269      0.445351      0.007812      0.138399      1.345649      -0.963689      0.959765      
270      0.445621      0.007822      0.138499      1.349501      -0.955728      0.951789      
271      0.445821      0.007822      0.138529      1.353054      -0.948313      0.944361      
272      0.445971      0.007822      0.138589      1.357673      -0.938570      0.934600      
273      0.446111      0.007822      0.138719      1.360756      -0.932000      0.928018      
274      0.446321      0.007832      0.138759      1.364631      -0.923668      0.919671      
275      0.446501      0.007842      0.138779      1.369569      -0.912918      0.908903      
276      0.446661      0.007832      0.138789      1.373542      -0.904163      0.900132      
277      0.446891      0.007792      0.138839      1.379164      -0.891604      0.887551      
278      0.447391      0.007762      0.138869      1.385551      -0.877084      0.873007      
279      0.448131      0.007672      0.138879      1.391326      -0.863714      0.859614      
280      0.448961      0.007592      0.138879      1.396824      -0.850763      0.846643      
281      0.449961      0.007562      0.138729      1.401889      -0.838632      0.834492      
282      0.450781      0.007612      0.138689      1.405023      -0.831024      0.826872      
283      0.451331      0.007672      0.138679      1.406512      -0.827383      0.823224      
284      0.451701      0.007742      0.138709      1.407900      -0.823970      0.819806      
285      0.451901      0.007802      0.138739      1.408786      -0.821786      0.817618      
286      0.452201      0.007862      0.138859      1.409838      -0.819181      0.815009      
287      0.452251      0.007882      0.138889      1.410616      -0.817248      0.813073      
288      0.452361      0.007902      0.138929      1.411669      -0.814627      0.810448      
289      0.452501      0.007922      0.139029      1.412617      -0.812258      0.808076      
290      0.452561      0.007962      0.139149      1.412876      -0.811608      0.807425      
291      0.452821      0.008032      0.139249      1.411843      -0.814192      0.810012      
292      0.453171      0.008142      0.139339      1.411040      -0.816194      0.812017      
293      0.453751      0.008282      0.139429      1.410155      -0.818394      0.814221      
294      0.454241      0.008432      0.139559      1.409453      -0.820136      0.815966      
295      0.454761      0.008622      0.139729      1.409561      -0.819868      0.815698      
296      0.455721      0.008982      0.140049      1.409419      -0.820220      0.816050      
297      0.456361      0.009282      0.140139      1.408909      -0.821480      0.817312      
298      0.456611      0.009422      0.140189      1.408813      -0.821717      0.817549      
299      0.457131      0.009692      0.140249      1.408226      -0.823168      0.819003      
300      0.457661      0.010022      0.140179      1.407646      -0.824596      0.820433      
301      0.458081      0.010382      0.140099      1.407295      -0.825459      0.821297      
302      0.458251      0.010812      0.140089      1.406910      -0.826406      0.822246      
303      0.458401      0.011492      0.140139      1.407301      -0.825444      0.821282      
304      0.458511      0.011962      0.140209      1.407810      -0.824191      0.820028      
305      0.458751      0.012382      0.140249      1.408455      -0.822603      0.818437      
306      0.458931      0.012642      0.140269      1.408421      -0.822687      0.818521      
307      0.459271      0.013002      0.140349      1.408442      -0.822633      0.818467      
308      0.459721      0.013372      0.140359      1.409983      -0.818822      0.814650      
309      0.460161      0.013792      0.140309      1.410712      -0.817011      0.812836      
310      0.460611      0.014222      0.140279      1.410595      -0.817302      0.813127      
311      0.461291      0.015012      0.140219      1.411623      -0.814742      0.810563      
312      0.461681      0.015602      0.140179      1.411132      -0.815964      0.811788      
313      0.462011      0.016042      0.140149      1.411313      -0.815514      0.811336      
314      0.462311      0.016392      0.140109      1.411457      -0.815154      0.810976      
315      0.462401      0.016522      0.140079      1.411699      -0.814551      0.810372      
316      0.462561      0.016722      0.140009      1.412617      -0.812258      0.808076      
317      0.462611      0.016832      0.139859      1.413902      -0.809032      0.804845      
318      0.462621      0.016892      0.139679      1.416114      -0.803450      0.799254      
319      0.462651      0.016962      0.139069      1.421467      -0.789754      0.785537      
320      0.462641      0.017052      0.138529      1.424219      -0.782611      0.778382      
321      0.462451      0.017132      0.138299      1.426342      -0.777049      0.772813      
322      0.462321      0.017242      0.138139      1.427931      -0.772858      0.768615      
323      0.462211      0.017302      0.138089      1.429372      -0.769033      0.764784      
324      0.462131      0.017332      0.138059      1.430379      -0.766350      0.762097      
325      0.462061      0.017322      0.138009      1.432589      -0.760422      0.756160      
326      0.462041      0.017322      0.137989      1.433410      -0.758205      0.753940      
327      0.462001      0.017322      0.137969      1.435928      -0.751369      0.747094      
328      0.461621      0.017402      0.137879      1.440155      -0.739730      0.735438      
329      0.461271      0.017482      0.137879      1.443051      -0.731641      0.727337      
330      0.460951      0.017562      0.137869      1.446897      -0.720741      0.716422      
331      0.460741      0.017552      0.137819      1.450951      -0.709057      0.704721      
332      0.460521      0.017492      0.137729      1.454323      -0.699174      0.694825      
333      0.460231      0.017422      0.137579      1.457453      -0.689863      0.685501      
334      0.459861      0.017342      0.137429      1.460375      -0.681048      0.676674      
335      0.459461      0.017292      0.137099      1.462347      -0.675028      0.670646      
336      0.459141      0.017192      0.136929      1.464069      -0.669723      0.665334      
337      0.458961      0.017022      0.136759      1.466246      -0.662950      0.658552      
338      0.458831      0.016932      0.136619      1.468307      -0.656468      0.652062      
339      0.458711      0.016872      0.136519      1.471962      -0.644803      0.640381      
340      0.458611      0.016822      0.136419      1.476824      -0.628927      0.624484      
341      0.458631      0.016722      0.136389      1.481692      -0.612588      0.608126      
342      0.458711      0.016592      0.136359      1.483898      -0.605029      0.600557      
343      0.458891      0.016502      0.136409      1.484012      -0.604635      0.600162      
344      0.459181      0.016372      0.136449      1.482953      -0.608279      0.603811      
345      0.459541      0.016232      0.136449      1.482100      -0.611196      0.606731      
346      0.459991      0.016042      0.136449      1.480821      -0.615543      0.611084      
347      0.460441      0.015872      0.136449      1.479956      -0.618466      0.614011      
348      0.461101      0.015622      0.136489      1.479772      -0.619085      0.614630      
349      0.461271      0.015562      0.136499      1.479825      -0.618907      0.614452      
350      0.461581      0.015502      0.136509      1.480089      -0.618018      0.613562      
351      0.461951      0.015412      0.136489      1.481157      -0.614406      0.609946      
352      0.462761      0.015292      0.136479      1.482779      -0.608875      0.604408      
353      0.463871      0.015252      0.136169      1.484585      -0.602653      0.598179      
354      0.464861      0.015292      0.136089      1.485938      -0.597947      0.593467      
355      0.465891      0.015442      0.136029      1.486516      -0.595927      0.591444      
356      0.466931      0.015742      0.135829      1.486862      -0.594711      0.590227      
357      0.468041      0.016112      0.135559      1.487357      -0.592969      0.588483      
358      0.469681      0.016682      0.135079      1.488092      -0.590375      0.585885      
359      0.470771      0.017032      0.134799      1.490094      -0.583242      0.578743      
360      0.471081      0.017122      0.134819      1.491755      -0.577253      0.572747      
361      0.471391      0.017362      0.134909      1.493969      -0.569169      0.564654      
362      0.471431      0.017412      0.134929      1.496904      -0.558260      0.553732      
363      0.471421      0.017392      0.134929      1.499243      -0.549401      0.544864      
364      0.471371      0.017332      0.134899      1.501460      -0.540865      0.536318      
365      0.471321      0.017292      0.134879      1.504099      -0.530517      0.525958      
366      0.471321      0.017302      0.134879      1.505493      -0.524964      0.520399      
367      0.471321      0.017292      0.134879      1.506085      -0.522588      0.518020      
368      0.471331      0.017302      0.134889      1.507816      -0.515573      0.510997      
369      0.471361      0.017302      0.134899      1.509705      -0.507801      0.503218      
370      0.471401      0.017272      0.134909      1.511545      -0.500113      0.495521      
371      0.471411      0.017232      0.134909      1.513946      -0.489888      0.485285      
372      0.471451      0.017202      0.134919      1.515955      -0.481159      0.476548      
373      0.471631      0.017022      0.134929      1.518572      -0.469541      0.464917      
374      0.471771      0.016902      0.134949      1.520390      -0.461288      0.456656      
375      0.471921      0.016802      0.134959      1.522117      -0.453306      0.448666      
376      0.472031      0.016722      0.134979      1.523432      -0.447129      0.442483      
377      0.472181      0.016672      0.135009      1.524685      -0.441161      0.436509      
378      0.472451      0.016622      0.135059      1.525030      -0.439502      0.434848      
379      0.473081      0.016542      0.135219      1.526530      -0.432215      0.427554      
380      0.473811      0.016482      0.135419      1.528545      -0.422229      0.417559      
381      0.473921      0.016492      0.135459      1.528858      -0.420654      0.415982      
382      0.474061      0.016502      0.135499      1.529336      -0.418236      0.413563      
383      0.474091      0.016492      0.135509      1.529951      -0.415109      0.410433      
384      0.474101      0.016492      0.135509      1.530150      -0.414095      0.409418      
385      0.474131      0.016492      0.135519      1.530546      -0.412060      0.407380      
386      0.474151      0.016482      0.135509      1.530745      -0.411038      0.406358      
387      0.474211      0.016492      0.135549      1.531286      -0.408238      0.403555      
388      0.474311      0.016532      0.135589      1.532242      -0.403237      0.398550      
389      0.474481      0.016562      0.135649      1.533519      -0.396465      0.391771      
390      0.474791      0.016532      0.135739      1.534454      -0.391423      0.386725      
391      0.475011      0.016562      0.135829      1.535259      -0.387037      0.382335      
392      0.475191      0.016582      0.135889      1.536316      -0.381190      0.376482      
393      0.475321      0.016582      0.135939      1.537388      -0.375170      0.370457      
394      0.475511      0.016572      0.135989      1.538551      -0.368524      0.363806      
395      0.475731      0.016562      0.136049      1.539277      -0.364315      0.359593      
396      0.476121      0.016522      0.136159      1.540051      -0.359768      0.355042      
397      0.476511      0.016452      0.136269      1.540276      -0.358440      0.353713      
398      0.476891      0.016412      0.136359      1.540506      -0.357073      0.352345      
399      0.477081      0.016442      0.136419      1.540578      -0.356643      0.351915      
400      0.477441      0.016432      0.136519      1.540820      -0.355198      0.350468      
401      0.477671      0.016382      0.136579      1.541175      -0.353065      0.348334      
402      0.478091      0.016302      0.136669      1.541520      -0.350979      0.346246      
403      0.478351      0.016252      0.136719      1.541831      -0.349088      0.344353      
404      0.478821      0.016192      0.136819      1.542310      -0.346157      0.341420      
405      0.479211      0.016172      0.136909      1.542672      -0.343930      0.339191      
406      0.479561      0.016172      0.137009      1.543220      -0.340523      0.335781      
407      0.480131      0.016102      0.137119      1.543701      -0.337498      0.332753      
408      0.480721      0.016062      0.137239      1.543981      -0.335731      0.330985      
409      0.481161      0.016102      0.137349      1.544638      -0.331541      0.326792      
410      0.481401      0.016142      0.137419      1.545114      -0.328468      0.323717      
411      0.481761      0.016152      0.137499      1.545458      -0.326232      0.321479      
412      0.481901      0.016142      0.137529      1.545708      -0.324598      0.319843      
413      0.482271      0.016072      0.137579      1.546222      -0.321204      0.316447      
414      0.482641      0.015992      0.137659      1.546898      -0.316692      0.311931      
415      0.483091      0.015952      0.137729      1.547336      -0.313735      0.308972      
416      0.483401      0.015932      0.137779      1.547914      -0.309785      0.305019      
417      0.483701      0.015872      0.137829      1.548427      -0.306234      0.301465      
418      0.483821      0.015892      0.137849      1.549246      -0.300484      0.295710      
419      0.483961      0.015912      0.137869      1.549419      -0.299256      0.294481      
420      0.484101      0.015962      0.137909      1.549865      -0.296055      0.291278      
421      0.484201      0.015972      0.137909      1.549912      -0.295719      0.290942      
422      0.484361      0.016002      0.137949      1.550694      -0.290030      0.285249      
423      0.484551      0.016052      0.137999      1.551404      -0.284763      0.279978      
424      0.484811      0.016102      0.138059      1.552202      -0.278720      0.273930      
425      0.485041      0.016212      0.138099      1.553131      -0.271526      0.266731      
426      0.485241      0.016342      0.138159      1.554075      -0.264002      0.259201      
427      0.485361      0.016422      0.138199      1.554388      -0.261465      0.256663      
428      0.485551      0.016492      0.138229      1.554504      -0.260517      0.255714      
429      0.485631      0.016522      0.138249      1.554588      -0.259828      0.255025      
430      0.485741      0.016552      0.138259      1.554779      -0.258254      0.253450      
431      0.485841      0.016562      0.138279      1.554840      -0.257745      0.252940      
432      0.486131      0.016602      0.138329      1.554997      -0.256445      0.251639      
433      0.486311      0.016642      0.138339      1.555166      -0.255035      0.250229      
434      0.486501      0.016682      0.138369      1.555665      -0.250830      0.246020      
435      0.487101      0.016732      0.138489      1.556358      -0.244861      0.240047      
436      0.487591      0.016722      0.138579      1.557094      -0.238359      0.233541      
437      0.487831      0.016702      0.138619      1.557704      -0.232836      0.228014      
438      0.487851      0.016732      0.138629      1.558183      -0.228409      0.223584      
439      0.487851      0.016732      0.138629      1.558417      -0.226207      0.221381      
440      0.487741      0.016662      0.138589      1.558734      -0.223198      0.218370      
441      0.487691      0.016572      0.138549      1.559127      -0.219413      0.214582      
442      0.487621      0.016412      0.138499      1.559647      -0.214287      0.209454      
443      0.487611      0.016302      0.138449      1.560310      -0.207586      0.202748      
444      0.487611      0.016222      0.138439      1.560837      -0.202091      0.197250      
445      0.487591      0.016192      0.138429      1.561278      -0.197379      0.192535      
446      0.487591      0.016192      0.138429      1.561665      -0.193153      0.188307      
447      0.487591      0.016192      0.138429      1.561999      -0.189429      0.184581      
448      0.487591      0.016162      0.138429      1.562101      -0.188277      0.183427      
449      0.487701      0.016102      0.138419      1.562365      -0.185258      0.180407      
450      0.487861      0.016042      0.138429      1.562863      -0.179432      0.174577      
451      0.487941      0.016012      0.138439      1.563084      -0.176797      0.171941      
452      0.488001      0.016012      0.138449      1.563235      -0.174962      0.170105      
453      0.488051      0.015992      0.138439      1.563396      -0.172985      0.168127      
454      0.488061      0.016002      0.138449      1.563647      -0.169864      0.165004      
455      0.488131      0.016002      0.138469      1.563852      -0.167276      0.162414      
456      0.488251      0.015982      0.138479      1.564138      -0.163582      0.158718      
457      0.488321      0.015952      0.138479      1.564255      -0.162060      0.157195      
458      0.488541      0.015842      0.138489      1.564905      -0.153267      0.148397      
459      0.488701      0.015802      0.138509      1.565062      -0.151062      0.146192      
460      0.488931      0.015732      0.138519      1.565118      -0.150278      0.145407      
461      0.489061      0.015722      0.138529      1.565152      -0.149799      0.144928      
462      0.489121      0.015752      0.138549      1.565255      -0.148317      0.143445      
463      0.489151      0.015762      0.138549      1.565400      -0.146222      0.141349      
464      0.489171      0.015772      0.138559      1.565456      -0.145414      0.140540      
465      0.489251      0.015742      0.138569      1.565578      -0.143609      0.138735      
466      0.489351      0.015702      0.138579      1.565623      -0.142935      0.138060      
467      0.489491      0.015662      0.138589      1.565717      -0.141538      0.136663      
468      0.489501      0.015622      0.138569      1.565949      -0.138000      0.133122      
469      0.489551      0.015602      0.138579      1.566087      -0.135850      0.130971      
470      0.489571      0.015602      0.138569      1.566255      -0.133198      0.128318      
471      0.489571      0.015602      0.138569      1.566535      -0.128647      0.123765      
472      0.489431      0.015522      0.138519      1.566905      -0.122385      0.117500      
473      0.489401      0.015462      0.138519      1.567154      -0.117967      0.113079      
474      0.489251      0.015442      0.138499      1.567373      -0.113965      0.109075      
475      0.489181      0.015442      0.138479      1.567697      -0.107757      0.102864      
476      0.489161      0.015432      0.138489      1.567652      -0.108636      0.103744      
477      0.489171      0.015422      0.138489      1.567783      -0.106054      0.101160      
478      0.489161      0.015432      0.138489      1.567833      -0.105041      0.100147      
479      0.489171      0.015422      0.138489      1.568019      -0.101227      0.096331      
480      0.489181      0.015422      0.138479      1.568076      -0.100026      0.095130      
481      0.489251      0.015432      0.138499      1.568223      -0.096847      0.091949      
482      0.489351      0.015502      0.138529      1.568238      -0.096533      0.091635      
483      0.489411      0.015532      0.138529      1.568220      -0.096925      0.092028      
484      0.489501      0.015572      0.138539      1.568238      -0.096525      0.091627      
485      0.489581      0.015622      0.138559      1.568266      -0.095905      0.091007      
486      0.489591      0.015612      0.138569      1.568370      -0.093590      0.088691      
487      0.489601      0.015592      0.138549      1.568425      -0.092326      0.087426      
488      0.489711      0.015542      0.138569      1.568596      -0.088323      0.083421      
489      0.489781      0.015502      0.138569      1.568624      -0.087655      0.082754      
490      0.489851      0.015502      0.138579      1.568791      -0.083534      0.078631      
491      0.489871      0.015502      0.138579      1.568870      -0.081501      0.076597      
492      0.489891      0.015482      0.138589      1.568986      -0.078455      0.073549      
493      0.489921      0.015472      0.138599      1.569097      -0.075409      0.070502      
494      0.489981      0.015452      0.138599      1.569283      -0.070016      0.065107      
495      0.490051      0.015412      0.138599      1.569369      -0.067394      0.062483      
496      0.490081      0.015272      0.138569      1.569505      -0.063013      0.058101      
497      0.490091      0.015262      0.138569      1.569638      -0.058405      0.053490      
498      0.490081      0.015242      0.138569      1.569725      -0.055201      0.050286      
499      0.490081      0.015232      0.138569      1.569836      -0.050836      0.045919      
500      0.490081      0.015232      0.138569      1.569857      -0.049972      0.045055      
501      0.490081      0.015232      0.138569      1.569910      -0.047711      0.042793      
502      0.490101      0.015202      0.138559      1.569987      -0.044233      0.039313      
503      0.490161      0.015142      0.138569      1.570044      -0.041453      0.036532      
504      0.490251      0.015162      0.138559      1.570097      -0.038744      0.033823      
505      0.490271      0.015182      0.138579      1.570134      -0.036703      0.031780      
506      0.490301      0.015162      0.138579      1.570168      -0.034756      0.029832      
507      0.490341      0.015132      0.138579      1.570219      -0.031654      0.026730      
508      0.490361      0.015122      0.138569      1.570231      -0.030814      0.025889      
509      0.490371      0.015132      0.138579      1.570265      -0.028498      0.023572      
510      0.490401      0.015132      0.138589      1.570290      -0.026699      0.021773      
511      0.490401      0.015122      0.138589      1.570331      -0.023386      0.018458      
512      0.490411      0.015092      0.138589      1.570355      -0.021234      0.016306      
513      0.490411      0.015072      0.138589      1.570367      -0.020127      0.015199      
514      0.490441      0.015022      0.138579      1.570368      -0.020009      0.015081      
515      0.490531      0.014962      0.138589      1.570374      -0.019357      0.014429      
516      0.490581      0.014912      0.138589      1.570382      -0.018557      0.013628      
517      0.490601      0.014882      0.138589      1.570391      -0.017575      0.012646      
518      0.490591      0.014832      0.138589      1.570400      -0.016562      0.011632      
519      0.490541      0.014732      0.138549      1.570428      -0.012942      0.008011      
520      0.490501      0.014572      0.138529      1.570453      -0.008521      0.003589      
521      0.490471      0.014462      0.138499      1.570467      -0.005121      0.000187      
522      0.490481      0.014352      0.138489      1.570477      -0.000857      -0.004078      
523      0.490541      0.014302      0.138479      1.570478      0.002158      -0.007094      
524      0.490561      0.014322      0.138509      1.570478      0.003148      -0.008084      
525      0.490591      0.014332      0.138529      1.570474      0.006297      -0.011234      
526      0.490591      0.014332      0.138529      1.570472      0.007215      -0.012153      
527      0.490611      0.014272      0.138549      1.570469      0.008103      -0.013041      
528      0.490651      0.014182      0.138539      1.570462      0.010294      -0.015232      
529      0.490681      0.014112      0.138559      1.570464      0.009838      -0.014777      
530      0.490711      0.014102      0.138569      1.570460      0.010836      -0.015774      
531      0.490881      0.014052      0.138649      1.570454      0.012178      -0.017117      
532      0.491031      0.013982      0.138699      1.570448      0.013325      -0.018264      
533      0.491091      0.013962      0.138729      1.570444      0.014094      -0.019034      
534      0.491211      0.013882      0.138789      1.570447      0.013498      -0.018437      
535      0.491261      0.013802      0.138819      1.570436      0.015469      -0.020409      
536      0.491281      0.013742      0.138839      1.570436      0.015437      -0.020377      
537      0.491371      0.013632      0.138859      1.570431      0.016215      -0.021155      
538      0.491451      0.013462      0.138889      1.570427      0.016694      -0.021634      
539      0.491641      0.013212      0.138949      1.570420      0.017785      -0.022726      
540      0.492181      0.013052      0.139119      1.570437      0.015264      -0.020204      
541      0.492581      0.012932      0.139139      1.570438      0.015084      -0.020024      
542      0.492651      0.012882      0.139149      1.570441      0.014581      -0.019521      
543      0.492641      0.012912      0.139139      1.570433      0.015924      -0.020864      
544      0.492491      0.012992      0.139129      1.570419      0.017927      -0.022867      
545      0.492481      0.013002      0.139109      1.570410      0.019073      -0.024014      
546      0.492521      0.012962      0.139109      1.570392      0.021123      -0.026064      
547      0.492561      0.012942      0.139109      1.570385      0.021994      -0.026936      
548      0.492561      0.012942      0.139109      1.570352      0.025237      -0.030180      
549      0.492561      0.012942      0.139109      1.570338      0.026517      -0.031461      
550      0.492561      0.012942      0.139109      1.570337      0.026557      -0.031500      
551      0.492561      0.012942      0.139109      1.570322      0.027876      -0.032819      
552      0.492561      0.012942      0.139109      1.570305      0.029234      -0.034178      
553      0.492561      0.012942      0.139109      1.570287      0.030624      -0.035569      
554      0.492561      0.012942      0.139109      1.570265      0.032258      -0.037202      
555      0.492561      0.012942      0.139109      1.570268      0.032038      -0.036982      
556      0.492561      0.012942      0.139109      1.570221      0.035226      -0.040171      
557      0.492561      0.012942      0.139109      1.570190      0.037134      -0.042080      
558      0.492561      0.012942      0.139109      1.570166      0.038618      -0.043565      
559      0.492561      0.012942      0.139109      1.570136      0.040330      -0.045277      
560      0.492561      0.012942      0.139109      1.570088      0.042937      -0.047885      
561      0.492561      0.012942      0.139109      1.570058      0.044460      -0.049408      
562      0.492561      0.012942      0.139109      1.569980      0.048253      -0.053202      
563      0.492561      0.012942      0.139109      1.569912      0.051347      -0.056297      
564      0.492561      0.012942      0.139109      1.569861      0.053499      -0.058449      
565      0.492561      0.012942      0.139109      1.569820      0.055202      -0.060153      
566      0.492561      0.012942      0.139109      1.569743      0.058241      -0.063193      
567      0.492561      0.012942      0.139109      1.569700      0.059835      -0.064787      
568      0.492561      0.012942      0.139109      1.569678      0.060668      -0.065619      
569      0.492561      0.012942      0.139109      1.569624      0.062631      -0.067583      
570      0.492561      0.012942      0.139109      1.569530      0.065881      -0.070834      
571      0.492561      0.012942      0.139109      1.569472      0.067797      -0.072751      
572      0.492561      0.012942      0.139109      1.569485      0.067389      -0.072342      
573      0.492561      0.012942      0.139109      1.569397      0.070223      -0.075177      
574      0.492561      0.012942      0.139109      1.569369      0.071087      -0.076041      
575      0.492561      0.012942      0.139109      1.569319      0.072650      -0.077604      
576      0.492561      0.012942      0.139109      1.569260      0.074400      -0.079355      
577      0.492561      0.012942      0.139109      1.569226      0.075421      -0.080376      
578      0.492561      0.012942      0.139109      1.569211      0.075861      -0.080816      
579      0.492561      0.012942      0.139109      1.569182      0.076709      -0.081664      
580      0.492561      0.012942      0.139109      1.569149      0.077659      -0.082614      
581      0.492561      0.012942      0.139109      1.569121      0.078436      -0.083392      
582      0.492561      0.012942      0.139109      1.569066      0.079983      -0.084939      
583      0.492561      0.012942      0.139109      1.569063      0.080054      -0.085010      
584      0.492561      0.012942      0.139109      1.568987      0.082119      -0.087075      
585      0.492561      0.012942      0.139109      1.568930      0.083642      -0.088598      
586      0.492561      0.012942      0.139109      1.568898      0.084482      -0.089439      
587      0.492561      0.012942      0.139109      1.568868      0.085267      -0.090224      
588      0.492561      0.012942      0.139109      1.568759      0.088046      -0.093004      
589      0.492561      0.012942      0.139109      1.568715      0.089153      -0.094111      
590      0.492561      0.012942      0.139109      1.568632      0.091163      -0.096121      
591      0.492561      0.012942      0.139109      1.568550      0.093142      -0.098100      
592      0.492561      0.012942      0.139109      1.568419      0.096188      -0.101147      
593      0.492561      0.012942      0.139109      1.568352      0.097711      -0.102670      
594      0.492561      0.012942      0.139109      1.568315      0.098535      -0.103495      
595      0.492561      0.012942      0.139109      1.568172      0.101675      -0.106635      
596      0.492561      0.012942      0.139109      1.568069      0.103889      -0.108850      
597      0.492561      0.012942      0.139109      1.567979      0.105765      -0.110726      
598      0.492561      0.012942      0.139109      1.567898      0.107430      -0.112391      
599      0.492561      0.012942      0.139109      1.567858      0.108262      -0.113223      
600      0.492561      0.012942      0.139109      1.567824      0.108937      -0.113898      
601      0.492561      0.012942      0.139109      1.567785      0.109722      -0.114683      
602      0.492561      0.012942      0.139109      1.567781      0.109800      -0.114762      
603      0.492561      0.012942      0.139109      1.567739      0.110640      -0.115602      
604      0.492561      0.012942      0.139109      1.567701      0.111394      -0.116356      
605      0.492561      0.012942      0.139109      1.567677      0.111857      -0.116819      
606      0.492561      0.012942      0.139109      1.567577      0.113812      -0.118774      
607      0.492561      0.012942      0.139109      1.567379      0.117556      -0.122519      
608      0.492561      0.012942      0.139109      1.567274      0.119503      -0.124466      
609      0.492561      0.012942      0.139109      1.567162      0.121544      -0.126507      
610      0.492561      0.012942      0.139109      1.567039      0.123741      -0.128705      
611      0.492561      0.012942      0.139109      1.566992      0.124566      -0.129529      
612      0.492561      0.012942      0.139109      1.566925      0.125751      -0.130715      
613      0.492561      0.012942      0.139109      1.566827      0.127438      -0.132402      
614      0.492561      0.012942      0.139109      1.566728      0.129126      -0.134090      
615      0.492561      0.012942      0.139109      1.566628      0.130813      -0.135778      
616      0.492561      0.012942      0.139109      1.566515      0.132689      -0.137654      
617      0.492561      0.012942      0.139109      1.566330      0.135703      -0.140668      
618      0.492561      0.012942      0.139109      1.566139      0.138748      -0.143714      
619      0.492561      0.012942      0.139109      1.566081      0.139659      -0.144624      
620      0.492561      0.012942      0.139109      1.565988      0.141111      -0.146076      
621      0.492561      0.012942      0.139109      1.565946      0.141770      -0.146736      
622      0.492561      0.012942      0.139109      1.565884      0.142712      -0.147678      
623      0.492561      0.012942      0.139109      1.565627      0.146596      -0.151563      
624      0.492561      0.012942      0.139109      1.565599      0.147012      -0.151979      
625      0.492561      0.012942      0.139109      1.565479      0.148786      -0.153752      
626      0.492561      0.012942      0.139109      1.565364      0.150465      -0.155432      
627      0.492561      0.012942      0.139109      1.565323      0.151062      -0.156028      
628      0.492561      0.012942      0.139109      1.565336      0.150873      -0.155840      
629      0.492561      0.012942      0.139109      1.565285      0.151611      -0.156578      
630      0.492561      0.012942      0.139109      1.565256      0.152027      -0.156994      
631      0.492561      0.012942      0.139109      1.565332      0.150936      -0.155903      
632      0.492561      0.012942      0.139109      1.565444      0.149304      -0.154270      
633      0.492561      0.012942      0.139109      1.565386      0.150151      -0.155118      
634      0.492561      0.012942      0.139109      1.565421      0.149633      -0.154600      
635      0.492561      0.012942      0.139109      1.565449      0.149225      -0.154192      
636      0.492561      0.012942      0.139109      1.565485      0.148700      -0.153666      
637      0.492561      0.012942      0.139109      1.565466      0.148982      -0.153949      
638      0.492561      0.012942      0.139109      1.565478      0.148809      -0.153776      
639      0.492561      0.012942      0.139109      1.565386      0.150143      -0.155110      
640      0.492561      0.012942      0.139109      1.565310      0.151242      -0.156209      
641      0.492561      0.012942      0.139109      1.565241      0.152239      -0.157206      
642      0.492561      0.012942      0.139109      1.565182      0.153078      -0.158045      
643      0.492561      0.012942      0.139109      1.564974      0.156021      -0.160988      
644      0.492561      0.012942      0.139109      1.564855      0.157685      -0.162652      
645      0.492561      0.012942      0.139109      1.564639      0.160643      -0.165610      
646      0.492561      0.012942      0.139109      1.564495      0.162589      -0.167556      
647      0.492561      0.012942      0.139109      1.564444      0.163271      -0.168239      
648      0.492561      0.012942      0.139109      1.564406      0.163773      -0.168741      
649      0.492561      0.012942      0.139109      1.564355      0.164456      -0.169424      
650      0.492561      0.012942      0.139109      1.564323      0.164872      -0.169840      
651      0.492561      0.012942      0.139109      1.564285      0.165382      -0.170350      
652      0.492561      0.012942      0.139109      1.564220      0.166237      -0.171205      
653      0.492561      0.012942      0.139109      1.564173      0.166849      -0.171817      
654      0.492561      0.012942      0.139109      1.564142      0.167249      -0.172217      
655      0.492561      0.012942      0.139109      1.564115      0.167602      -0.172571      
656      0.492561      0.012942      0.139109      1.564003      0.169054      -0.174022      
657      0.492561      0.012942      0.139109      1.563972      0.169454      -0.174422      
658      0.492561      0.012942      0.139109      1.563877      0.170678      -0.175646      
659      0.492561      0.012942      0.139109      1.563675      0.173228      -0.178196      
660      0.492561      0.012942      0.139109      1.563657      0.173455      -0.178424      
661      0.492561      0.012942      0.139109      1.563534      0.174993      -0.179962      
662      0.492561      0.012942      0.139109      1.563436      0.176209      -0.181178      
663      0.492561      0.012942      0.139109      1.563394      0.176735      -0.181703      
664      0.492561      0.012942      0.139109      1.563261      0.178359      -0.183327      
665      0.492561      0.012942      0.139109      1.563221      0.178845      -0.183814      
666      0.492561      0.012942      0.139109      1.563108      0.180226      -0.185195      
667      0.492561      0.012942      0.139109      1.562781      0.184132      -0.189102      
668      0.492561      0.012942      0.139109      1.562661      0.185544      -0.190514      
669      0.492561      0.012942      0.139109      1.562471      0.187764      -0.192734      
670      0.492561      0.012942      0.139109      1.562348      0.189184      -0.194153      
671      0.492561      0.012942      0.139109      1.562280      0.189961      -0.194930      
672      0.492561      0.012942      0.139109      1.562141      0.191545      -0.196514      
673      0.492561      0.012942      0.139109      1.561993      0.193223      -0.198193      
674      0.492561      0.012942      0.139109      1.561971      0.193467      -0.198436      
675      0.492561      0.012942      0.139109      1.561972      0.193451      -0.198421      
676      0.492561      0.012942      0.139109      1.561845      0.194878      -0.199848      
677      0.492561      0.012942      0.139109      1.561823      0.195122      -0.200091      
678      0.492561      0.012942      0.139109      1.561839      0.194941      -0.199911      
679      0.492561      0.012942      0.139109      1.561903      0.194227      -0.199197      
680      0.492561      0.012942      0.139109      1.561820      0.195153      -0.200123      
681      0.492561      0.012942      0.139109      1.561829      0.195059      -0.200029      
682      0.492561      0.012942      0.139109      1.561837      0.194973      -0.199942      
683      0.492561      0.012942      0.139109      1.561882      0.194463      -0.199432      
684      0.492561      0.012942      0.139109      1.561798      0.195404      -0.200374      
685      0.492561      0.012942      0.139109      1.561728      0.196180      -0.201150      
686      0.492561      0.012942      0.139109      1.561675      0.196769      -0.201738      
687      0.492561      0.012942      0.139109      1.561346      0.200369      -0.205338      
688      0.492561      0.012942      0.139109      1.561348      0.200353      -0.205323      
689      0.492561      0.012942      0.139109      1.561333      0.200510      -0.205480      
690      0.492561      0.012942      0.139109      1.561333      0.200510      -0.205480      
691      0.492561      0.012942      0.139109      1.561549      0.198157      -0.203127      
692      0.492561      0.012942      0.139109      1.561585      0.197757      -0.202727      
693      0.492561      0.012942      0.139109      1.561698      0.196510      -0.201480      
694      0.492561      0.012942      0.139109      1.561866      0.194643      -0.199613      
695      0.492561      0.012942      0.139109      1.562367      0.188956      -0.193926      
696      0.492561      0.012942      0.139109      1.562752      0.184470      -0.189439      
697      0.492561      0.012942      0.139109      1.562852      0.183285      -0.188254      
698      0.492561      0.012942      0.139109      1.563137      0.179873      -0.184842      
699      0.492561      0.012942      0.139109      1.563317      0.177676      -0.182645      
700      0.492561      0.012942      0.139109      1.563486      0.175597      -0.180566      
701      0.492561      0.012942      0.139109      1.563595      0.174240      -0.179208      
702      0.492561      0.012942      0.139109      1.563605      0.174106      -0.179075      
703      0.492561      0.012942      0.139109      1.563561      0.174656      -0.179624      
704      0.492561      0.012942      0.139109      1.563612      0.174020      -0.178989      
705      0.492561      0.012942      0.139109      1.563576      0.174475      -0.179444      
706      0.492561      0.012942      0.139109      1.563683      0.173126      -0.178094      
707      0.492561      0.012942      0.139109      1.563750      0.172286      -0.177255      
708      0.492561      0.012942      0.139109      1.563751      0.172278      -0.177247      
709      0.492561      0.012942      0.139109      1.563678      0.173189      -0.178157      
710      0.492561      0.012942      0.139109      1.563610      0.174044      -0.179012      
711      0.492561      0.012942      0.139109      1.563440      0.176162      -0.181131      
712      0.492561      0.012942      0.139109      1.563260      0.178374      -0.183343      
713      0.492561      0.012942      0.139109      1.563241      0.178602      -0.183571      
714      0.492561      0.012942      0.139109      1.563112      0.180179      -0.185148      
715      0.492561      0.012942      0.139109      1.563011      0.181395      -0.186364      
716      0.492561      0.012942      0.139109      1.562838      0.183450      -0.188419      
717      0.492561      0.012942      0.139109      1.562587      0.186415      -0.191384      
718      0.492561      0.012942      0.139109      1.562589      0.186384      -0.191353      
719      0.492561      0.012942      0.139109      1.562361      0.189035      -0.194004      
720      0.492561      0.012942      0.139109      1.562343      0.189239      -0.194208      
721      0.492561      0.012942      0.139109      1.562460      0.187890      -0.192859      
722      0.492561      0.012942      0.139109      1.562432      0.188211      -0.193181      
723      0.492561      0.012942      0.139109      1.562433      0.188196      -0.193165      
724      0.492561      0.012942      0.139109      1.562337      0.189309      -0.194279      
725      0.492561      0.012942      0.139109      1.562257      0.190227      -0.195197      
726      0.492561      0.012942      0.139109      1.562004      0.193098      -0.198068      
727      0.492561      0.012942      0.139109      1.561555      0.198086      -0.203056      
728      0.492561      0.012942      0.139109      1.561027      0.203804      -0.208774      
729      0.492561      0.012942      0.139109      1.560502      0.209324      -0.214295      
730      0.492561      0.012942      0.139109      1.559390      0.220561      -0.225531      
731      0.492561      0.012942      0.139109      1.558353      0.230533      -0.235503      
732      0.492561      0.012942      0.139109      1.557847      0.235252      -0.240222      
733      0.492561      0.012942      0.139109      1.556169      0.250230      -0.255199      
734      0.492561      0.012942      0.139109      1.555647      0.254713      -0.259682      
735      0.492561      0.012942      0.139109      1.555231      0.258223      -0.263192      
736      0.492561      0.012942      0.139109      1.555039      0.259829      -0.264798      
737      0.492561      0.012942      0.139109      1.554884      0.261114      -0.266083      
738      0.492561      0.012942      0.139109      1.554872      0.261216      -0.266185      
739      0.492561      0.012942      0.139109      1.554965      0.260440      -0.265409      
740      0.492561      0.012942      0.139109      1.555329      0.257400      -0.262369      
741      0.492561      0.012942      0.139109      1.555710      0.254172      -0.259141      
742      0.492561      0.012942      0.139109      1.556004      0.251656      -0.256626      
743      0.492561      0.012942      0.139109      1.556062      0.251155      -0.256124      
744      0.492561      0.012942      0.139109      1.556412      0.248122      -0.253091      
745      0.492561      0.012942      0.139109      1.556547      0.246939      -0.251908      
746      0.492561      0.012942      0.139109      1.556665      0.245904      -0.250874      
747      0.492561      0.012942      0.139109      1.556899      0.243827      -0.248797      
748      0.492561      0.012942      0.139109      1.556799      0.244713      -0.249682      
749      0.492561      0.012942      0.139109      1.556954      0.243341      -0.248311      
750      0.492561      0.012942      0.139109      1.556741      0.245230      -0.250200      
751      0.492561      0.012942      0.139109      1.556979      0.243114      -0.248084      
752      0.492561      0.012942      0.139109      1.557033      0.242636      -0.247606      
753      0.492561      0.012942      0.139109      1.556924      0.243608      -0.248577      
754      0.492561      0.012942      0.139109      1.557179      0.241327      -0.246297      
755      0.492561      0.012942      0.139109      1.557398      0.239352      -0.244322      
756      0.492561      0.012942      0.139109      1.557883      0.234915      -0.239885      
757      0.492561      0.012942      0.139109      1.558767      0.226606      -0.231576      
758      0.492561      0.012942      0.139109      1.560245      0.211975      -0.216945      
759      0.492561      0.012942      0.139109      1.561189      0.202063      -0.207032      
760      0.492561      0.012942      0.139109      1.562176      0.191153      -0.196122      
761      0.492561      0.012942      0.139109      1.562893      0.182807      -0.187776      
762      0.492561      0.012942      0.139109      1.563471      0.175778      -0.180746      
763      0.492561      0.012942      0.139109      1.564096      0.167853      -0.172822      
764      0.492561      0.012942      0.139109      1.564676      0.160133      -0.165100      
765      0.492561      0.012942      0.139109      1.565213      0.152639      -0.157606      
766      0.492561      0.012942      0.139109      1.565932      0.141974      -0.146940      
767      0.492561      0.012942      0.139109      1.566712      0.129401      -0.134365      
768      0.492561      0.012942      0.139109      1.567717      0.111080      -0.116042      
769      0.492561      0.012942      0.139109      1.568858      0.085526      -0.090483      
770      0.492561      0.012942      0.139109      1.569504      0.066761      -0.071714      
771      0.492561      0.012942      0.139109      1.569967      0.048866      -0.053815      
772      0.492561      0.012942      0.139109      1.570229      0.034668      -0.039614      
773      0.492561      0.012942      0.139109      1.570412      0.018814      -0.023755      
774      0.492561      0.012942      0.139109      1.570443      0.014244      -0.019183      
775      0.492561      0.012942      0.139109      1.570475      0.005873      -0.010810      
776      0.492561      0.012942      0.139109      1.570473      -0.003024      -0.001910      
777      0.492561      0.012942      0.139109      1.570415      -0.014638      0.009708      
778      0.492561      0.012942      0.139109      1.570307      -0.025341      0.020414      
779      0.492561      0.012942      0.139109      1.570115      -0.037786      0.032864      
780      0.492561      0.012942      0.139109      1.569673      -0.057133      0.052218      
781      0.492561      0.012942      0.139109      1.569209      -0.072198      0.067290      
782      0.492561      0.012942      0.139109      1.568948      -0.079460      0.074555      
783      0.492561      0.012942      0.139109      1.568357      -0.093888      0.088989      
784      0.492561      0.012942      0.139109      1.567715      -0.107411      0.102519      
785      0.492561      0.012942      0.139109      1.567090      -0.119128      0.114241      
786      0.492561      0.012942      0.139109      1.566440      -0.130208      0.125327      
787      0.492561      0.012942      0.139109      1.565509      -0.144629      0.139755      
788      0.492561      0.012942      0.139109      1.564959      -0.152514      0.147644      
789      0.492561      0.012942      0.139109      1.564651      -0.156757      0.151890      
790      0.492561      0.012942      0.139109      1.564076      -0.164389      0.159526      
791      0.492561      0.012942      0.139109      1.563282      -0.174381      0.169524      
792      0.492561      0.012942      0.139109      1.562720      -0.181133      0.176280      
793      0.492561      0.012942      0.139109      1.561995      -0.189476      0.184628      
794      0.492561      0.012942      0.139109      1.560505      -0.205571      0.200732      
795      0.492561      0.012942      0.139109      1.559293      -0.217790      0.212959      
796      0.492561      0.012942      0.139109      1.558033      -0.229803      0.224980      
797      0.492561      0.012942      0.139109      1.557668      -0.233165      0.228343      
798      0.492131      0.012852      0.138889      1.556925      -0.239871      0.235054      
799      0.491481      0.012712      0.138749      1.556101      -0.247093      0.242281      
800      0.490711      0.012532      0.138869      1.555079      -0.255764      0.250958      
801      0.489491      0.012322      0.139019      1.552203      -0.278712      0.273923      
802      0.489081      0.012202      0.139319      1.549789      -0.296603      0.291827      
803      0.488491      0.012342      0.139079      1.546091      -0.322072      0.317315      
804      0.488071      0.012422      0.138919      1.543617      -0.338029      0.333285      
805      0.487881      0.012382      0.138839      1.542916      -0.342414      0.337674      
806      0.487211      0.012282      0.138699      1.541233      -0.352714      0.347982      
807      0.486471      0.012172      0.138679      1.539162      -0.364986      0.360265      
808      0.485871      0.012032      0.138599      1.537707      -0.373358      0.368644      
809      0.485171      0.011942      0.138609      1.535102      -0.387895      0.383194      
810      0.484761      0.011782      0.138559      1.533979      -0.393991      0.389295      
811      0.484461      0.011582      0.138629      1.533342      -0.397409      0.392716      
812      0.484101      0.011522      0.138589      1.532773      -0.400436      0.395746      
813      0.483911      0.011492      0.138519      1.532189      -0.403518      0.398831      
814      0.483361      0.011482      0.138529      1.531361      -0.407848      0.403164      
815      0.482721      0.011542      0.138569      1.530340      -0.413121      0.408442      
816      0.481621      0.011752      0.138399      1.528187      -0.424022      0.419354      
817      0.480931      0.011972      0.138199      1.526672      -0.431521      0.426860      
818      0.480521      0.012102      0.137929      1.524999      -0.439650      0.434996      
819      0.480241      0.012152      0.137619      1.523591      -0.446374      0.441727      
820      0.479751      0.012272      0.137049      1.521851      -0.454545      0.449906      
821      0.479011      0.012262      0.136589      1.519521      -0.465251      0.460623      
822      0.478651      0.012192      0.136429      1.518594      -0.469439      0.464815      
823      0.477631      0.012022      0.136109      1.516633      -0.478179      0.473564      
824      0.476951      0.011812      0.135949      1.514451      -0.487710      0.483105      
825      0.476271      0.011592      0.135859      1.512220      -0.497260      0.492665      
826      0.475701      0.011452      0.135809      1.510341      -0.505159      0.500572      
827      0.475091      0.011382      0.135839      1.508972      -0.510832      0.506252      
828      0.474491      0.011322      0.135859      1.507339      -0.517515      0.512942      
829      0.474041      0.011322      0.135859      1.505996      -0.522945      0.518378      
830      0.473411      0.011342      0.135689      1.504146      -0.530331      0.525771      
831      0.472631      0.011462      0.135639      1.501498      -0.540718      0.536170      
832      0.471581      0.011532      0.135459      1.499863      -0.547027      0.542487      
833      0.470401      0.011562      0.135359      1.498076      -0.553839      0.549306      
834      0.469231      0.011432      0.135149      1.495661      -0.562905      0.558383      
835      0.467951      0.011202      0.134859      1.493437      -0.571123      0.566610      
836      0.466671      0.010942      0.134549      1.490547      -0.581615      0.577115      
837      0.465561      0.010692      0.134239      1.488228      -0.589895      0.585405      
838      0.463951      0.010372      0.133869      1.485052      -0.601036      0.596559      
839      0.463001      0.010232      0.133799      1.483311      -0.607049      0.602579      
840      0.462531      0.010172      0.133749      1.482666      -0.609262      0.604795      
841      0.461711      0.010042      0.133759      1.481246      -0.614104      0.609644      
842      0.461031      0.009892      0.133879      1.480463      -0.616757      0.612300      
843      0.460361      0.009772      0.133979      1.479338      -0.620546      0.616094      
844      0.459721      0.009622      0.133999      1.478219      -0.624289      0.619841      
845      0.459121      0.009482      0.134009      1.476737      -0.629213      0.624771      
846      0.458301      0.009312      0.133919      1.473886      -0.638570      0.634140      
847      0.457551      0.009122      0.133829      1.472696      -0.642432      0.638007      
848      0.457131      0.009022      0.133839      1.472302      -0.643707      0.639283      
849      0.456291      0.008802      0.133749      1.471311      -0.646896      0.642477      
850      0.455531      0.008622      0.133679      1.468756      -0.655048      0.650640      
851      0.454741      0.008512      0.133749      1.465438      -0.665473      0.661078      
852      0.453851      0.008512      0.133749      1.461924      -0.676323      0.671943      
853      0.452931      0.008532      0.133679      1.459882      -0.682543      0.678171      
854      0.452041      0.008492      0.133559      1.458906      -0.685495      0.681127      
855      0.450881      0.008442      0.133479      1.457268      -0.690418      0.686056      
856      0.450321      0.008392      0.133399      1.455317      -0.696233      0.691879      
857      0.450141      0.008392      0.133399      1.454133      -0.699736      0.695387      
858      0.449771      0.008382      0.133399      1.452141      -0.705586      0.701246      
859      0.449431      0.008442      0.133379      1.450076      -0.711596      0.707264      
860      0.449001      0.008482      0.133309      1.448961      -0.714819      0.710492      
861      0.448471      0.008502      0.133239      1.448017      -0.717534      0.713211      
862      0.447711      0.008452      0.133139      1.446760      -0.721133      0.716814      
863      0.446241      0.008222      0.132939      1.445394      -0.725023      0.720710      
864      0.445231      0.008022      0.132779      1.444664      -0.727091      0.722781      
865      0.444381      0.007852      0.132609      1.442514      -0.733147      0.728845      
866      0.443961      0.007762      0.132539      1.441411      -0.736235      0.731938      
867      0.443171      0.007542      0.132399      1.438716      -0.743715      0.739429      
868      0.442421      0.007312      0.132299      1.436705      -0.749243      0.744965      
869      0.441721      0.007062      0.132239      1.435362      -0.752911      0.748639      
870      0.441131      0.006862      0.132169      1.433396      -0.758244      0.753979      
871      0.440371      0.006552      0.132109      1.430169      -0.766910      0.762658      
872      0.439951      0.006402      0.132019      1.428235      -0.772053      0.767809      
873      0.439561      0.006292      0.131949      1.426604      -0.776360      0.772122      
874      0.439381      0.006242      0.131879      1.425779      -0.778528      0.774293      
875      0.439141      0.006172      0.131729      1.423478      -0.784540      0.780315      
876      0.438971      0.006092      0.131619      1.421399      -0.789931      0.785713      
877      0.438621      0.006012      0.131529      1.420473      -0.792319      0.788105      
878      0.438421      0.005992      0.131469      1.418390      -0.797660      0.793455      
879      0.438211      0.006012      0.131359      1.415893      -0.804009      0.799813      
880      0.437741      0.005982      0.131239      1.413948      -0.808918      0.804730      
881      0.437131      0.005982      0.131119      1.410994      -0.816308      0.812132      
882      0.436671      0.005982      0.130979      1.408575      -0.822305      0.818138      
883      0.436461      0.005942      0.130939      1.407295      -0.825459      0.821297      
884      0.436001      0.005912      0.130729      1.404447      -0.832429      0.828278      
885      0.435631      0.005912      0.130679      1.402605      -0.836900      0.832757      
886      0.435291      0.005952      0.130599      1.400251      -0.842575      0.838441      
887      0.434971      0.005952      0.130419      1.398351      -0.847127      0.843001      
888      0.434701      0.005932      0.130319      1.397186      -0.849902      0.845780      
889      0.434431      0.005872      0.130239      1.396040      -0.852623      0.848505      
890      0.434311      0.005832      0.130199      1.395899      -0.852958      0.848841      
891      0.434041      0.005732      0.130129      1.395200      -0.854612      0.850497      
892      0.433961      0.005692      0.130099      1.394952      -0.855198      0.851085      
893      0.433891      0.005602      0.129979      1.394758      -0.855655      0.851543      
894      0.433711      0.005512      0.129949      1.394755      -0.855663      0.851550      
895      0.433541      0.005412      0.129869      1.394758      -0.855655      0.851543      
896      0.433371      0.005332      0.129789      1.393406      -0.858840      0.854732      
897      0.432971      0.005202      0.129599      1.392634      -0.860652      0.856548      
898      0.432791      0.005132      0.129459      1.393154      -0.859434      0.855327      
899      0.432541      0.005052      0.129489      1.392368      -0.861277      0.857173      
900      0.432421      0.005002      0.129469      1.393137      -0.859472      0.855365      
901      0.432361      0.004982      0.129419      1.393290      -0.859114      0.855007      
902      0.432341      0.004982      0.129399      1.392910      -0.860005      0.855899      
903      0.432271      0.004972      0.129359      1.393095      -0.859571      0.855465      
904      0.432151      0.004942      0.129299      1.393387      -0.858885      0.854778      
905      0.432041      0.004922      0.129249      1.393682      -0.858192      0.854084      
906      0.431991      0.004902      0.129229      1.393827      -0.857849      0.853740      
907      0.431981      0.004912      0.129229      1.395190      -0.854634      0.850520      
908      0.432001      0.004922      0.129239      1.396509      -0.851510      0.847391      
909      0.432001      0.004892      0.129239      1.395603      -0.853659      0.849543      
910      0.431991      0.004892      0.129229      1.395184      -0.854650      0.850535      
911      0.431981      0.004902      0.129269      1.395168      -0.854688      0.850574      
912      0.431981      0.004882      0.129309      1.395609      -0.853644      0.849528      
913      0.431971      0.004852      0.129369      1.396079      -0.852531      0.848414      
914      0.431971      0.004802      0.129569      1.394629      -0.855960      0.851848      
915      0.431701      0.004722      0.129739      1.393351      -0.858969      0.854862      
916      0.431231      0.004632      0.130029      1.389709      -0.867482      0.863389      
917      0.430811      0.004562      0.130169      1.385537      -0.877115      0.873038      
918      0.430571      0.004542      0.130259      1.382776      -0.883426      0.879360      
919      0.430461      0.004542      0.130149      1.377897      -0.894452      0.890405      
920      0.430401      0.004532      0.130109      1.375669      -0.899434      0.895395      
921      0.430341      0.004522      0.130129      1.374373      -0.902319      0.898285      
922      0.430351      0.004522      0.130099      1.373418      -0.904436      0.900406      
923      0.430231      0.004482      0.130089      1.371306      -0.909103      0.905081      
924      0.429951      0.004422      0.130079      1.368620      -0.914996      0.910984      
925      0.429711      0.004342      0.130069      1.366825      -0.918908      0.914903      
926      0.429541      0.004302      0.129999      1.363862      -0.925327      0.921333      
927      0.429391      0.004242      0.129849      1.360409      -0.932742      0.928761      
928      0.429181      0.004192      0.129739      1.357027      -0.939940      0.935972      
929      0.429101      0.004172      0.129709      1.355258      -0.943677      0.939716      
930      0.428881      0.004092      0.129519      1.352451      -0.949575      0.945625      
931      0.428761      0.004032      0.129449      1.351304      -0.951972      0.948026      
932      0.428711      0.003992      0.129409      1.349948      -0.954798      0.950858      
933      0.428621      0.003942      0.129359      1.347682      -0.959498      0.955566      
934      0.428471      0.003902      0.129249      1.346614      -0.961703      0.957775      
935      0.428401      0.003882      0.129149      1.345862      -0.963251      0.959326      
936      0.428361      0.003872      0.129139      1.344437      -0.966181      0.962261      
937      0.428311      0.003862      0.129139      1.344039      -0.966996      0.963078      
938      0.428111      0.003812      0.129139      1.344090      -0.966890      0.962972      
939      0.427861      0.003732      0.129129      1.343235      -0.968641      0.964726      
940      0.427721      0.003682      0.129129      1.343121      -0.968875      0.964961      
941      0.427671      0.003672      0.129129      1.343242      -0.968626      0.964711      
942      0.427601      0.003662      0.129139      1.343449      -0.968204      0.964288      
943      0.427541      0.003662      0.129139      1.343091      -0.968936      0.965021      
944      0.427491      0.003662      0.129139      1.344252      -0.966558      0.962639      
945      0.427411      0.003662      0.129139      1.344974      -0.965078      0.961157      
946      0.427351      0.003652      0.129139      1.345653      -0.963682      0.959757      
947      0.427161      0.003662      0.129129      1.346661      -0.961605      0.957677      
948      0.427071      0.003672      0.129129      1.346899      -0.961114      0.957185      
949      0.427011      0.003712      0.129119      1.348050      -0.958735      0.954801      
950      0.427001      0.003722      0.129119      1.347064      -0.960774      0.956845      
951      0.426991      0.003742      0.129119      1.346551      -0.961832      0.957904      
952      0.426961      0.003752      0.129119      1.347144      -0.960608      0.956678      
953      0.426941      0.003762      0.129119      1.347185      -0.960525      0.956595      
954      0.426891      0.003772      0.129119      1.346793      -0.961333      0.957405      
955      0.426841      0.003772      0.129119      1.345884      -0.963206      0.959281      
956      0.426801      0.003752      0.129119      1.345492      -0.964014      0.960090      
957      0.426641      0.003722      0.129129      1.341263      -0.972663      0.968756      
958      0.426571      0.003752      0.129129      1.340380      -0.974459      0.970555      
959      0.426491      0.003752      0.129129      1.339539      -0.976164      0.972263      
960      0.426451      0.003742      0.129119      1.339145      -0.976963      0.973063      
961      0.426311      0.003742      0.129119      1.337940      -0.979399      0.975504      
962      0.426171      0.003732      0.129129      1.337252      -0.980786      0.976894      
963      0.426101      0.003742      0.129129      1.337416      -0.980454      0.976561      
964      0.426061      0.003742      0.129129      1.337012      -0.981268      0.977377      
965      0.426061      0.003742      0.129129      1.336488      -0.982324      0.978434      
966      0.426041      0.003742      0.129129      1.336000      -0.983304      0.979416      
967      0.426041      0.003742      0.129119      1.335478      -0.984351      0.980466      
968      0.426031      0.003742      0.129119      1.334990      -0.985331      0.981447      
969      0.426031      0.003732      0.129119      1.333932      -0.987448      0.983569      
970      0.426031      0.003742      0.129119      1.331274      -0.992744      0.988874      
971      0.426061      0.003742      0.129119      1.327443      -1.000317      0.996461      
972      0.426061      0.003722      0.129119      1.323130      -1.008764      1.004925      
973      0.426081      0.003722      0.129119      1.321456      -1.012019      1.008187      
974      0.426111      0.003722      0.129129      1.321363      -1.012200      1.008367      
975      0.426161      0.003702      0.129129      1.321777      -1.011396      1.007561      
976      0.426191      0.003702      0.129129      1.321692      -1.011561      1.007727      
977      0.426311      0.003722      0.129119      1.321901      -1.011155      1.007320      
978      0.426421      0.003732      0.129119      1.322693      -1.009614      1.005776      
979      0.426421      0.003732      0.129119      1.323693      -1.007666      1.003825      
980      0.426421      0.003732      0.129119      1.324236      -1.006606      1.002763      
981      0.426421      0.003732      0.129119      1.324732      -1.005636      1.001791      
982      0.426421      0.003732      0.129119      1.325021      -1.005072      1.001225      
983      0.426421      0.003732      0.129119      1.325766      -1.003612      0.999763      
984      0.426421      0.003732      0.129119      1.326713      -1.001754      0.997901      
985      0.426421      0.003732      0.129119      1.326460      -1.002251      0.998399      
986      0.426421      0.003732      0.129119      1.326003      -1.003146      0.999296      
987      0.426421      0.003732      0.129119      1.325831      -1.003484      0.999635      
988      0.426421      0.003732      0.129119      1.325209      -1.004703      1.000856      
989      0.426421      0.003732      0.129119      1.325167      -1.004786      1.000939      
990      0.426421      0.003732      0.129119      1.324590      -1.005914      1.002069      
991      0.426421      0.003732      0.129119      1.322917      -1.009178      1.005339      
992      0.426421      0.003732      0.129119      1.324951      -1.005207      1.001361      
993      0.426421      0.003732      0.129119      1.324655      -1.005786      1.001941      
994      0.426421      0.003732      0.129119      1.323488      -1.008065      1.004224      
995      0.426421      0.003732      0.129119      1.324528      -1.006034      1.002190      
996      0.426421      0.003732      0.129119      1.323905      -1.007253      1.003411      
997      0.426421      0.003732      0.129119      1.323365      -1.008306      1.004465      
998      0.426421      0.003732      0.129119      1.323777      -1.007501      1.003659      
999      0.426421      0.003732      0.129119      1.324193      -1.006689      1.002846      
1000      0.426421      0.003732      0.129119      1.324109      -1.006854      1.003011      
1001      0.426421      0.003732      0.129119      1.324651      -1.005794      1.001949      
1002      0.426421      0.003732      0.129119      1.324609      -1.005876      1.002032      
1003      0.426421      0.003732      0.129119      1.324070      -1.006929      1.003087      
1004      0.426421      0.003732      0.129119      1.324070      -1.006929      1.003087      
1005      0.426421      0.003732      0.129119      1.324070      -1.006929      1.003087      
1006      0.426421      0.003732      0.129119      1.324070      -1.006929      1.003087      
1007      0.426421      0.003732      0.129119      1.324070      -1.006929      1.003087      
1008      0.426421      0.003732      0.129119      1.324567      -1.005959      1.002115      
1009      0.426421      0.003732      0.129119      1.325109      -1.004899      1.001052      
1010      0.426421      0.003732      0.129119      1.325647      -1.003846      0.999997      
1011      0.426421      0.003732      0.129119      1.325647      -1.003846      0.999997      
1012      0.426421      0.003732      0.129119      1.325647      -1.003846      0.999997      
1013      0.426421      0.003732      0.129119      1.326724      -1.001731      0.997879      
1014      0.426421      0.003732      0.129119      1.327218      -1.000761      0.996906      
1015      0.426421      0.003732      0.129119      1.327955      -0.999308      0.995451      
1016      0.426421      0.003732      0.129119      1.327336      -1.000528      0.996673      
1017      0.426421      0.003732      0.129119      1.327336      -1.000528      0.996673      
1018      0.426421      0.003732      0.129119      1.327336      -1.000528      0.996673      
1019      0.426421      0.003732      0.129119      1.326839      -1.001506      0.997653      
1020      0.426421      0.003732      0.129119      1.326843      -1.001498      0.997645      
1021      0.426421      0.003732      0.129119      1.326843      -1.001498      0.997645      
1022      0.426421      0.003732      0.129119      1.327336      -1.000528      0.996673      
1023      0.426421      0.003732      0.129119      1.326797      -1.001589      0.997736      
1024      0.426421      0.003732      0.129119      1.326260      -1.002642      0.998791      
1025      0.426421      0.003732      0.129119      1.325723      -1.003695      0.999846      
1026      0.426421      0.003732      0.129119      1.325186      -1.004748      1.000901      
1027      0.426421      0.003732      0.129119      1.324686      -1.005726      1.001881      
1028      0.426421      0.003732      0.129119      1.324686      -1.005726      1.001881      
1029      0.426421      0.003732      0.129119      1.325224      -1.004673      1.000826      
1030      0.426421      0.003732      0.129119      1.324686      -1.005726      1.001881      
1031      0.426421      0.003732      0.129119      1.324143      -1.006787      1.002944      
1032      0.426421      0.003732      0.129119      1.324143      -1.006787      1.002944      
1033      0.426421      0.003732      0.129119      1.323600      -1.007847      1.004006      
1034      0.426421      0.003732      0.129119      1.323643      -1.007764      1.003923      
1035      0.426421      0.003732      0.129119      1.323646      -1.007757      1.003915      
1036      0.426421      0.003732      0.129119      1.323600      -1.007847      1.004006      
1037      0.426421      0.003732      0.129119      1.324016      -1.007035      1.003192      
1038      0.426421      0.003732      0.129119      1.323889      -1.007283      1.003441      
1039      0.426421      0.003732      0.129119      1.323889      -1.007283      1.003441      
1040      0.426421      0.003732      0.129119      1.321719      -1.011508      1.007674      
1041      0.426421      0.003732      0.129119      1.321719      -1.011508      1.007674      
1042      0.426421      0.003732      0.129119      1.321719      -1.011508      1.007674      
1043      0.426421      0.003732      0.129119      1.322218      -1.010539      1.006703      
1044      0.426421      0.003732      0.129119      1.322218      -1.010539      1.006703      
1045      0.426421      0.003732      0.129119      1.322720      -1.009561      1.005724      
1046      0.426421      0.003732      0.129119      1.322589      -1.009817      1.005980      
1047      0.426421      0.003732      0.129119      1.323546      -1.007952      1.004111      
1048      0.426421      0.003732      0.129119      1.322956      -1.009103      1.005264      
1049      0.426421      0.003732      0.129119      1.322917      -1.009178      1.005339      
1050      0.426421      0.003732      0.129119      1.322917      -1.009178      1.005339      
1051      0.426421      0.003732      0.129119      1.321831      -1.011290      1.007456      
1052      0.426421      0.003732      0.129119      1.321831      -1.011290      1.007456      
1053      0.426421      0.003732      0.129119      1.322376      -1.010230      1.006394      
1054      0.426421      0.003732      0.129119      1.322373      -1.010238      1.006402      
1055      0.426421      0.003732      0.129119      1.322373      -1.010238      1.006402      
1056      0.426421      0.003732      0.129119      1.322373      -1.010238      1.006402      
1057      0.426421      0.003732      0.129119      1.321831      -1.011290      1.007456      
1058      0.426421      0.003732      0.129119      1.321332      -1.012260      1.008428      
1059      0.426421      0.003732      0.129119      1.321332      -1.012260      1.008428      
1060      0.426421      0.003732      0.129119      1.321332      -1.012260      1.008428      
1061      0.426421      0.003732      0.129119      1.321328      -1.012268      1.008435      
1062      0.426421      0.003732      0.129119      1.321328      -1.012268      1.008435      
1063      0.426421      0.003732      0.129119      1.321328      -1.012268      1.008435      
1064      0.426421      0.003732      0.129119      1.321874      -1.011208      1.007373      
1065      0.426421      0.003732      0.129119      1.321332      -1.012260      1.008428      
1066      0.426421      0.003732      0.129119      1.321328      -1.012268      1.008435      
1067      0.426421      0.003732      0.129119      1.321874      -1.011208      1.007373      
1068      0.426421      0.003732      0.129119      1.321332      -1.012260      1.008428      
1069      0.426421      0.003732      0.129119      1.320242      -1.014372      1.010544      
1070      0.426421      0.003732      0.129119      1.320242      -1.014372      1.010544      
1071      0.426421      0.003732      0.129119      1.320242      -1.014372      1.010544      
1082      0.426421      0.003732      0.129119      1.320242      -1.014372      1.010544      
1085      0.426421      0.003732      0.129119      1.320242      -1.014372      1.010544      
1086      0.426421      0.003732      0.129119      1.320238      -1.014379      1.010551      
