25      0.398230      0.013305      0.133465      1.320536      -1.013253      1.007415      
26      0.398590      0.011365      0.131905      1.326046      -1.002519      0.996654      
27      0.398820      0.009535      0.129105      1.343034      -0.968525      0.962578      
28      0.398420      0.008665      0.126965      1.354846      -0.944032      0.938027      
29      0.397430      0.008115      0.124745      1.360818      -0.931360      0.925327      
30      0.395880      0.007895      0.122005      1.368845      -0.914006      0.907934      
31      0.394740      0.008035      0.120205      1.374504      -0.901537      0.895437      
32      0.394160      0.007795      0.119855      1.374647      -0.901219      0.895118      
33      0.394040      0.007735      0.119835      1.370015      -0.911444      0.905365      
34      0.394690      0.007705      0.119795      1.365606      -0.921054      0.914997      
35      0.395720      0.008035      0.119945      1.361384      -0.930149      0.924113      
36      0.396400      0.009025      0.119915      1.360581      -0.931867      0.925835      
37      0.396200      0.010335      0.119515      1.362714      -0.927295      0.921252      
38      0.395250      0.011545      0.120295      1.361487      -0.929929      0.923893      
39      0.393740      0.012925      0.121605      1.360492      -0.932057      0.926025      
40      0.392600      0.014735      0.121965      1.362267      -0.928256      0.922216      
41      0.392480      0.015815      0.122185      1.364931      -0.922516      0.916462      
42      0.392500      0.017295      0.122725      1.369451      -0.912679      0.906604      
43      0.392580      0.018785      0.122345      1.376089      -0.898008      0.891900      
44      0.392440      0.019185      0.121875      1.377908      -0.893939      0.887822      
45      0.392030      0.018865      0.121705      1.382852      -0.882772      0.876631      
46      0.391720      0.018115      0.121705      1.393772      -0.857515      0.851321      
47      0.391590      0.017115      0.121015      1.402503      -0.836695      0.830458      
48      0.391900      0.015635      0.120235      1.406477      -0.827020      0.820763      
49      0.392170      0.013995      0.119505      1.407277      -0.825058      0.818798      
50      0.392130      0.012565      0.117765      1.411257      -0.815215      0.808935      
51      0.392290      0.010875      0.116425      1.416041      -0.803202      0.796898      
52      0.392150      0.009095      0.115605      1.423293      -0.784603      0.778264      
53      0.391920      0.007175      0.114145      1.430126      -0.766617      0.760244      
54      0.392080      0.004675      0.113185      1.434418      -0.755078      0.748683      
55      0.392130      0.002085      0.112265      1.442174      -0.733716      0.727283      
56      0.391820      0.000445      0.110705      1.449124      -0.713979      0.707512      
57      0.391740      -0.000605      0.110195      1.456223      -0.693187      0.686684      
58      0.391870      -0.000945      0.110145      1.461389      -0.677618      0.671089      
59      0.392050      -0.000625      0.109855      1.464740      -0.667311      0.660766      
60      0.392550      -0.000325      0.109535      1.467922      -0.657361      0.650799      
61      0.393080      -0.000185      0.109115      1.471231      -0.646841      0.640263      
62      0.393670      -0.000015      0.108645      1.473404      -0.639830      0.633241      
63      0.394130      0.000135      0.108335      1.474110      -0.637536      0.630944      
64      0.394340      0.000585      0.108265      1.476211      -0.630653      0.624050      
65      0.394640      0.000885      0.108235      1.476295      -0.630375      0.623771      
66      0.394690      0.001255      0.107955      1.477251      -0.627214      0.620606      
67      0.394730      0.001905      0.108135      1.477875      -0.625143      0.618531      
68      0.394860      0.002645      0.108665      1.477403      -0.626712      0.620103      
69      0.394970      0.003575      0.108805      1.478724      -0.622314      0.615698      
70      0.395470      0.004295      0.108665      1.480370      -0.616786      0.610162      
71      0.396040      0.004595      0.108725      1.485184      -0.600310      0.593661      
72      0.396620      0.004835      0.108705      1.487544      -0.592051      0.585390      
73      0.397260      0.004995      0.108655      1.489434      -0.585353      0.578683      
74      0.398000      0.005155      0.108305      1.492387      -0.574718      0.568032      
75      0.399040      0.005335      0.107515      1.495122      -0.564681      0.557982      
76      0.400380      0.005495      0.106555      1.497317      -0.556486      0.549776      
77      0.401780      0.005795      0.105565      1.500077      -0.545999      0.539274      
78      0.403160      0.006095      0.104725      1.501161      -0.541825      0.535095      
79      0.404550      0.006395      0.103775      1.502546      -0.536439      0.529701      
80      0.405960      0.006625      0.102645      1.502923      -0.534964      0.528225      
81      0.407420      0.006585      0.101795      1.504225      -0.529832      0.523087      
82      0.408550      0.006625      0.101355      1.504620      -0.528264      0.521516      
83      0.409450      0.006705      0.101075      1.504806      -0.527526      0.520778      
84      0.410050      0.006795      0.100785      1.505931      -0.523030      0.516276      
85      0.410540      0.006895      0.100615      1.507479      -0.516778      0.510015      
86      0.410830      0.006965      0.100455      1.510602      -0.503918      0.497139      
87      0.411150      0.007035      0.100415      1.514092      -0.489130      0.482333      
88      0.411680      0.007125      0.100335      1.517394      -0.474700      0.467886      
89      0.412200      0.007265      0.100205      1.520887      -0.458922      0.452090      
90      0.412790      0.007485      0.099825      1.523141      -0.448440      0.441596      
91      0.413430      0.007625      0.099455      1.526091      -0.434323      0.427464      
92      0.413850      0.007725      0.099065      1.529462      -0.417595      0.410718      
93      0.414180      0.007795      0.098735      1.530811      -0.410701      0.403817      
94      0.414300      0.007865      0.098665      1.531692      -0.406139      0.399249      
95      0.414270      0.007995      0.098665      1.531705      -0.406068      0.399179      
96      0.414240      0.008135      0.098595      1.531907      -0.405015      0.398125      
97      0.414390      0.008175      0.098505      1.532348      -0.402706      0.395813      
98      0.414680      0.008285      0.098325      1.532619      -0.401279      0.394384      
99      0.415080      0.008575      0.097865      1.533027      -0.399118      0.392221      
100      0.415610      0.009035      0.097525      1.533532      -0.396434      0.389534      
101      0.416090      0.009665      0.097155      1.532774      -0.400460      0.393564      
102      0.416680      0.010275      0.096535      1.532293      -0.402995      0.396102      
103      0.417320      0.010835      0.096025      1.531885      -0.405132      0.398242      
104      0.417940      0.011485      0.095615      1.531333      -0.408003      0.401115      
105      0.418840      0.012035      0.095325      1.529968      -0.415022      0.408142      
106      0.419820      0.012475      0.095235      1.529629      -0.416745      0.409867      
107      0.420930      0.013105      0.095285      1.529414      -0.417837      0.410959      
108      0.422070      0.014045      0.095145      1.529329      -0.418266      0.411389      
109      0.423010      0.015065      0.094755      1.530054      -0.414585      0.407704      
110      0.423670      0.015975      0.094335      1.529832      -0.415716      0.408836      
111      0.424040      0.016465      0.094145      1.530400      -0.412815      0.405932      
112      0.424330      0.016585      0.094165      1.530888      -0.410304      0.403419      
113      0.424570      0.016625      0.094095      1.531062      -0.409407      0.402521      
114      0.424810      0.016685      0.093945      1.531798      -0.405585      0.398695      
115      0.425120      0.016765      0.093685      1.532314      -0.402886      0.395993      
116      0.425660      0.016835      0.093385      1.533171      -0.398353      0.391456      
117      0.426260      0.017065      0.093195      1.533425      -0.397003      0.390105      
118      0.426790      0.017355      0.092765      1.534066      -0.393570      0.386668      
119      0.427360      0.017465      0.092255      1.534774      -0.389738      0.382832      
120      0.427710      0.017485      0.092035      1.535028      -0.388357      0.381450      
121      0.427870      0.017415      0.091965      1.536660      -0.379349      0.372433      
122      0.427970      0.017235      0.091915      1.537980      -0.371901      0.364977      
123      0.428000      0.017005      0.091885      1.539090      -0.365520      0.358591      
124      0.428110      0.016685      0.091875      1.539900      -0.360787      0.353854      
125      0.428110      0.016525      0.091765      1.540405      -0.357803      0.350867      
126      0.428120      0.016405      0.091555      1.541454      -0.351530      0.344588      
127      0.428180      0.016205      0.091475      1.541749      -0.349748      0.342805      
128      0.428130      0.016185      0.091325      1.541785      -0.349530      0.342586      
129      0.428290      0.016195      0.091065      1.541917      -0.348725      0.341780      
130      0.428550      0.016245      0.090635      1.542512      -0.345083      0.338135      
131      0.429010      0.016325      0.090035      1.542936      -0.342465      0.335515      
132      0.429630      0.016315      0.089355      1.543505      -0.338925      0.331972      
133      0.430130      0.016305      0.088795      1.543945      -0.336158      0.329202      
134      0.430410      0.016395      0.088295      1.544656      -0.331632      0.324672      
135      0.430540      0.016435      0.087995      1.544918      -0.329951      0.322990      
136      0.430540      0.016425      0.087925      1.544905      -0.330037      0.323076      
137      0.430420      0.016395      0.087775      1.545398      -0.326848      0.319884      
138      0.430410      0.016335      0.087665      1.545408      -0.326785      0.319821      
139      0.430520      0.016355      0.087565      1.545449      -0.326519      0.319555      
140      0.430760      0.016415      0.087155      1.545581      -0.325659      0.318694      
141      0.431260      0.016465      0.086545      1.545903      -0.323548      0.316581      
142      0.431840      0.016555      0.085875      1.546295      -0.320968      0.313999      
143      0.432500      0.016735      0.084975      1.546842      -0.317324      0.310352      
144      0.433240      0.016865      0.084045      1.547440      -0.313296      0.306321      
145      0.433730      0.016945      0.083405      1.547850      -0.310504      0.303526      
146      0.434120      0.016965      0.082975      1.548222      -0.307946      0.300966      
147      0.434330      0.016935      0.082795      1.548388      -0.306804      0.299823      
148      0.434330      0.016945      0.082745      1.549300      -0.300420      0.293435      
149      0.434320      0.016935      0.082735      1.549461      -0.299278      0.292292      
150      0.434220      0.016935      0.082735      1.549992      -0.295483      0.288494      
151      0.434080      0.016955      0.082575      1.550182      -0.294114      0.287124      
152      0.433920      0.016935      0.082365      1.550307      -0.293206      0.286215      
153      0.433670      0.016865      0.082145      1.551486      -0.284528      0.277530      
154      0.433440      0.016815      0.081945      1.552194      -0.279190      0.272188      
155      0.433290      0.016765      0.081755      1.552818      -0.274399      0.267394      
156      0.433130      0.016755      0.081695      1.553150      -0.271816      0.264808      
157      0.432880      0.016715      0.081555      1.554033      -0.264816      0.257804      
158      0.432630      0.016645      0.081245      1.555617      -0.251778      0.244756      
159      0.432410      0.016585      0.081105      1.555916      -0.249240      0.242217      
160      0.432220      0.016495      0.081045      1.556599      -0.243342      0.236315      
161      0.432020      0.016445      0.081055      1.556747      -0.242042      0.235013      
162      0.431840      0.016385      0.080975      1.556799      -0.241587      0.234559      
163      0.431690      0.016235      0.080955      1.556416      -0.244932      0.237906      
164      0.431460      0.016085      0.080925      1.556251      -0.246358      0.239332      
165      0.431220      0.015965      0.080855      1.555795      -0.250266      0.243244      
166      0.430900      0.015875      0.080755      1.555617      -0.251778      0.244756      
167      0.430520      0.015785      0.080515      1.555191      -0.255349      0.248330      
168      0.430150      0.015675      0.080265      1.555030      -0.256688      0.249670      
169      0.429740      0.015565      0.080155      1.554997      -0.256955      0.249936      
170      0.429420      0.015405      0.080085      1.555073      -0.256328      0.249310      
171      0.429220      0.015175      0.079965      1.555071      -0.256344      0.249325      
172      0.429080      0.014915      0.079945      1.555312      -0.254339      0.247319      
173      0.428970      0.014755      0.079985      1.555228      -0.255036      0.248016      
174      0.428890      0.014675      0.080015      1.555228      -0.255036      0.248016      
175      0.428780      0.014645      0.079995      1.555767      -0.250501      0.243479      
176      0.428650      0.014615      0.079905      1.556026      -0.248293      0.241268      
177      0.428520      0.014555      0.079865      1.556103      -0.247635      0.240610      
178      0.428320      0.014495      0.079965      1.556085      -0.247791      0.240767      
179      0.428010      0.014435      0.080055      1.555952      -0.248927      0.241903      
180      0.427730      0.014255      0.080215      1.556047      -0.248120      0.241096      
181      0.427410      0.014115      0.080405      1.556079      -0.247838      0.240814      
182      0.427200      0.014065      0.080485      1.556320      -0.245763      0.238737      
183      0.427060      0.014045      0.080535      1.556611      -0.243232      0.236205      
184      0.426920      0.014045      0.080595      1.556855      -0.241094      0.234065      
185      0.426920      0.014075      0.080595      1.556777      -0.241775      0.234747      
186      0.426880      0.014065      0.080605      1.556772      -0.241822      0.234794      
187      0.426890      0.014075      0.080595      1.556651      -0.242888      0.235860      
188      0.426910      0.014075      0.080565      1.556665      -0.242762      0.235735      
189      0.426890      0.014095      0.080565      1.557160      -0.238383      0.231353      
190      0.426900      0.014235      0.080565      1.557360      -0.236597      0.229565      
191      0.426910      0.014385      0.080555      1.557441      -0.235869      0.228836      
192      0.426890      0.014455      0.080555      1.557445      -0.235829      0.228797      
193      0.426860      0.014445      0.080515      1.557466      -0.235641      0.228609      
194      0.426860      0.014385      0.080475      1.557362      -0.236574      0.229542      
195      0.426800      0.014375      0.080425      1.557587      -0.234545      0.227511      
196      0.426790      0.014375      0.080405      1.557593      -0.234490      0.227456      
197      0.426790      0.014365      0.080395      1.557601      -0.234419      0.227386      
198      0.426720      0.014345      0.080285      1.557851      -0.232139      0.225104      
199      0.426680      0.014305      0.080245      1.557751      -0.233056      0.226022      
200      0.426580      0.014275      0.080205      1.557897      -0.231724      0.224689      
201      0.426560      0.014255      0.080225      1.557888      -0.231802      0.224767      
202      0.426560      0.014235      0.080225      1.557960      -0.231136      0.224101      
203      0.426540      0.014235      0.080235      1.558240      -0.228551      0.221514      
204      0.426590      0.014245      0.080325      1.558315      -0.227853      0.220816      
205      0.426610      0.014255      0.080365      1.558720      -0.224037      0.216997      
206      0.426710      0.014235      0.080485      1.559347      -0.218011      0.210967      
207      0.426800      0.014245      0.080605      1.559447      -0.217031      0.209987      
208      0.426880      0.014255      0.080695      1.559626      -0.215268      0.208222      
209      0.426950      0.014285      0.080795      1.559516      -0.216357      0.209313      
210      0.426970      0.014255      0.080785      1.559766      -0.213881      0.206834      
211      0.427010      0.014155      0.080885      1.559917      -0.212376      0.205329      
212      0.427030      0.014145      0.080985      1.559883      -0.212721      0.205674      
213      0.427030      0.014145      0.080985      1.559880      -0.212752      0.205705      
214      0.427010      0.014145      0.081015      1.559762      -0.213920      0.206874      
215      0.426990      0.014145      0.081005      1.559701      -0.214531      0.207485      
216      0.427010      0.014055      0.081005      1.559767      -0.213873      0.206827      
217      0.427040      0.014035      0.081025      1.559687      -0.214664      0.207619      
218      0.427020      0.014035      0.081005      1.559695      -0.214586      0.207540      
219      0.426960      0.014015      0.081045      1.559683      -0.214704      0.207658      
220      0.426900      0.014005      0.081065      1.560009      -0.211451      0.204403      
221      0.426860      0.013885      0.081085      1.560116      -0.210377      0.203329      
222      0.426860      0.013845      0.081095      1.560045      -0.211098      0.204050      
223      0.426830      0.013755      0.081115      1.560042      -0.211122      0.204074      
224      0.426830      0.013685      0.081135      1.560180      -0.209727      0.202678      
225      0.426780      0.013675      0.081165      1.560172      -0.209813      0.202764      
226      0.426740      0.013635      0.081185      1.560386      -0.207634      0.200584      
227      0.426690      0.013565      0.081165      1.560583      -0.205604      0.198552      
228      0.426630      0.013545      0.081175      1.560586      -0.205572      0.198521      
229      0.426490      0.013505      0.081205      1.560862      -0.202695      0.195642      
230      0.426370      0.013375      0.081265      1.561165      -0.199497      0.192442      
231      0.426320      0.013215      0.081335      1.561014      -0.201104      0.194050      
232      0.426300      0.013105      0.081345      1.561114      -0.200038      0.192983      
233      0.426240      0.013095      0.081345      1.561121      -0.199967      0.192913      
234      0.426230      0.013095      0.081335      1.561065      -0.200563      0.193509      
235      0.426230      0.013095      0.081335      1.561166      -0.199489      0.192434      
236      0.426200      0.013155      0.081315      1.561176      -0.199379      0.192324      
237      0.426180      0.013165      0.081275      1.561192      -0.199207      0.192152      
238      0.426150      0.013145      0.081285      1.561396      -0.197020      0.189963      
239      0.426150      0.013155      0.081285      1.561797      -0.192645      0.185586      
240      0.426140      0.013175      0.081285      1.561895      -0.191571      0.184511      
241      0.426180      0.013195      0.081335      1.561976      -0.190661      0.183601      
242      0.426180      0.013225      0.081325      1.562076      -0.189548      0.182487      
243      0.426190      0.013285      0.081315      1.562235      -0.187760      0.180699      
244      0.426220      0.013365      0.081375      1.562670      -0.182773      0.175709      
245      0.426220      0.013395      0.081375      1.562728      -0.182099      0.175034      
246      0.426200      0.013435      0.081395      1.562911      -0.179950      0.172884      
247      0.426210      0.013425      0.081405      1.562945      -0.179550      0.172484      
248      0.426220      0.013415      0.081405      1.562832      -0.180875      0.173810      
249      0.426210      0.013425      0.081405      1.562959      -0.179378      0.172312      
250      0.426170      0.013405      0.081405      1.563272      -0.175637      0.168569      
251      0.426130      0.013375      0.081445      1.563444      -0.173551      0.166482      
252      0.426110      0.013365      0.081445      1.563863      -0.168351      0.161279      
253      0.426110      0.013365      0.081475      1.564281      -0.162994      0.155919      
254      0.426140      0.013335      0.081545      1.564685      -0.157652      0.150575      
255      0.426110      0.013325      0.081655      1.565089      -0.152122      0.145042      
256      0.426060      0.013315      0.081765      1.565094      -0.152051      0.144971      
257      0.425990      0.013295      0.081785      1.565324      -0.148811      0.141730      
258      0.425950      0.013285      0.081875      1.565286      -0.149345      0.142263      
259      0.425900      0.013265      0.081935      1.565278      -0.149462      0.142381      
260      0.425880      0.013235      0.081935      1.565230      -0.150145      0.143064      
261      0.425820      0.013225      0.081985      1.565297      -0.149188      0.142106      
262      0.425800      0.013215      0.082015      1.565292      -0.149266      0.142185      
263      0.425780      0.013215      0.082015      1.565367      -0.148199      0.141117      
264      0.425720      0.013215      0.082055      1.565467      -0.146764      0.139681      
265      0.425700      0.013225      0.082125      1.565375      -0.148082      0.141000      
266      0.425710      0.013225      0.082115      1.565452      -0.146975      0.139893      
267      0.425710      0.013245      0.082115      1.565452      -0.146975      0.139893      
268      0.425710      0.013245      0.082115      1.565376      -0.148074      0.140992      
269      0.425700      0.013235      0.082135      1.565447      -0.147046      0.139964      
270      0.425700      0.013235      0.082165      1.565439      -0.147164      0.140081      
271      0.425730      0.013245      0.082185      1.565434      -0.147234      0.140152      
272      0.425720      0.013245      0.082195      1.565507      -0.146175      0.139092      
273      0.425670      0.013235      0.082225      1.565533      -0.145799      0.138716      
274      0.425670      0.013245      0.082255      1.565449      -0.147015      0.139932      
275      0.425680      0.013255      0.082285      1.565487      -0.146465      0.139383      
276      0.425680      0.013255      0.082445      1.565321      -0.148850      0.141769      
277      0.425640      0.013275      0.082565      1.565416      -0.147493      0.140411      
278      0.425660      0.013285      0.082655      1.565394      -0.147815      0.140733      
279      0.425630      0.013275      0.082725      1.565376      -0.148074      0.140992      
280      0.425560      0.013255      0.082885      1.565714      -0.143147      0.136063      
281      0.425490      0.013245      0.083075      1.565702      -0.143335      0.136251      
282      0.425440      0.013235      0.083125      1.565838      -0.141303      0.134218      
283      0.425410      0.013245      0.083185      1.566185      -0.136015      0.128927      
284      0.425340      0.013285      0.083235      1.566247      -0.135034      0.127946      
285      0.425280      0.013275      0.083275      1.566585      -0.129643      0.122553      
286      0.425220      0.013275      0.083305      1.566846      -0.125319      0.118227      
287      0.425160      0.013275      0.083325      1.566778      -0.126449      0.119358      
288      0.425170      0.013275      0.083385      1.567001      -0.122667      0.115574      
289      0.425230      0.013295      0.083485      1.567065      -0.121560      0.114467      
290      0.425250      0.013295      0.083505      1.567120      -0.120603      0.113509      
291      0.425270      0.013305      0.083575      1.567206      -0.119088      0.111994      
292      0.425250      0.013295      0.083575      1.567232      -0.118633      0.111538      
293      0.425250      0.013295      0.083615      1.567445      -0.114772      0.107676      
294      0.425220      0.013295      0.083635      1.567583      -0.112213      0.105116      
295      0.425220      0.013295      0.083635      1.567640      -0.111146      0.104048      
296      0.425170      0.013275      0.083655      1.567582      -0.112237      0.105140      
297      0.425140      0.013275      0.083635      1.567589      -0.112096      0.104998      
298      0.425110      0.013265      0.083585      1.567601      -0.111876      0.104778      
299      0.425120      0.013265      0.083585      1.567567      -0.112519      0.105422      
300      0.425130      0.013265      0.083575      1.567567      -0.112512      0.105414      
301      0.425160      0.013285      0.083595      1.567502      -0.113720      0.106623      
302      0.425170      0.013375      0.083635      1.567531      -0.113179      0.106082      
303      0.425160      0.013455      0.083645      1.567506      -0.113657      0.106561      
304      0.425180      0.013525      0.083695      1.567460      -0.114505      0.107409      
305      0.425180      0.013565      0.083705      1.567590      -0.112088      0.104990      
306      0.425220      0.013585      0.083745      1.567637      -0.111201      0.104103      
307      0.425250      0.013595      0.083785      1.567686      -0.110267      0.103169      
308      0.425220      0.013605      0.083795      1.567877      -0.106547      0.099447      
309      0.425190      0.013595      0.083795      1.567878      -0.106539      0.099439      
310      0.425070      0.013565      0.083785      1.567885      -0.106390      0.099290      
311      0.424980      0.013535      0.083755      1.567804      -0.107975      0.100876      
312      0.424910      0.013515      0.083755      1.567898      -0.106138      0.099039      
313      0.424800      0.013485      0.083735      1.567817      -0.107732      0.100633      
314      0.424640      0.013445      0.083745      1.567822      -0.107638      0.100538      
315      0.424430      0.013375      0.083815      1.567818      -0.107716      0.100617      
316      0.424290      0.013325      0.083885      1.567869      -0.106711      0.099612      
317      0.424270      0.013305      0.083885      1.567922      -0.105652      0.098552      
318      0.424280      0.013325      0.083885      1.567999      -0.104121      0.097021      
319      0.424260      0.013315      0.083875      1.568021      -0.103674      0.096573      
320      0.424230      0.013335      0.083885      1.568127      -0.101484      0.094383      
321      0.424170      0.013375      0.083885      1.568132      -0.101390      0.094288      
322      0.424100      0.013375      0.083805      1.568149      -0.101029      0.093927      
323      0.424020      0.013355      0.083745      1.568199      -0.099993      0.092891      
324      0.423940      0.013335      0.083695      1.568211      -0.099734      0.092632      
325      0.423920      0.013335      0.083685      1.568212      -0.099710      0.092608      
326      0.423900      0.013415      0.083695      1.568263      -0.098635      0.091532      
327      0.423850      0.013535      0.083695      1.568267      -0.098556      0.091454      
328      0.423800      0.013585      0.083705      1.568367      -0.096398      0.089294      
329      0.423690      0.013625      0.083735      1.568514      -0.093132      0.086028      
330      0.423620      0.013645      0.083775      1.568511      -0.093203      0.086098      
331      0.423580      0.013645      0.083805      1.568620      -0.090707      0.083601      
332      0.423500      0.013625      0.083825      1.568666      -0.089639      0.082533      
333      0.423390      0.013615      0.083865      1.568729      -0.088163      0.081057      
334      0.423220      0.013575      0.083935      1.568740      -0.087888      0.080782      
335      0.423110      0.013545      0.083995      1.568735      -0.088006      0.080900      
336      0.423030      0.013525      0.084035      1.568866      -0.084850      0.077743      
337      0.422960      0.013505      0.084175      1.568951      -0.082715      0.075607      
338      0.422900      0.013495      0.084255      1.568940      -0.082998      0.075890      
339      0.422870      0.013485      0.084265      1.569025      -0.080831      0.073722      
340      0.422870      0.013485      0.084285      1.568996      -0.081569      0.074460      
341      0.422860      0.013445      0.084275      1.568997      -0.081545      0.074437      
342      0.422850      0.013425      0.084385      1.569066      -0.079748      0.072639      
343      0.422880      0.013445      0.084445      1.569031      -0.080682      0.073573      
344      0.422910      0.013445      0.084435      1.569030      -0.080697      0.073589      
345      0.422940      0.013455      0.084505      1.569086      -0.079237      0.072128      
346      0.422940      0.013455      0.084515      1.569084      -0.079300      0.072191      
347      0.422970      0.013435      0.084555      1.569199      -0.076191      0.069081      
348      0.423020      0.013425      0.084635      1.569203      -0.076081      0.068971      
349      0.423050      0.013435      0.084615      1.569205      -0.076034      0.068924      
350      0.423090      0.013435      0.084625      1.569204      -0.076050      0.068940      
351      0.423080      0.013435      0.084635      1.569163      -0.077188      0.070078      
352      0.423090      0.013385      0.084625      1.569204      -0.076050      0.068940      
353      0.423090      0.013375      0.084625      1.569204      -0.076050      0.068940      
354      0.423100      0.013375      0.084635      1.569203      -0.076081      0.068971      
355      0.423160      0.013395      0.084725      1.569284      -0.073844      0.066733      
356      0.423210      0.013425      0.084735      1.569281      -0.073914      0.066804      
357      0.423230      0.013425      0.084745      1.569356      -0.071787      0.064675      
358      0.423200      0.013415      0.084765      1.569331      -0.072509      0.065398      
359      0.423200      0.013415      0.084745      1.569358      -0.071708      0.064597      
360      0.423190      0.013375      0.084735      1.569322      -0.072768      0.065657      
361      0.423190      0.013335      0.084745      1.569358      -0.071724      0.064612      
362      0.423240      0.013335      0.084765      1.569355      -0.071795      0.064683      
363      0.423270      0.013335      0.084785      1.569351      -0.071928      0.064817      
364      0.423250      0.013335      0.084785      1.569349      -0.071967      0.064856      
365      0.423230      0.013335      0.084795      1.569410      -0.070193      0.063081      
366      0.423240      0.013235      0.084785      1.569590      -0.064642      0.057528      
367      0.423400      0.012945      0.084815      1.569718      -0.060387      0.053272      
368      0.423450      0.012805      0.084845      1.569707      -0.060779      0.053664      
369      0.423360      0.012785      0.084705      1.569661      -0.062326      0.055212      
370      0.423280      0.012665      0.084635      1.569638      -0.063080      0.055966      
371      0.423280      0.012445      0.084655      1.569603      -0.064242      0.057128      
372      0.423340      0.012295      0.084685      1.569589      -0.064689      0.057576      
373      0.423370      0.012285      0.084675      1.569576      -0.065105      0.057992      
374      0.423390      0.012285      0.084705      1.569585      -0.064791      0.057678      
375      0.423400      0.012285      0.084715      1.569604      -0.064179      0.057065      
376      0.423410      0.012285      0.084725      1.569603      -0.064234      0.057120      
377      0.423450      0.012305      0.084785      1.569629      -0.063386      0.056272      
378      0.423480      0.012305      0.084825      1.569603      -0.064234      0.057120      
379      0.423500      0.012325      0.084835      1.569689      -0.061400      0.054285      
380      0.423490      0.012345      0.084845      1.569749      -0.059319      0.052204      
381      0.423500      0.012345      0.084865      1.569717      -0.060450      0.053335      
382      0.423520      0.012345      0.084885      1.569758      -0.059028      0.051913      
383      0.423520      0.012345      0.084885      1.569789      -0.057929      0.050813      
384      0.423540      0.012345      0.084905      1.569894      -0.054050      0.046934      
385      0.423610      0.012355      0.085005      1.569923      -0.052951      0.045834      
386      0.423590      0.012385      0.084975      1.569937      -0.052401      0.045284      
387      0.423500      0.012395      0.084855      1.569968      -0.051176      0.044059      
388      0.423450      0.012345      0.084805      1.569985      -0.050470      0.043352      
389      0.423470      0.012275      0.084805      1.570012      -0.049363      0.042245      
390      0.423500      0.012275      0.084805      1.570037      -0.048303      0.041184      
391      0.423550      0.012285      0.084805      1.570111      -0.045099      0.037980      
392      0.423590      0.012265      0.084855      1.570220      -0.039869      0.032749      
393      0.423600      0.012255      0.084885      1.570225      -0.039594      0.032474      
394      0.423610      0.012295      0.084885      1.570246      -0.038542      0.031421      
395      0.423660      0.012275      0.084875      1.570307      -0.035213      0.028091      
396      0.423750      0.012205      0.084985      1.570311      -0.034938      0.027816      
397      0.423770      0.012245      0.085035      1.570334      -0.033642      0.026520      
398      0.423750      0.012275      0.085025      1.570346      -0.032912      0.025790      
399      0.423750      0.012245      0.085035      1.570316      -0.034694      0.027573      
400      0.423700      0.012235      0.085045      1.570345      -0.032943      0.025821      
401      0.423700      0.012225      0.085045      1.570345      -0.032943      0.025821      
402      0.423780      0.012245      0.085095      1.570330      -0.033886      0.026764      
403      0.423790      0.012255      0.085095      1.570383      -0.030572      0.023449      
404      0.423750      0.012235      0.085095      1.570390      -0.030093      0.022970      
405      0.423650      0.012205      0.085115      1.570417      -0.028310      0.021187      
406      0.423540      0.012145      0.085085      1.570435      -0.026975      0.019852      
407      0.423530      0.012125      0.085035      1.570439      -0.026740      0.019616      
408      0.423530      0.012015      0.085025      1.570459      -0.025216      0.018092      
409      0.423550      0.011925      0.085025      1.570463      -0.024855      0.017731      
410      0.423570      0.011865      0.085015      1.570465      -0.024753      0.017629      
411      0.423590      0.011865      0.085015      1.570472      -0.024140      0.017016      
412      0.423610      0.011865      0.085045      1.570477      -0.023787      0.016663      
413      0.423600      0.011865      0.085015      1.570450      -0.025907      0.018784      
414      0.423580      0.011845      0.085025      1.570464      -0.024847      0.017723      
415      0.423540      0.011825      0.085005      1.570436      -0.026952      0.019828      
416      0.423520      0.011755      0.084985      1.570421      -0.027988      0.020865      
417      0.423450      0.011675      0.084885      1.570412      -0.028648      0.021525      
418      0.423310      0.011595      0.084705      1.570331      -0.033768      0.026646      
419      0.423090      0.011225      0.084615      1.570270      -0.037254      0.030133      
420      0.422950      0.011085      0.084625      1.570230      -0.039359      0.032238      
421      0.422680      0.010795      0.084715      1.570201      -0.040827      0.033707      
422      0.422410      0.010585      0.084815      1.570219      -0.039924      0.032804      
423      0.422150      0.010515      0.084895      1.570246      -0.038519      0.031398      
424      0.421960      0.010495      0.084955      1.570305      -0.035299      0.028178      
425      0.421840      0.010475      0.084995      1.570367      -0.031608      0.024486      
426      0.421690      0.010445      0.084965      1.570428      -0.027478      0.020354      
427      0.421540      0.010415      0.085015      1.570443      -0.026410      0.019286      
428      0.421440      0.010385      0.085065      1.570471      -0.024282      0.017158      
429      0.421410      0.010385      0.085045      1.570441      -0.026551      0.019428      
430      0.421390      0.010355      0.085035      1.570465      -0.024737      0.017613      
431      0.421400      0.010375      0.085025      1.570471      -0.024250      0.017126      
432      0.421390      0.010415      0.085005      1.570486      -0.023057      0.015932      
433      0.421400      0.010415      0.085025      1.570502      -0.021627      0.014503      
434      0.421420      0.010415      0.085025      1.570537      -0.018345      0.011220      
435      0.421410      0.010425      0.084995      1.570538      -0.018180      0.011055      
436      0.421410      0.010435      0.084995      1.570553      -0.016625      0.009499      
437      0.421390      0.010495      0.084995      1.570553      -0.016625      0.009499      
438      0.421390      0.010505      0.084995      1.570553      -0.016625      0.009499      
439      0.421400      0.010535      0.084985      1.570543      -0.017724      0.010599      
440      0.421370      0.010555      0.084985      1.570543      -0.017638      0.010513      
441      0.421320      0.010545      0.084935      1.570539      -0.018101      0.010976      
442      0.421240      0.010525      0.084905      1.570562      -0.015502      0.008376      
443      0.421190      0.010505      0.084895      1.570563      -0.015447      0.008321      
444      0.421120      0.010485      0.084825      1.570566      -0.015094      0.007968      
445      0.421050      0.010475      0.084725      1.570578      -0.013554      0.006428      
446      0.420930      0.010445      0.084605      1.570569      -0.014709      0.007583      
447      0.420870      0.010435      0.084575      1.570575      -0.013923      0.006797      
448      0.420810      0.010395      0.084575      1.570583      -0.012793      0.005666      
449      0.420770      0.010395      0.084595      1.570591      -0.011709      0.004582      
450      0.420710      0.010375      0.084535      1.570593      -0.011418      0.004292      
451      0.420660      0.010355      0.084495      1.570590      -0.011842      0.004716      
452      0.420510      0.010315      0.084535      1.570607      -0.009062      0.001935      
453      0.420380      0.010285      0.084605      1.570612      -0.008120      0.000993      
454      0.420340      0.010275      0.084575      1.570613      -0.007947      0.000820      
455      0.420300      0.010265      0.084575      1.570609      -0.008599      0.001472      
456      0.420280      0.010275      0.084575      1.570597      -0.010774      0.003648      
457      0.420250      0.010265      0.084595      1.570597      -0.010798      0.003671      
458      0.420290      0.010275      0.084625      1.570593      -0.011418      0.004292      
459      0.420300      0.010335      0.084615      1.570600      -0.010264      0.003137      
460      0.420280      0.010365      0.084605      1.570600      -0.010201      0.003074      
461      0.420250      0.010365      0.084595      1.570610      -0.008434      0.001307      
462      0.420170      0.010365      0.084625      1.570612      -0.008026      0.000899      
463      0.420160      0.010385      0.084605      1.570613      -0.007963      0.000836      
464      0.420130      0.010515      0.084605      1.570613      -0.007924      0.000796      
465      0.420080      0.010715      0.084605      1.570616      -0.007232      0.000105      
466      0.420030      0.010895      0.084645      1.570617      -0.007122      -0.000005      
467      0.420020      0.011015      0.084655      1.570619      -0.006526      -0.000602      
468      0.420000      0.011065      0.084655      1.570624      -0.005418      -0.001709      
469      0.420000      0.011085      0.084665      1.570623      -0.005489      -0.001639      
470      0.419960      0.011075      0.084675      1.570626      -0.004806      -0.002322      
471      0.419950      0.011075      0.084715      1.570618      -0.006706      -0.000421      
472      0.419960      0.011085      0.084725      1.570618      -0.006761      -0.000366      
473      0.419960      0.011135      0.084735      1.570618      -0.006824      -0.000303      
474      0.419960      0.011145      0.084735      1.570607      -0.008992      0.001865      
475      0.419950      0.011155      0.084735      1.570607      -0.008992      0.001865      
476      0.419980      0.011155      0.084775      1.570607      -0.009133      0.002006      
477      0.419990      0.011175      0.084735      1.570607      -0.008999      0.001873      
478      0.419930      0.011155      0.084725      1.570608      -0.008905      0.001778      
479      0.419850      0.011135      0.084755      1.570608      -0.008952      0.001825      
480      0.419740      0.011105      0.084755      1.570608      -0.008874      0.001747      
481      0.419720      0.011095      0.084775      1.570613      -0.007884      0.000757      
482      0.419730      0.011145      0.084805      1.570620      -0.006243      -0.000884      
483      0.419740      0.011185      0.084795      1.570616      -0.007335      0.000207      
484      0.419740      0.011185      0.084795      1.570620      -0.006227      -0.000900      
485      0.419640      0.011215      0.084705      1.570618      -0.006903      -0.000225      
486      0.419590      0.011205      0.084625      1.570619      -0.006588      -0.000539      
487      0.419460      0.011125      0.084655      1.570619      -0.006643      -0.000484      
488      0.419300      0.011075      0.084735      1.570625      -0.005096      -0.002031      
489      0.419190      0.011055      0.084735      1.570618      -0.006746      -0.000382      
490      0.419150      0.011045      0.084765      1.570623      -0.005725      -0.001403      
491      0.419150      0.011075      0.084735      1.570619      -0.006698      -0.000429      
492      0.419070      0.011095      0.084605      1.570624      -0.005442      -0.001686      
493      0.418960      0.011045      0.084535      1.570629      -0.003989      -0.003139      
494      0.418820      0.011015      0.084535      1.570625      -0.004939      -0.002188      
495      0.418810      0.011015      0.084545      1.570625      -0.004947      -0.002181      
496      0.418820      0.011015      0.084505      1.570624      -0.005465      -0.001662      
497      0.418780      0.011015      0.084415      1.570627      -0.004421      -0.002707      
498      0.418690      0.010995      0.084385      1.570626      -0.004908      -0.002220      
499      0.418590      0.010965      0.084365      1.570622      -0.005874      -0.001254      
500      0.418630      0.010985      0.084355      1.570626      -0.004782      -0.002345      
501      0.418640      0.010985      0.084375      1.570628      -0.004193      -0.002935      
502      0.418640      0.011025      0.084385      1.570621      -0.006007      -0.001120      
503      0.418600      0.011095      0.084395      1.570619      -0.006675      -0.000452      
504      0.418430      0.011125      0.084405      1.570608      -0.008834      0.001708      
505      0.418380      0.011115      0.084425      1.570592      -0.011520      0.004394      
506      0.418370      0.011115      0.084425      1.570585      -0.012596      0.005470      
507      0.418350      0.011105      0.084385      1.570518      -0.020143      0.013018      
508      0.418320      0.011105      0.084345      1.570520      -0.020002      0.012877      
509      0.418300      0.011095      0.084335      1.570509      -0.021054      0.013929      
510      0.418310      0.011105      0.084355      1.570526      -0.019436      0.012311      
511      0.418330      0.011155      0.084375      1.570535      -0.018478      0.011353      
512      0.418290      0.011265      0.084375      1.570535      -0.018486      0.011361      
513      0.418270      0.011315      0.084375      1.570501      -0.021769      0.014644      
514      0.418390      0.011285      0.084525      1.570344      -0.033030      0.025908      
515      0.418420      0.011315      0.084575      1.570211      -0.040301      0.033181      
516      0.418550      0.011385      0.084705      1.568884      -0.084387      0.077280      
517      0.418600      0.011395      0.084785      1.568251      -0.098886      0.091783      
518      0.418670      0.011415      0.084875      1.567050      -0.121827      0.114734      
519      0.418710      0.011425      0.084955      1.566337      -0.133629      0.126541      
520      0.418810      0.011435      0.085185      1.565570      -0.145265      0.138182      
521      0.418820      0.011445      0.085225      1.565418      -0.147470      0.140387      
522      0.418760      0.011435      0.085275      1.565326      -0.148780      0.141698      
523      0.418590      0.011395      0.085455      1.565283      -0.149392      0.142310      
524      0.418390      0.011345      0.085625      1.565035      -0.152875      0.145795      
525      0.418220      0.011295      0.085695      1.564866      -0.155197      0.148118      
526      0.418100      0.011265      0.085785      1.564762      -0.156617      0.149539      
527      0.417950      0.011255      0.085915      1.564145      -0.164751      0.157677      
528      0.417810      0.011225      0.086025      1.563597      -0.171669      0.164598      
529      0.417760      0.011205      0.086155      1.563155      -0.177049      0.169981      
530      0.417790      0.011215      0.086265      1.562265      -0.187415      0.180353      
531      0.417820      0.011235      0.086385      1.560972      -0.201543      0.194489      
532      0.417850      0.011245      0.086545      1.559352      -0.217956      0.210912      
533      0.417950      0.011255      0.086665      1.557883      -0.231849      0.224814      
534      0.418050      0.011295      0.086765      1.556376      -0.245277      0.238251      
535      0.418190      0.011335      0.087005      1.554319      -0.262507      0.255492      
536      0.418290      0.011355      0.087325      1.552479      -0.277014      0.270010      
537      0.418300      0.011355      0.087625      1.550477      -0.291970      0.284978      
538      0.418280      0.011345      0.087955      1.548903      -0.303213      0.296230      
539      0.418190      0.011325      0.088385      1.548192      -0.308157      0.301178      
540      0.418030      0.011285      0.088945      1.547988      -0.309557      0.302579      
541      0.417860      0.011305      0.089495      1.547586      -0.312303      0.305327      
542      0.417700      0.011415      0.089825      1.547415      -0.313468      0.306493      
543      0.417680      0.011505      0.090065      1.547273      -0.314430      0.307456      
544      0.417670      0.011605      0.090155      1.547436      -0.313327      0.306352      
545      0.417670      0.011695      0.090145      1.547340      -0.313976      0.307002      
546      0.417690      0.011725      0.090185      1.547314      -0.314148      0.307174      
547      0.417700      0.011725      0.090225      1.547086      -0.315689      0.308716      
548      0.417700      0.011705      0.090225      1.547197      -0.314938      0.307965      
549      0.417720      0.011655      0.090225      1.547099      -0.315603      0.308630      
550      0.417710      0.011655      0.090245      1.547089      -0.315666      0.308692      
551      0.417670      0.011635      0.090345      1.546393      -0.320319      0.313349      
552      0.417590      0.011555      0.090425      1.545682      -0.324995      0.318029      
553      0.417410      0.011495      0.090615      1.543239      -0.340582      0.333630      
554      0.417120      0.011385      0.091155      1.539436      -0.363505      0.356574      
555      0.416660      0.011265      0.091935      1.535629      -0.385063      0.378153      
556      0.416130      0.011155      0.092795      1.528258      -0.423645      0.416774      
557      0.415560      0.011025      0.093655      1.519701      -0.464341      0.457515      
558      0.414900      0.010835      0.094615      1.516137      -0.480247      0.473440      
559      0.414190      0.010615      0.095825      1.513394      -0.492124      0.485331      
560      0.413330      0.010425      0.097015      1.509225      -0.509630      0.502858      
561      0.412430      0.010225      0.098195      1.507152      -0.518106      0.511345      
562      0.411600      0.010025      0.099225      1.505505      -0.524739      0.517986      
563      0.410730      0.009865      0.100065      1.501455      -0.540684      0.533952      
564      0.409950      0.009685      0.100945      1.499691      -0.547481      0.540758      
565      0.409250      0.009515      0.101795      1.498579      -0.551716      0.544999      
566      0.408570      0.009355      0.102525      1.497278      -0.556633      0.549923      
567      0.407930      0.009205      0.103205      1.496210      -0.560634      0.553930      
568      0.407360      0.009065      0.103665      1.494392      -0.567379      0.560683      
569      0.406840      0.008945      0.103965      1.492086      -0.575810      0.569126      
570      0.406410      0.008835      0.104295      1.489023      -0.586817      0.580149      
571      0.405930      0.008735      0.104655      1.485882      -0.597880      0.591228      
572      0.405520      0.008675      0.104875      1.481946      -0.611443      0.604810      
573      0.405100      0.008545      0.105315      1.479308      -0.620358      0.613739      
574      0.404520      0.008465      0.105785      1.475200      -0.633975      0.627377      
575      0.403980      0.008445      0.106175      1.468292      -0.656196      0.649632      
576      0.403550      0.008405      0.106635      1.462460      -0.674342      0.667808      
577      0.403140      0.008515      0.106715      1.456039      -0.693733      0.687231      
578      0.402870      0.008545      0.106685      1.445539      -0.724235      0.717785      
579      0.402350      0.008555      0.106765      1.434186      -0.755707      0.749313      
580      0.401860      0.008585      0.106785      1.425596      -0.778593      0.772242      
581      0.401580      0.008465      0.107035      1.419464      -0.794483      0.788163      
582      0.401230      0.008385      0.107105      1.415201      -0.805327      0.799027      
583      0.400710      0.008335      0.106495      1.408396      -0.822302      0.816036      
584      0.400120      0.008185      0.105775      1.402171      -0.837495      0.831260      
585      0.399650      0.008045      0.105585      1.396891      -0.850142      0.843932      
586      0.399270      0.007945      0.105975      1.385922      -0.875755      0.869600      
587      0.398770      0.007915      0.105835      1.377102      -0.895746      0.889633      
588      0.398440      0.007655      0.105045      1.376460      -0.897181      0.891071      
589      0.398000      0.006655      0.104575      1.379308      -0.890795      0.884672      
590      0.396450      0.005955      0.104155      1.380563      -0.887962      0.881832      
591      0.394440      0.005275      0.103805      1.378639      -0.892299      0.886178      
592      0.392040      0.004065      0.103725      1.374637      -0.901241      0.895141      
593      0.389160      0.003155      0.103435      1.369998      -0.911482      0.905403      
594      0.387060      0.002185      0.103035      1.367459      -0.917030      0.910965      
595      0.386250      0.000505      0.100305      1.364451      -0.923554      0.917503      
596      0.385430      -0.001315      0.098415      1.356316      -0.940931      0.934920      
597      0.385220      -0.003105      0.097505      1.334622      -0.985532      0.979626      
