21      0.094280      1636300829883      
22      0.040060      1636300829912      
23      0.010420      1636300829942      
24      0.025960      1636300829985      
25      0.015740      1636300830008      
26      0.005690      1636300830036      
27      0.008630      1636300830066      
28      0.007920      1636300830097      
29      0.012350      1636300830145      
30      0.019520      1636300830185      
31      0.006500      1636300830210      
32      0.008060      1636300830240      
33      0.004940      1636300830272      
34      0.015800      1636300830303      
35      0.017650      1636300830335      
36      0.015590      1636300830370      
37      0.015440      1636300830402      
38      0.028510      1636300830431      
39      0.021220      1636300830477      
40      0.044690      1636300830509      
41      0.020750      1636300830542      
42      0.025440      1636300830573      
43      0.022020      1636300830606      
44      0.030610      1636300830637      
45      0.020380      1636300830669      
46      0.017530      1636300830700      
47      0.013910      1636300830743      
48      0.021390      1636300830775      
49      0.009160      1636300830813      
50      0.030030      1636300830839      
51      0.020100      1636300830871      
52      0.024200      1636300830920      
53      0.040920      1636300830935      
54      0.012300      1636300830971      
55      0.017050      1636300831017      
56      0.022460      1636300831043      
57      0.005110      1636300831077      
58      0.002850      1636300831118      
59      0.003220      1636300831138      
60      0.007700      1636300831172      
61      0.006250      1636300831209      
62      0.008160      1636300831235      
63      0.008340      1636300831267      
64      0.010390      1636300831317      
65      0.001420      1636300831344      
66      0.010860      1636300831379      
67      0.007990      1636300831422      
68      -0.002410      1636300831444      
69      0.002420      1636300831476      
70      0.011590      1636300831505      
71      0.014350      1636300831537      
72      0.029190      1636300831569      
73      0.027410      1636300831601      
74      0.012560      1636300831651      
75      0.025650      1636300831678      
76      0.008860      1636300831726      
77      0.016780      1636300831758      
78      0.011420      1636300831792      
79      0.016430      1636300831837      
80      0.009670      1636300831856      
81      0.004890      1636300831888      
82      0.010220      1636300831920      
83      0.012100      1636300831952      
84      0.011060      1636300831979      
85      0.010940      1636300832012      
86      0.019700      1636300832044      
87      0.010210      1636300832076      
88      0.003530      1636300832108      
89      -0.001410      1636300832142      
90      0.004540      1636300832173      
91      0.007000      1636300832211      
92      0.001430      1636300832238      
93      0.006210      1636300832269      
94      0.008140      1636300832303      
95      0.003480      1636300832333      
96      0.006600      1636300832376      
97      0.025230      1636300832419      
98      0.007880      1636300832438      
99      -0.000260      1636300832471      
100      0.005140      1636300832503      
101      0.008420      1636300832534      
102      0.006950      1636300832565      
103      0.012100      1636300832612      
104      0.006850      1636300832649      
105      0.012870      1636300832676      
106      0.010810      1636300832708      
107      0.005740      1636300832741      
108      0.000220      1636300832773      
109      -0.000270      1636300832806      
110      -0.002580      1636300832840      
111      -0.000270      1636300832871      
112      -0.006200      1636300832900      
113      -0.004590      1636300832944      
114      -0.004690      1636300832976      
115      -0.008520      1636300833015      
116      0.002790      1636300833043      
117      0.000390      1636300833075      
118      -0.003710      1636300833104      
119      0.007640      1636300833135      
120      0.001800      1636300833183      
121      -0.000250      1636300833217      
122      -0.007570      1636300833250      
123      -0.004290      1636300833275      
124      0.001990      1636300833308      
125      -0.002600      1636300833341      
126      -0.000840      1636300833373      
127      0.003620      1636300833406      
128      -0.002550      1636300833436      
129      -0.002120      1636300833468      
130      -0.000090      1636300833515      
131      -0.009770      1636300833549      
132      -0.000420      1636300833576      
133      -0.008670      1636300833608      
134      -0.004960      1636300833644      
135      0.000830      1636300833674      
136      0.000140      1636300833707      
137      -0.003840      1636300833738      
138      0.000640      1636300833770      
139      -0.002380      1636300833819      
140      0.004870      1636300833860      
141      0.003890      1636300833882      
142      -0.000020      1636300833911      
143      0.006590      1636300833943      
144      0.003830      1636300833974      
145      0.005930      1636300834007      
146      0.010920      1636300834040      
147      0.002500      1636300834087      
148      0.008880      1636300834119      
149      0.011470      1636300834151      
150      0.001370      1636300834179      
151      0.005110      1636300834210      
152      0.013870      1636300834243      
153      0.004290      1636300834285      
154      0.000070      1636300834323      
155      0.001510      1636300834355      
156      -0.001490      1636300834389      
157      0.005710      1636300834418      
158      0.001720      1636300834456      
159      0.005980      1636300834487      
160      0.004900      1636300834526      
161      0.002570      1636300834558      
162      0.001300      1636300834590      
163      -0.001330      1636300834621      
164      0.000370      1636300834659      
165      0.004200      1636300834687      
166      0.002530      1636300834716      
167      0.002780      1636300834761      
168      0.004360      1636300834791      
169      0.002020      1636300834825      
170      0.000410      1636300834861      
171      0.005310      1636300834901      
172      -0.001840      1636300834922      
173      0.002680      1636300834950      
174      0.002560      1636300834982      
175      0.001860      1636300835015      
176      0.005930      1636300835065      
177      0.000660      1636300835092      
178      0.003830      1636300835125      
179      0.002370      1636300835158      
180      0.000040      1636300835189      
181      0.005440      1636300835221      
182      0.009170      1636300835252      
183      0.002910      1636300835288      
184      -0.000190      1636300835332      
185      0.000710      1636300835361      
186      0.002500      1636300835393      
187      0.004080      1636300835426      
188      0.002650      1636300835457      
189      0.002700      1636300835489      
190      0.002400      1636300835524      
191      0.006700      1636300835566      
192      0.005270      1636300835598      
193      0.004530      1636300835629      
194      0.005150      1636300835659      
195      0.002460      1636300835702      
196      0.001690      1636300835725      
197      0.003820      1636300835756      
198      0.001010      1636300835807      
199      -0.000780      1636300835834      
200      -0.000140      1636300835866      
201      0.002200      1636300835899      
202      0.002810      1636300835926      
203      0.000900      1636300835957      
204      0.001310      1636300835990      
205      -0.000100      1636300836036      
206      0.006580      1636300836068      
207      0.005820      1636300836105      
208      0.000220      1636300836131      
209      0.005540      1636300836159      
210      0.002700      1636300836195      
211      -0.000160      1636300836223      
212      -0.000230      1636300836271      
213      0.003320      1636300836306      
214      0.001370      1636300836335      
215      0.003930      1636300836368      
216      0.002580      1636300836398      
217      0.003950      1636300836431      
218      0.001700      1636300836460      
219      0.001420      1636300836517      
220      0.003950      1636300836541      
221      0.001370      1636300836574      
222      0.002720      1636300836606      
223      0.002280      1636300836638      
224      0.001750      1636300836670      
225      0.003910      1636300836703      
226      0.000210      1636300836751      
227      0.002210      1636300836778      
228      0.006980      1636300836808      
229      0.005370      1636300836841      
230      0.001440      1636300836873      
231      0.002800      1636300836898      
232      0.000360      1636300836932      
233      0.003350      1636300836954      
234      0.001920      1636300836983      
235      -0.001050      1636300837016      
236      0.005060      1636300837049      
237      0.005010      1636300837075      
238      0.001110      1636300837120      
239      0.002930      1636300837144      
240      0.001660      1636300837173      
241      0.000010      1636300837220      
242      0.002460      1636300837252      
243      0.002520      1636300837284      
244      0.001550      1636300837317      
245      0.005540      1636300837349      
246      0.002710      1636300837376      
247      0.001030      1636300837409      
248      0.005490      1636300837442      
249      0.002610      1636300837473      
250      -0.000080      1636300837522      
251      0.008190      1636300837554      
252      0.001970      1636300837585      
253      0.001870      1636300837611      
254      0.003670      1636300837643      
255      0.001120      1636300837675      
256      -0.001560      1636300837707      
257      -0.000030      1636300837743      
258      0.000310      1636300837789      
259      0.008580      1636300837820      
260      0.002540      1636300837852      
261      -0.000070      1636300837884      
262      0.009810      1636300837918      
263      0.004430      1636300837951      
264      0.001130      1636300837976      
265      0.008570      1636300838007      
266      0.004060      1636300838055      
267      0.003170      1636300838086      
268      0.007500      1636300838120      
269      0.004580      1636300838155      
270      0.000520      1636300838181      
271      0.001710      1636300838210      
272      -0.000090      1636300838241      
273      0.005470      1636300838289      
274      0.003880      1636300838322      
275      0.001080      1636300838358      
276      0.006430      1636300838385      
277      0.001980      1636300838418      
278      0.002260      1636300838449      
279      0.003640      1636300838481      
280      0.003940      1636300838509      
281      0.002900      1636300838565      
282      0.007550      1636300838599      
283      0.000180      1636300838623      
284      0.003470      1636300838655      
285      0.003000      1636300838690      
286      0.002470      1636300838719      
287      0.001000      1636300838754      
288      0.003940      1636300838785      
289      0.001610      1636300838815      
290      -0.000040      1636300838859      
291      0.004560      1636300838891      
292      0.000920      1636300838923      
293      0.001510      1636300838958      
294      0.002150      1636300838985      
295      -0.000550      1636300839017      
296      0.005430      1636300839049      
297      -0.000120      1636300839081      
298      0.001150      1636300839112      
299      0.005590      1636300839172      
300      0.001460      1636300839191      
301      0.002940      1636300839224      
302      0.005620      1636300839256      
303      -0.001020      1636300839288      
304      0.001490      1636300839320      
305      0.002670      1636300839352      
306      0.000130      1636300839386      
307      0.001020      1636300839416      
308      0.000010      1636300839463      
309      -0.002110      1636300839492      
310      0.000280      1636300839525      
311      0.000280      1636300839562      
312      0.003230      1636300839590      
313      0.002330      1636300839620      
314      0.000490      1636300839667      
315      0.008250      1636300839698      
316      0.003130      1636300839727      
317      0.003940      1636300839759      
318      0.005930      1636300839793      
319      0.002790      1636300839824      
320      0.000130      1636300839856      
321      0.003980      1636300839887      
322      0.005620      1636300839941      
323      0.003640      1636300839975      
324      0.002920      1636300840002      
325      0.000060      1636300840028      
326      0.000000      1636300840057      
327      0.003690      1636300840090      
328      -0.000180      1636300840121      
329      0.001980      1636300840173      
330      0.009270      1636300840202      
331      0.001050      1636300840233      
332      0.005190      1636300840267      
333      0.006630      1636300840298      
334      0.000830      1636300840326      
335      0.005380      1636300840367      
336      0.009000      1636300840408      
337      0.004600      1636300840443      
338      0.003940      1636300840472      
339      0.007660      1636300840501      
340      0.004830      1636300840532      
341      0.006440      1636300840565      
342      0.004150      1636300840599      
343      -0.000040      1636300840642      
344      0.006590      1636300840673      
345      0.003780      1636300840706      
346      0.002090      1636300840737      
347      0.007640      1636300840771      
348      0.006230      1636300840803      
349      0.002540      1636300840832      
350      0.003040      1636300840862      
351      0.002760      1636300840909      
352      0.000070      1636300840942      
353      0.001430      1636300840981      
354      0.002540      1636300841015      
355      -0.002510      1636300841037      
356      -0.001240      1636300841069      
357      0.000080      1636300841102      
358      -0.003440      1636300841132      
359      -0.005780      1636300841179      
360      -0.007730      1636300841209      
361      -0.011210      1636300841243      
362      -0.007040      1636300841274      
363      -0.013460      1636300841311      
364      -0.015590      1636300841337      
365      -0.018990      1636300841369      
366      -0.021220      1636300841406      
367      -0.025750      1636300841448      
368      -0.036460      1636300841476      
369      -0.011100      1636300841507      
370      -0.010810      1636300841540      
371      -0.005440      1636300841570      
372      -0.006630      1636300841604      
373      -0.013240      1636300841636      
374      -0.014320      1636300841681      
375      -0.020840      1636300841711      
376      -0.022110      1636300841743      
377      -0.010300      1636300841774      
378      -0.017230      1636300841814      
379      -0.013120      1636300841840      
380      -0.007180      1636300841873      
381      -0.018710      1636300841905      
382      -0.018900      1636300841936      
383      -0.021140      1636300841982      
384      -0.031310      1636300842014      
385      -0.011390      1636300842047      
386      -0.016390      1636300842074      
387      -0.014720      1636300842107      
388      -0.005380      1636300842139      
389      -0.010070      1636300842185      
390      -0.015890      1636300842223      
391      -0.007390      1636300842250      
392      -0.017380      1636300842282      
393      -0.015660      1636300842310      
394      -0.013870      1636300842342      
395      -0.013420      1636300842375      
396      -0.008010      1636300842432      
397      -0.017550      1636300842453      
398      -0.018430      1636300842483      
399      -0.022030      1636300842516      
400      -0.015880      1636300842533      
401      -0.012670      1636300842565      
402      -0.025950      1636300842598      
403      -0.018810      1636300842631      
404      -0.019110      1636300842658      
405      -0.024390      1636300842690      
406      -0.006910      1636300842723      
407      -0.010550      1636300842754      
408      -0.009950      1636300842785      
409      -0.019940      1636300842825      
410      -0.015360      1636300842866      
411      -0.048400      1636300842898      
412      -0.019120      1636300842924      
413      -0.020240      1636300842958      
414      -0.028520      1636300842989      
415      -0.010270      1636300843030      
416      -0.017760      1636300843054      
417      -0.022380      1636300843086      
418      -0.016610      1636300843117      
419      -0.020230      1636300843166      
420      -0.030670      1636300843198      
421      -0.013750      1636300843227      
422      -0.024240      1636300843261      
423      -0.020790      1636300843291      
424      -0.014170      1636300843323      
425      -0.022730      1636300843356      
426      -0.018350      1636300843387      
427      -0.008550      1636300843419      
428      -0.016460      1636300843475      
429      -0.026730      1636300843501      
430      -0.017200      1636300843533      
431      -0.018460      1636300843563      
432      -0.019270      1636300843593      
433      -0.014420      1636300843633      
434      -0.000400      1636300843657      
435      -0.005930      1636300843690      
436      -0.005740      1636300843722      
437      -0.014560      1636300843753      
438      -0.009810      1636300843785      
439      -0.013790      1636300843837      
440      -0.036970      1636300843865      
441      -0.016380      1636300843897      
442      -0.035230      1636300843927      
443      -0.017050      1636300843958      
444      -0.007970      1636300843989      
445      -0.020030      1636300844025      
446      -0.007900      1636300844057      
447      -0.007620      1636300844101      
448      -0.023710      1636300844131      
449      -0.025910      1636300844164      
450      -0.008340      1636300844193      
451      -0.019110      1636300844226      
452      -0.032340      1636300844266      
453      -0.005400      1636300844289      
454      0.005250      1636300844336      
455      -0.013080      1636300844368      
456      -0.009350      1636300844400      
457      -0.007900      1636300844437      
458      -0.014190      1636300844465      
459      -0.011420      1636300844497      
460      -0.011870      1636300844523      
461      -0.012260      1636300844555      
462      -0.003400      1636300844605      
463      -0.029050      1636300844636      
464      -0.038450      1636300844672      
465      -0.015250      1636300844699      
466      -0.011710      1636300844730      
467      -0.017730      1636300844763      
