167      0.454111      0.010492      0.150279      1.320032      -1.014778      1.010950      
168      0.454571      0.010612      0.150159      1.322353      -1.010275      1.006439      
169      0.455851      0.010952      0.149759      1.327436      -1.000332      0.996476      
170      0.456611      0.011202      0.149509      1.330769      -0.993745      0.989877      
171      0.457351      0.011442      0.149369      1.333939      -0.987433      0.983553      
172      0.458021      0.011772      0.149279      1.336087      -0.983130      0.979242      
173      0.458641      0.012112      0.149129      1.339461      -0.976322      0.972421      
174      0.459221      0.012462      0.148959      1.341863      -0.971441      0.967531      
175      0.459741      0.012782      0.148759      1.344429      -0.966196      0.962276      
176      0.460291      0.013012      0.148589      1.346427      -0.962088      0.958161      
177      0.460841      0.013242      0.148389      1.348980      -0.956808      0.952871      
178      0.461531      0.013492      0.148359      1.352483      -0.949507      0.945557      
179      0.462271      0.013742      0.148569      1.360052      -0.933506      0.929527      
180      0.462921      0.013932      0.148709      1.369212      -0.913699      0.909685      
181      0.463661      0.014082      0.148579      1.373610      -0.904011      0.899980      
182      0.464351      0.014212      0.148069      1.378042      -0.894126      0.890078      
183      0.464961      0.014342      0.147419      1.381350      -0.886664      0.882604      
184      0.465511      0.014462      0.146709      1.383893      -0.880879      0.876809      
185      0.466081      0.014612      0.145959      1.386405      -0.875122      0.871042      
186      0.466741      0.014732      0.145329      1.388524      -0.870229      0.866141      
187      0.467411      0.014842      0.144859      1.390471      -0.865708      0.861612      
188      0.468151      0.014852      0.144429      1.390866      -0.864787      0.860689      
189      0.468931      0.014972      0.143959      1.392991      -0.859815      0.855709      
190      0.469721      0.015092      0.143599      1.394477      -0.856318      0.852207      
191      0.470431      0.015212      0.143259      1.395577      -0.853720      0.849604      
192      0.471591      0.015502      0.142579      1.397417      -0.849353      0.845230      
193      0.471981      0.015652      0.142369      1.398098      -0.847730      0.843604      
194      0.472771      0.015892      0.141999      1.398998      -0.845580      0.841451      
195      0.473641      0.016112      0.141599      1.400204      -0.842690      0.838556      
196      0.474501      0.016352      0.141199      1.402737      -0.836580      0.832436      
197      0.475441      0.016542      0.140739      1.405629      -0.829543      0.825388      
198      0.476401      0.016752      0.140209      1.408897      -0.821511      0.817343      
199      0.477421      0.016972      0.139679      1.413668      -0.809621      0.805434      
200      0.478371      0.017212      0.139359      1.418776      -0.796673      0.792466      
201      0.479171      0.017372      0.139229      1.422240      -0.787756      0.783536      
202      0.480231      0.017582      0.139289      1.426991      -0.775341      0.771101      
203      0.480631      0.017672      0.139389      1.428954      -0.770145      0.765897      
204      0.481511      0.017782      0.139619      1.431868      -0.762362      0.758104      
205      0.482451      0.017912      0.139849      1.434959      -0.754009      0.749738      
206      0.483451      0.017962      0.139939      1.438089      -0.745443      0.741159      
207      0.484381      0.018132      0.139789      1.442199      -0.734030      0.729730      
208      0.485271      0.018272      0.139699      1.447438      -0.719195      0.714874      
209      0.486351      0.018392      0.139729      1.454667      -0.698158      0.693807      
210      0.486971      0.018372      0.139749      1.457180      -0.690680      0.686319      
211      0.487581      0.018372      0.139639      1.460174      -0.681657      0.677284      
212      0.487901      0.018352      0.139569      1.462475      -0.674635      0.670252      
213      0.488531      0.018282      0.139399      1.465398      -0.665596      0.661202      
214      0.489111      0.018222      0.139179      1.468009      -0.657410      0.653005      
215      0.490101      0.018172      0.138629      1.471441      -0.646479      0.642059      
216      0.490791      0.018112      0.138309      1.473447      -0.639999      0.635571      
217      0.491471      0.018132      0.137959      1.475800      -0.632304      0.627866      
218      0.492101      0.018162      0.137469      1.478509      -0.623322      0.618873      
219      0.492651      0.018152      0.136949      1.480767      -0.615729      0.611270      
220      0.493111      0.018162      0.136469      1.482488      -0.609873      0.605407      
221      0.493281      0.018112      0.136249      1.483273      -0.607180      0.602711      
222      0.493581      0.018012      0.135749      1.484355      -0.603451      0.598977      
223      0.493831      0.017842      0.135329      1.485212      -0.600479      0.596001      
224      0.494041      0.017632      0.134889      1.486067      -0.597498      0.593017      
225      0.494301      0.017472      0.134289      1.488131      -0.590236      0.585746      
226      0.494521      0.017382      0.133639      1.490545      -0.581623      0.577122      
227      0.494711      0.017302      0.133069      1.493494      -0.570913      0.566401      
228      0.494921      0.017302      0.132539      1.498326      -0.552893      0.548359      
229      0.494941      0.017342      0.132249      1.503242      -0.533902      0.529347      
230      0.495071      0.017372      0.131969      1.505882      -0.523403      0.518836      
231      0.495151      0.017402      0.131809      1.506888      -0.519348      0.514777      
232      0.495291      0.017472      0.131439      1.509247      -0.509698      0.505116      
233      0.495391      0.017492      0.131059      1.511836      -0.498885      0.494292      
234      0.495571      0.017522      0.130739      1.513780      -0.490603      0.486001      
235      0.495811      0.017502      0.130459      1.515025      -0.485220      0.480613      
236      0.496281      0.017352      0.130179      1.517009      -0.476514      0.471897      
237      0.496531      0.017272      0.129939      1.517705      -0.473424      0.468805      
238      0.496921      0.017112      0.129849      1.518651      -0.469182      0.464558      
239      0.497121      0.017022      0.129849      1.519339      -0.466076      0.461449      
240      0.497531      0.016862      0.129879      1.521133      -0.457870      0.453234      
241      0.497901      0.016672      0.130079      1.522255      -0.452660      0.448019      
242      0.498191      0.016502      0.130309      1.523726      -0.445735      0.441087      
243      0.498421      0.016342      0.130409      1.525209      -0.438637      0.433982      
244      0.498631      0.016252      0.130469      1.526789      -0.430944      0.426283      
245      0.498841      0.016052      0.130429      1.530670      -0.411420      0.406740      
246      0.499081      0.015822      0.130549      1.533100      -0.398696      0.394005      
247      0.499291      0.015562      0.130649      1.536057      -0.382634      0.377928      
248      0.499641      0.015212      0.130929      1.538718      -0.367564      0.362845      
249      0.499831      0.015062      0.131089      1.539841      -0.361010      0.356286      
250      0.500331      0.014632      0.131509      1.542140      -0.347205      0.342468      
251      0.500781      0.014222      0.131849      1.543945      -0.335958      0.331212      
252      0.501081      0.013842      0.132009      1.546011      -0.322604      0.317848      
253      0.501201      0.013492      0.132059      1.547210      -0.314588      0.309825      
254      0.501131      0.013062      0.132159      1.548912      -0.302839      0.298067      
255      0.501071      0.012802      0.132089      1.550424      -0.292010      0.287230      
256      0.501061      0.012502      0.132009      1.551496      -0.284074      0.279288      
257      0.501101      0.012302      0.132009      1.552059      -0.279816      0.275027      
258      0.501241      0.011762      0.132069      1.552871      -0.273554      0.268760      
259      0.501341      0.011262      0.132089      1.553211      -0.270892      0.266096      
260      0.501391      0.010862      0.132069      1.554102      -0.263782      0.258982      
261      0.501361      0.010472      0.131989      1.555258      -0.254268      0.249461      
262      0.501331      0.010072      0.131879      1.556175      -0.246451      0.241639      
263      0.501341      0.009722      0.131859      1.557967      -0.230415      0.225591      
264      0.501351      0.009642      0.131819      1.558418      -0.226199      0.221373      
265      0.501361      0.009502      0.131779      1.559373      -0.216999      0.212167      
266      0.501281      0.009432      0.131709      1.560747      -0.203047      0.198207      
267      0.501191      0.009362      0.131619      1.562015      -0.189249      0.184400      
268      0.501101      0.009272      0.131459      1.562829      -0.179839      0.174985      
269      0.501091      0.009152      0.131329      1.563262      -0.174624      0.169767      
270      0.500811      0.008902      0.131189      1.563692      -0.169299      0.164439      
271      0.500461      0.008752      0.130889      1.563720      -0.168946      0.164086      
272      0.500001      0.008662      0.130479      1.563722      -0.168923      0.164062      
273      0.499801      0.008662      0.130289      1.563823      -0.167637      0.162775      
274      0.499511      0.008672      0.130059      1.564088      -0.164233      0.159369      
275      0.499321      0.008732      0.129889      1.564526      -0.158444      0.153577      
276      0.499271      0.008792      0.129809      1.565052      -0.151204      0.146333      
277      0.499281      0.008792      0.129819      1.565431      -0.145767      0.140894      
278      0.499291      0.008832      0.129649      1.566435      -0.130295      0.125413      
279      0.499141      0.008762      0.129619      1.567490      -0.111767      0.106877      
280      0.499181      0.008752      0.129569      1.568021      -0.101187      0.096292      
281      0.499191      0.008762      0.129379      1.568244      -0.096392      0.091494      
282      0.499171      0.008732      0.129309      1.568287      -0.095434      0.090536      
283      0.499101      0.008722      0.129279      1.568496      -0.090693      0.085793      
284      0.499121      0.008742      0.129299      1.568568      -0.088990      0.084089      
285      0.499171      0.008752      0.129359      1.568785      -0.083675      0.078772      
286      0.499341      0.008782      0.129559      1.569007      -0.077866      0.072960      
287      0.499591      0.008812      0.129819      1.569299      -0.069537      0.064628      
288      0.499851      0.008862      0.130089      1.569588      -0.060187      0.055273      
289      0.500031      0.008932      0.130329      1.569795      -0.052477      0.047560      
290      0.500121      0.009022      0.130569      1.570041      -0.041634      0.036713      
291      0.500171      0.009102      0.130709      1.570110      -0.038046      0.033124      
292      0.500291      0.009332      0.130899      1.570309      -0.025184      0.020257      
293      0.500471      0.009452      0.131069      1.570361      -0.020669      0.015741      
294      0.500741      0.009562      0.131319      1.570386      -0.018101      0.013172      
295      0.501021      0.009682      0.131499      1.570419      -0.014120      0.009189      
296      0.501481      0.009962      0.131819      1.570450      -0.009259      0.004327      
297      0.501691      0.010162      0.132049      1.570459      -0.007288      0.002355      
298      0.501661      0.010332      0.132139      1.570478      0.002315      -0.007251      
299      0.501781      0.010342      0.132309      1.570476      0.005307      -0.010244      
300      0.502271      0.010732      0.132709      1.570442      0.014330      -0.019270      
301      0.502541      0.010952      0.132969      1.570425      0.017071      -0.022011      
302      0.502731      0.011132      0.133159      1.570406      0.019599      -0.024540      
303      0.502941      0.011262      0.133329      1.570384      0.022049      -0.026991      
304      0.503191      0.011402      0.133479      1.570338      0.026478      -0.031421      
305      0.503631      0.011502      0.133739      1.570301      0.029556      -0.034500      
306      0.503851      0.011542      0.133889      1.570271      0.031818      -0.036763      
307      0.504341      0.011552      0.134229      1.570231      0.034535      -0.039480      
308      0.505051      0.011652      0.134529      1.570192      0.037063      -0.042009      
309      0.505561      0.011752      0.134719      1.570126      0.040903      -0.045850      
310      0.505961      0.011852      0.134939      1.570071      0.043832      -0.048780      
311      0.506281      0.012042      0.135029      1.570045      0.045136      -0.050084      
312      0.506621      0.012282      0.134929      1.570003      0.047185      -0.052134      
313      0.506781      0.012412      0.134839      1.569939      0.050122      -0.055071      
314      0.507341      0.012772      0.134719      1.569822      0.055124      -0.060075      
315      0.507651      0.012932      0.134709      1.569673      0.060840      -0.065792      
316      0.507861      0.013062      0.134659      1.569513      0.066447      -0.071400      
317      0.508021      0.013182      0.134649      1.569351      0.071668      -0.076622      
318      0.508121      0.013262      0.134549      1.569241      0.074982      -0.079937      
319      0.508181      0.013292      0.134489      1.569057      0.080226      -0.085182      
320      0.508221      0.013332      0.134489      1.568882      0.084898      -0.089855      
321      0.508401      0.013392      0.134619      1.568547      0.093212      -0.098171      
322      0.508411      0.013372      0.134639      1.568231      0.100396      -0.105356      
323      0.508381      0.013372      0.134599      1.568023      0.104847      -0.109808      
324      0.508251      0.013362      0.134459      1.567825      0.108929      -0.113890      
325      0.508051      0.013322      0.134249      1.567558      0.114181      -0.119143      
326      0.507921      0.013242      0.134089      1.567228      0.120343      -0.125306      
327      0.507861      0.013042      0.133959      1.567075      0.123098      -0.128061      
328      0.507871      0.012772      0.133849      1.566854      0.126967      -0.131931      
329      0.507911      0.012632      0.133789      1.566737      0.128985      -0.133949      
330      0.508071      0.012242      0.133849      1.566402      0.134549      -0.139514      
331      0.508201      0.011672      0.133719      1.566131      0.138874      -0.143839      
332      0.508421      0.011322      0.133769      1.565996      0.140993      -0.145959      
333      0.508581      0.011032      0.133769      1.565632      0.146518      -0.151484      
334      0.508711      0.010812      0.133749      1.565494      0.148566      -0.153533      
335      0.508841      0.010602      0.133839      1.565458      0.149092      -0.154058      
336      0.508981      0.010542      0.133809      1.565668      0.145984      -0.150950      
337      0.509081      0.010422      0.133749      1.565758      0.144634      -0.149601      
338      0.509141      0.010272      0.133719      1.565652      0.146220      -0.151186      
339      0.509221      0.010142      0.133709      1.565420      0.149649      -0.154616      
340      0.509391      0.009972      0.133809      1.565218      0.152576      -0.157543      
341      0.509421      0.009852      0.133839      1.564965      0.156147      -0.161114      
342      0.509361      0.009762      0.133709      1.564612      0.161004      -0.165971      
343      0.509321      0.009702      0.133609      1.564033      0.168669      -0.173638      
344      0.509331      0.009632      0.133569      1.563766      0.172082      -0.177051      
345      0.509271      0.009602      0.133489      1.563658      0.173440      -0.178408      
346      0.509111      0.009522      0.133279      1.562786      0.184070      -0.189039      
347      0.508981      0.009472      0.133139      1.562262      0.190164      -0.195134      
348      0.508841      0.009382      0.132989      1.561964      0.193545      -0.198515      
349      0.508811      0.009262      0.132949      1.561351      0.200314      -0.205284      
350      0.508811      0.009122      0.132929      1.561028      0.203796      -0.208766      
351      0.508801      0.009062      0.132819      1.560721      0.207042      -0.212012      
352      0.508781      0.009002      0.132709      1.560391      0.210469      -0.215439      
353      0.508781      0.009002      0.132599      1.560227      0.212155      -0.217125      
354      0.508731      0.009012      0.132489      1.559992      0.214555      -0.219525      
355      0.508651      0.009032      0.132399      1.559321      0.221243      -0.226213      
356      0.508431      0.009082      0.132219      1.558095      0.232956      -0.237925      
357      0.508161      0.009072      0.131869      1.557591      0.237596      -0.242566      
358      0.508091      0.009042      0.131779      1.557607      0.237455      -0.242425      
359      0.508011      0.009032      0.131709      1.557564      0.237847      -0.242817      
360      0.507921      0.009012      0.131609      1.557489      0.238529      -0.243499      
361      0.507911      0.009012      0.131629      1.556805      0.244666      -0.249635      
362      0.508051      0.008982      0.131909      1.556488      0.247456      -0.252425      
363      0.508221      0.008942      0.132109      1.556224      0.249760      -0.254729      
364      0.508271      0.008952      0.132139      1.555435      0.256507      -0.261476      
365      0.508401      0.008972      0.132389      1.554691      0.262713      -0.267681      
366      0.508441      0.008992      0.132419      1.553308      0.273861      -0.278828      
367      0.508591      0.008972      0.132599      1.553110      0.275419      -0.280387      
368      0.508781      0.008842      0.132979      1.553235      0.274440      -0.279408      
369      0.508791      0.008802      0.133019      1.553143      0.275161      -0.280129      
370      0.508811      0.008772      0.133039      1.553190      0.274793      -0.279760      
371      0.508831      0.008742      0.133129      1.553099      0.275506      -0.280473      
372      0.508861      0.008762      0.133079      1.552916      0.276939      -0.281907      
373      0.509011      0.008812      0.133259      1.552559      0.279712      -0.284679      
374      0.509231      0.008862      0.133479      1.552013      0.283902      -0.288869      
375      0.509561      0.008902      0.133819      1.551753      0.285875      -0.290842      
376      0.509741      0.008942      0.134029      1.551310      0.289204      -0.294170      
377      0.509741      0.008942      0.134029      1.550394      0.295961      -0.300927      
378      0.509741      0.008942      0.134029      1.549931      0.299320      -0.304285      
379      0.509741      0.008942      0.134029      1.549158      0.304847      -0.309812      
380      0.509741      0.008942      0.134029      1.548127      0.312057      -0.317020      
381      0.509741      0.008942      0.134029      1.547831      0.314092      -0.319055      
382      0.509741      0.008942      0.134029      1.547113      0.318983      -0.323946      
383      0.509741      0.008942      0.134029      1.546298      0.324445      -0.329407      
384      0.509741      0.008942      0.134029      1.546024      0.326261      -0.331222      
385      0.509741      0.008942      0.134029      1.545414      0.330267      -0.335227      
386      0.509741      0.008942      0.134029      1.545253      0.331315      -0.336276      
387      0.509741      0.008942      0.134029      1.545250      0.331331      -0.336291      
388      0.509741      0.008942      0.134029      1.544535      0.335946      -0.340906      
389      0.509741      0.008942      0.134029      1.543809      0.340569      -0.345528      
390      0.509741      0.008942      0.134029      1.543861      0.340241      -0.345200      
391      0.509741      0.008942      0.134029      1.544124      0.338567      -0.343526      
392      0.509741      0.008942      0.134029      1.544091      0.338778      -0.343737      
393      0.509741      0.008942      0.134029      1.544113      0.338637      -0.343597      
394      0.509741      0.008942      0.134029      1.544069      0.338919      -0.343878      
395      0.509741      0.008942      0.134029      1.544027      0.339185      -0.344144      
396      0.509741      0.008942      0.134029      1.544012      0.339279      -0.344238      
397      0.509741      0.008942      0.134029      1.543899      0.339998      -0.344957      
398      0.509741      0.008942      0.134029      1.543921      0.339858      -0.344817      
399      0.509741      0.008942      0.134029      1.543686      0.341344      -0.346303      
400      0.509741      0.008942      0.134029      1.543506      0.342478      -0.347436      
401      0.509741      0.008942      0.134029      1.543024      0.345489      -0.350447      
402      0.509741      0.008942      0.134029      1.542655      0.347780      -0.352738      
403      0.509741      0.008942      0.134029      1.542320      0.349845      -0.354802      
404      0.509741      0.008942      0.134029      1.541889      0.352488      -0.357445      
405      0.509741      0.008942      0.134029      1.542030      0.351628      -0.356585      
406      0.509741      0.008942      0.134029      1.541152      0.356953      -0.361909      
407      0.509741      0.008942      0.134029      1.541148      0.356976      -0.361932      
408      0.509741      0.008942      0.134029      1.541038      0.357641      -0.362597      
409      0.509741      0.008942      0.134029      1.540565      0.360471      -0.365426      
410      0.509741      0.008942      0.134029      1.540415      0.361362      -0.366317      
411      0.509741      0.008942      0.134029      1.540075      0.363379      -0.368334      
412      0.509741      0.008942      0.134029      1.539818      0.364896      -0.369850      
413      0.509741      0.008942      0.134029      1.539274      0.368085      -0.373039      
414      0.509741      0.008942      0.134029      1.538403      0.373134      -0.378086      
415      0.509741      0.008942      0.134029      1.537978      0.375572      -0.380524      
416      0.509741      0.008942      0.134029      1.537811      0.376526      -0.381477      
417      0.509741      0.008942      0.134029      1.536800      0.382246      -0.387196      
418      0.509741      0.008942      0.134029      1.536523      0.383793      -0.388742      
419      0.509741      0.008942      0.134029      1.535918      0.387160      -0.392109      
420      0.509741      0.008942      0.134029      1.535545      0.389222      -0.394171      
421      0.509741      0.008942      0.134029      1.535484      0.389558      -0.394507      
422      0.509741      0.008942      0.134029      1.535389      0.390082      -0.395030      
423      0.509741      0.008942      0.134029      1.535004      0.392191      -0.397138      
424      0.509741      0.008942      0.134029      1.534708      0.393808      -0.398755      
425      0.509741      0.008942      0.134029      1.534597      0.394409      -0.399356      
426      0.509741      0.008942      0.134029      1.534475      0.395073      -0.400020      
427      0.509741      0.008942      0.134029      1.533992      0.397682      -0.402628      
428      0.509741      0.008942      0.134029      1.534101      0.397096      -0.402042      
429      0.509741      0.008942      0.134029      1.533492      0.400368      -0.405314      
430      0.509741      0.008942      0.134029      1.532716      0.404499      -0.409443      
431      0.509741      0.008942      0.134029      1.531838      0.409121      -0.414064      
432      0.509741      0.008942      0.134029      1.531311      0.411869      -0.416812      
433      0.509741      0.008942      0.134029      1.530779      0.414625      -0.419566      
434      0.509741      0.008942      0.134029      1.530271      0.417240      -0.422181      
435      0.509741      0.008942      0.134029      1.530132      0.417950      -0.422891      
436      0.509741      0.008942      0.134029      1.529649      0.420417      -0.425356      
437      0.509741      0.008942      0.134029      1.529655      0.420385      -0.425325      
438      0.509741      0.008942      0.134029      1.530070      0.418270      -0.423211      
439      0.509741      0.008942      0.134029      1.528837      0.424529      -0.429468      
440      0.509741      0.008942      0.134029      1.529110      0.423148      -0.428087      
441      0.509741      0.008942      0.134029      1.526612      0.435585      -0.440520      
442      0.509741      0.008942      0.134029      1.525130      0.442792      -0.447725      
443      0.509741      0.008942      0.134029      1.523263      0.451706      -0.456635      
444      0.509741      0.008942      0.134029      1.523162      0.452181      -0.457111      
445      0.509741      0.008942      0.134029      1.523843      0.448953      -0.453884      
446      0.509741      0.008942      0.134029      1.523779      0.449257      -0.454188      
447      0.509741      0.008942      0.134029      1.524416      0.446224      -0.451155      
448      0.509741      0.008942      0.134029      1.524347      0.446551      -0.451483      
449      0.509741      0.008942      0.134029      1.524471      0.445959      -0.450890      
450      0.509741      0.008942      0.134029      1.524902      0.443892      -0.448824      
451      0.509741      0.008942      0.134029      1.525043      0.443214      -0.448146      
452      0.509741      0.008942      0.134029      1.525384      0.441568      -0.446501      
453      0.509741      0.008942      0.134029      1.525542      0.440804      -0.445737      
454      0.509741      0.008942      0.134029      1.525680      0.440133      -0.445066      
455      0.509741      0.008942      0.134029      1.526456      0.436350      -0.441284      
456      0.509741      0.008942      0.134029      1.525760      0.439743      -0.444677      
457      0.509741      0.008942      0.134029      1.525966      0.438744      -0.443678      
458      0.509741      0.008942      0.134029      1.526035      0.438409      -0.443343      
459      0.509741      0.008942      0.134029      1.525137      0.442761      -0.447694      
460      0.509741      0.008942      0.134029      1.525163      0.442636      -0.447569      
461      0.509741      0.008942      0.134029      1.524837      0.444204      -0.449136      
462      0.509741      0.008942      0.134029      1.525230      0.442309      -0.447242      
463      0.509741      0.008942      0.134029      1.525600      0.440523      -0.445456      
464      0.509741      0.008942      0.134029      1.525690      0.440086      -0.445020      
465      0.509741      0.008942      0.134029      1.525882      0.439150      -0.444084      
466      0.509741      0.008942      0.134029      1.526577      0.435757      -0.440692      
467      0.509741      0.008942      0.134029      1.527764      0.429898      -0.434835      
468      0.509741      0.008942      0.134029      1.529684      0.420237      -0.425177      
469      0.509741      0.008942      0.134029      1.532467      0.405819      -0.410763      
470      0.509741      0.008942      0.134029      1.534921      0.392644      -0.397591      
471      0.509741      0.008942      0.134029      1.538534      0.372376      -0.377329      
472      0.509741      0.008942      0.134029      1.541338      0.355835      -0.360791      
473      0.509741      0.008942      0.134029      1.542374      0.349517      -0.354474      
474      0.509741      0.008942      0.134029      1.544445      0.336525      -0.341485      
475      0.509741      0.008942      0.134029      1.548871      0.306867      -0.311831      
476      0.509741      0.008942      0.134029      1.550025      0.298647      -0.303612      
477      0.509741      0.008942      0.134029      1.550955      0.291843      -0.296809      
478      0.509741      0.008942      0.134029      1.551990      0.284074      -0.289041      
479      0.509741      0.008942      0.134029      1.552750      0.278231      -0.283199      
480      0.509741      0.008942      0.134029      1.553048      0.275905      -0.280873      
481      0.509741      0.008942      0.134029      1.554375      0.265298      -0.270267      
482      0.509741      0.008942      0.134029      1.555599      0.255120      -0.260089      
483      0.509741      0.008942      0.134029      1.556284      0.249235      -0.254204      
484      0.509741      0.008942      0.134029      1.556912      0.243717      -0.248687      
485      0.509741      0.008942      0.134029      1.558180      0.232156      -0.237126      
486      0.509741      0.008942      0.134029      1.559130      0.223109      -0.228079      
487      0.509741      0.008942      0.134029      1.561423      0.199529      -0.204499      
488      0.509741      0.008942      0.134029      1.563005      0.181457      -0.186426      
489      0.509741      0.008942      0.134029      1.563735      0.172475      -0.177443      
490      0.509741      0.008942      0.134029      1.564916      0.156837      -0.161804      
491      0.509741      0.008942      0.134029      1.565825      0.143622      -0.148588      
492      0.509741      0.008942      0.134029      1.566285      0.136425      -0.141390      
493      0.509741      0.008942      0.134029      1.566696      0.129668      -0.134632      
494      0.509741      0.008942      0.134029      1.566927      0.125704      -0.130668      
495      0.509571      0.008582      0.134049      1.567302      0.118993      -0.123955      
496      0.509291      0.008352      0.134079      1.567653      0.112336      -0.117298      
497      0.509141      0.008272      0.134099      1.567961      0.106142      -0.111103      
498      0.508851      0.008112      0.134289      1.568553      0.093071      -0.098030      
499      0.508431      0.007792      0.134529      1.568983      0.082252      -0.087209      
500      0.508011      0.007262      0.134929      1.569624      0.062615      -0.067567      
501      0.507761      0.006912      0.135159      1.569896      0.052038      -0.056988      
502      0.507621      0.006672      0.135119      1.570093      0.042670      -0.047618      
503      0.507491      0.006432      0.135049      1.570206      0.036168      -0.041114      
504      0.507341      0.006242      0.135219      1.570320      0.027986      -0.032929      
505      0.507251      0.006172      0.135349      1.570369      0.023635      -0.028578      
506      0.506931      0.005992      0.135489      1.570463      0.010097      -0.015036      
507      0.506461      0.005842      0.135889      1.570474      -0.002742      -0.002193      
508      0.505851      0.005752      0.136299      1.570400      -0.016538      0.011609      
509      0.505081      0.005752      0.136439      1.570264      -0.028584      0.023658      
510      0.504321      0.005802      0.136699      1.570113      -0.037857      0.032935      
511      0.503521      0.005862      0.137059      1.569862      -0.049768      0.044851      
512      0.502511      0.005952      0.137279      1.569505      -0.062990      0.058077      
513      0.501771      0.005932      0.137489      1.569160      -0.073619      0.068712      
514      0.501421      0.005882      0.137629      1.568962      -0.079099      0.074193      
515      0.500621      0.005752      0.137799      1.568448      -0.091808      0.086908      
516      0.499761      0.005602      0.137899      1.567825      -0.105214      0.100320      
517      0.499041      0.005542      0.138089      1.567176      -0.117582      0.112695      
518      0.498271      0.005392      0.138239      1.566480      -0.129549      0.124668      
519      0.497081      0.005222      0.138319      1.565665      -0.142315      0.137440      
520      0.496451      0.005092      0.138489      1.565183      -0.149360      0.144489      
521      0.496131      0.005022      0.138499      1.564885      -0.153541      0.148672      
522      0.495441      0.004862      0.138329      1.564393      -0.160225      0.155359      
523      0.494741      0.004672      0.138299      1.563914      -0.166484      0.161622      
524      0.493961      0.004402      0.138269      1.563166      -0.175793      0.170936      
525      0.493221      0.004122      0.138179      1.562485      -0.183870      0.179018      
526      0.492531      0.003832      0.138219      1.561709      -0.192667      0.187821      
527      0.491771      0.003522      0.138309      1.561007      -0.200288      0.195445      
528      0.490541      0.003082      0.138519      1.559743      -0.213331      0.208497      
529      0.489711      0.002752      0.138759      1.558751      -0.223033      0.218205      
530      0.489231      0.002622      0.138819      1.557969      -0.230399      0.225576      
531      0.488331      0.002342      0.139099      1.556768      -0.241258      0.236442      
532      0.487421      0.002122      0.139439      1.555619      -0.251221      0.246412      
533      0.486381      0.001882      0.139749      1.554070      -0.264041      0.259241      
534      0.485361      0.001682      0.140239      1.552973      -0.272763      0.267969      
535      0.484251      0.001492      0.140589      1.551748      -0.282172      0.277385      
536      0.483211      0.001322      0.140949      1.550125      -0.294177      0.289399      
537      0.481951      0.001132      0.141559      1.547541      -0.312335      0.307571      
538      0.481191      0.001022      0.141669      1.546609      -0.318631      0.313872      
539      0.480521      0.001002      0.141529      1.545470      -0.326154      0.321400      
540      0.480231      0.000972      0.141439      1.544883      -0.329962      0.325211      
541      0.479741      0.000892      0.141149      1.543810      -0.336810      0.332065      
542      0.479171      0.000792      0.140759      1.542862      -0.342750      0.338010      
543      0.478541      0.000672      0.140419      1.541395      -0.351737      0.347004      
544      0.477721      0.000532      0.140139      1.539835      -0.361042      0.356317      
545      0.476511      0.000392      0.139489      1.537112      -0.376732      0.372020      
546      0.475951      0.000382      0.139209      1.535581      -0.385265      0.380561      
547      0.475661      0.000342      0.139169      1.534871      -0.389160      0.384460      
548      0.475071      0.000312      0.139169      1.533348      -0.397378      0.392685      
549      0.474471      0.000302      0.139239      1.531560      -0.406810      0.402126      
550      0.473751      0.000312      0.139439      1.529122      -0.419320      0.414648      
551      0.472311      0.000412      0.139619      1.525944      -0.435075      0.430417      
552      0.471301      0.000522      0.139849      1.524273      -0.443133      0.438483      
553      0.470201      0.000602      0.140269      1.522275      -0.452566      0.447926      
554      0.468941      0.000642      0.140769      1.519865      -0.463686      0.459057      
555      0.468281      0.000642      0.141109      1.518848      -0.468295      0.463670      
556      0.466981      0.000652      0.141709      1.516573      -0.478444      0.473829      
557      0.465661      0.000572      0.142129      1.514118      -0.489149      0.484545      
558      0.464531      0.000532      0.142429      1.512262      -0.497081      0.492486      
559      0.463371      0.000442      0.142179      1.510279      -0.505415      0.500829      
560      0.462311      0.000312      0.141829      1.508496      -0.512791      0.508212      
561      0.461001      0.000142      0.141849      1.504575      -0.528630      0.524069      
562      0.460291      0.000062      0.141869      1.502371      -0.537318      0.532767      
563      0.459961      0.000072      0.141909      1.501280      -0.541564      0.537017      
564      0.459291      0.000022      0.142109      1.498814      -0.551039      0.546503      
565      0.458601      0.000042      0.142329      1.495930      -0.561905      0.557381      
566      0.457871      0.000132      0.142369      1.493469      -0.571006      0.566494      
567      0.457101      0.000212      0.142349      1.490470      -0.581894      0.577394      
568      0.456361      0.000422      0.142209      1.488671      -0.588323      0.583831      
569      0.455271      0.000822      0.141799      1.486222      -0.596956      0.592475      
570      0.454381      0.001032      0.141399      1.483588      -0.606097      0.601626      
571      0.453411      0.001312      0.141119      1.480520      -0.616564      0.612106      
572      0.452861      0.001432      0.140959      1.478772      -0.622441      0.617990      
573      0.451781      0.001722      0.140459      1.475328      -0.633857      0.629421      
574      0.450871      0.001962      0.140269      1.472663      -0.642540      0.638116      
575      0.449851      0.002132      0.140209      1.467940      -0.657626      0.653221      
576      0.448741      0.002212      0.140239      1.463187      -0.672445      0.668059      
577      0.447551      0.002282      0.140399      1.457201      -0.690618      0.686257      
578      0.446251      0.002342      0.140199      1.452759      -0.703777      0.699435      
579      0.445061      0.002412      0.139879      1.450100      -0.711527      0.707195      
580      0.443681      0.002392      0.139509      1.447440      -0.719188      0.714866      
581      0.442941      0.002292      0.139159      1.445304      -0.725277      0.720964      
582      0.442541      0.002272      0.139029      1.444572      -0.727352      0.723043      
583      0.441751      0.002192      0.138829      1.442665      -0.732724      0.728422      
584      0.440991      0.002102      0.138529      1.439668      -0.741082      0.736792      
585      0.440391      0.002022      0.138319      1.436245      -0.750502      0.746225      
586      0.439881      0.001942      0.138099      1.432646      -0.760269      0.756007      
587      0.439311      0.001842      0.137819      1.429194      -0.769508      0.765260      
588      0.438291      0.001632      0.137409      1.422567      -0.786907      0.782685      
589      0.437471      0.001442      0.137109      1.418252      -0.798012      0.793807      
590      0.436791      0.001302      0.136849      1.414816      -0.806731      0.802540      
591      0.436421      0.001192      0.136709      1.411880      -0.814100      0.809920      
592      0.435611      0.000952      0.136379      1.406141      -0.828292      0.824134      
593      0.435021      0.000812      0.136179      1.401873      -0.838670      0.834530      
594      0.434261      0.000622      0.135909      1.397138      -0.850016      0.845894      
595      0.433391      0.000432      0.135599      1.393487      -0.858649      0.854542      
596      0.432461      0.000242      0.135279      1.390451      -0.865754      0.861658      
597      0.431511      0.000032      0.134939      1.387906      -0.871660      0.867574      
598      0.430071      -0.000308      0.134489      1.384259      -0.880043      0.875971      
599      0.429331      -0.000538      0.134259      1.381092      -0.887250      0.883190      
600      0.428971      -0.000628      0.134149      1.379241      -0.891429      0.887376      
601      0.428251      -0.000878      0.133919      1.375996      -0.898705      0.894665      
602      0.427631      -0.001048      0.133749      1.373371      -0.904543      0.900513      
603      0.426861      -0.001238      0.133519      1.369209      -0.913707      0.909693      
604      0.425561      -0.001528      0.133159      1.362483      -0.928296      0.924308      
605      0.424831      -0.001668      0.132959      1.357548      -0.938835      0.934865      
606      0.424031      -0.001858      0.132739      1.354278      -0.945742      0.941785      
607      0.423231      -0.002048      0.132509      1.352061      -0.950392      0.946443      
608      0.422441      -0.002218      0.132339      1.349173      -0.956408      0.952470      
609      0.421991      -0.002318      0.132239      1.346350      -0.962247      0.958320      
610      0.421211      -0.002488      0.132059      1.340306      -0.974610      0.970706      
611      0.420471      -0.002578      0.131939      1.333419      -0.988473      0.984595      
612      0.419701      -0.002648      0.131729      1.328234      -0.998759      0.994901      
613      0.418881      -0.002728      0.131479      1.322701      -1.009599      1.005761      
