55      74.603597      0.436330      
56      73.970460      0.436330      
57      72.563807      0.436330      
58      70.896451      0.436330      
59      68.001783      0.436330      
60      65.573516      0.436330      
61      63.708483      0.436330      
62      62.332198      0.436330      
63      61.441222      0.436330      
64      60.715263      0.436330      
65      60.538214      0.436330      
66      60.200732      0.436330      
67      59.460449      0.436330      
68      59.038166      0.436330      
69      58.380965      0.436330      
70      58.126564      0.436330      
71      57.899666      0.436330      
72      57.742671      0.436330      
73      57.918001      0.436330      
74      57.680789      0.436330      
75      57.747827      0.436330      
76      57.743244      0.436330      
77      57.732930      0.436330      
78      57.731784      0.436330      
79      57.803406      0.436330      
80      57.404616      0.436330      
81      57.068279      0.436330      
82      56.414515      0.436330      
83      56.077606      0.436330      
84      55.983065      0.436330      
85      56.364094      0.436330      
86      56.281012      0.436330      
87      55.876492      0.436330      
88      55.782524      0.436330      
89      55.289193      0.436330      
90      54.956295      0.436330      
91      54.366704      0.436330      
92      54.196530      0.436330      
93      53.946140      0.436330      
94      53.058030      0.436330      
95      52.365876      0.436330      
96      51.781442      0.436330      
97      50.779309      0.436330      
98      50.526054      0.436330      
99      50.087729      0.436330      
100      49.750820      0.436330      
101      48.678211      0.436330      
102      47.836511      0.436330      
103      46.703740      0.436330      
104      46.525545      0.436330      
105      45.862613      0.436330      
106      45.062168      0.436330      
107      44.276619      0.436330      
108      44.226198      0.436330      
109      44.025084      0.436330      
110      43.795894      0.436330      
111      43.380487      0.436330      
112      42.970810      0.436330      
113      42.839599      0.436330      
114      42.561133      0.436330      
115      42.604679      0.436330      
116      42.248862      0.436330      
117      41.897629      0.436330      
118      41.741779      0.436330      
119      41.227248      0.436330      
120      40.391851      0.436330      
121      39.406908      0.436330      
122      39.149069      0.436330      
123      38.664905      0.436330      
124      38.239185      0.436330      
125      38.156677      0.436330      
126      37.585994      0.436330      
127      37.160274      0.436330      
128      35.857902      0.436330      
129      35.526723      0.436330      
130      35.520420      0.436330      
131      35.594334      0.436330      
132      35.831545      0.436330      
133      35.924367      0.436330      
134      35.892854      0.436330      
135      35.645329      0.436330      
136      35.400095      0.436330      
137      35.067770      0.436330      
138      34.812223      0.436330      
139      34.654082      0.436330      
140      34.235811      0.436330      
141      33.747636      0.436330      
142      33.741907      0.436330      
143      33.415884      0.436330      
144      32.579914      0.436330      
145      31.572052      0.436330      
146      31.538246      0.436330      
147      30.785930      0.436330      
148      30.775044      0.436330      
149      30.617476      0.436330      
150      30.851249      0.436330      
151      30.352761      0.436330      
152      30.253637      0.436330      
153      30.168837      0.436330      
154      30.151074      0.436330      
155      29.989495      0.436330      
156      29.588413      0.436330      
157      29.469807      0.436330      
158      28.475123      0.436330      
159      28.307242      0.436330      
160      28.045392      0.436330      
161      27.848862      0.436330      
162      27.487315      0.436330      
163      26.743594      0.436330      
164      25.984402      0.436330      
165      25.947159      0.436330      
166      25.592488      0.436330      
167      25.156454      0.436330      
168      24.562852      0.436330      
169      23.941748      0.436330      
170      23.843196      0.436330      
171      22.274391      0.436330      
172      21.844087      0.436330      
173      21.921439      0.436330      
174      21.661308      0.436330      
175      21.403470      0.436330      
176      21.035620      0.436330      
177      20.354353      0.436330      
178      19.580264      0.436330      
179      19.321280      0.436330      
180      18.966608      0.436330      
181      18.846284      0.436330      
182      18.983225      0.436330      
183      18.886392      0.436330      
184      18.882954      0.436330      
185      18.327742      0.436330      
186      17.907178      0.436330      
187      17.783416      0.436330      
188      17.748464      0.436330      
189      17.402387      0.436330      
190      17.386917      0.436330      
191      17.444215      0.436330      
192      17.372020      0.436330      
193      17.361706      0.436330      
194      17.126214      0.436330      
195      17.056311      0.436330      
196      16.930256      0.436330      
197      16.811078      0.436330      
198      17.159446      0.436330      
199      17.345663      0.436330      
200      16.965781      0.436330      
201      16.320038      0.436330      
202      15.811237      0.436330      
203      15.890307      0.436330      
204      14.675028      0.436330      
205      13.755403      0.436330      
206      13.527360      0.436330      
207      13.509597      0.436330      
208      12.687379      0.436330      
209      12.040490      0.436330      
210      11.861149      0.436330      
211      11.532262      0.436330      
212      10.615502      0.436330      
213      10.093522      0.436330      
214      10.507210      0.436330      
215      10.673373      0.436330      
216      10.664205      0.436330      
217      10.840108      0.436330      
218      10.656756      0.436330      
219      10.330734      0.436330      
220      10.165144      0.436330      
221      10.071176      0.436330      
222      10.069457      0.436330      
223      10.465383      0.436330      
224      10.858443      0.436330      
225      11.079039      0.436330      
226      10.922617      0.436330      
227      10.987363      0.436330      
228      10.747286      0.436330      
229      10.386885      0.436330      
230      10.520388      0.436330      
231      10.392615      0.436330      
232      10.483145      0.436330      
233      10.589718      0.436330      
234      10.367404      0.436330      
235      10.306096      0.436330      
236      10.188636      0.436330      
237      9.900430      0.436330      
238      9.467834      0.436330      
239      9.099984      0.436330      
240      8.979086      0.436330      
241      8.620404      0.436330      
242      8.427885      0.436330      
243      8.651918      0.436330      
244      8.908611      0.436330      
245      8.725832      0.436330      
246      8.611237      0.436330      
247      8.507528      0.436330      
248      8.125354      0.436330      
249      7.242973      0.436330      
250      6.912367      0.436330      
251      7.144421      0.436330      
252      7.233233      0.436330      
253      7.158746      0.436330      
254      7.081967      0.436330      
255      6.915805      0.436330      
256      6.171510      0.436330      
257      5.836893      0.436330      
258      5.959510      0.436330      
259      6.101608      0.436330      
260      5.703963      0.436330      
261      5.299443      0.436330      
262      5.627757      0.436330      
263      5.392265      0.436330      
264      4.673182      0.436330      
265      4.750533      0.436330      
266      4.835906      0.436330      
267      4.729906      0.436330      
268      4.806112      0.436330      
269      4.559733      0.436330      
270      4.370651      0.436330      
271      4.202769      0.436330      
272      4.022855      0.436330      
273      3.861849      0.436330      
274      3.369091      0.436330      
275      3.278561      0.436330      
276      3.116409      0.436330      
277      2.231163      0.436330      
278      1.495464      0.436330      
279      0.912176      0.436330      
280      1.112717      0.436330      
281      0.867484      0.436330      
282      0.685278      0.436330      
283      0.600477      0.436330      
284      0.590737      0.436330      
285      0.509375      0.436330      
286      0.197103      0.436330      
287      0.167309      0.436330      
288      -0.081935      0.436330      
289      -0.100844      0.436330      
290      0.049276      0.436330      
291      0.137514      0.436330      
292      -0.022919      0.436330      
293      -0.200541      0.436330      
294      -0.406812      0.436330      
295      -0.429731      0.436330      
296      -0.633710      0.436330      
297      -1.006717      0.436330      
298      -1.457075      0.436330      
299      -1.657043      0.436330      
300      -1.940665      0.436330      
301      -2.142352      0.436330      
302      -2.323985      0.436330      
303      -2.763457      0.436330      
304      -2.956549      0.436330      
305      -3.110680      0.436330      
306      -3.538119      0.436330      
307      -3.959828      0.436330      
308      -3.903677      0.436330      
309      -4.162088      0.436330      
310      -4.564889      0.436330      
311      -4.566608      0.436330      
312      -4.643960      0.436330      
313      -5.458157      0.436330      
314      -5.373930      0.436330      
315      -5.524622      0.436330      
316      -5.934872      0.436330      
317      -6.748496      0.436330      
318      -7.082540      0.436330      
319      -7.414293      0.436330      
320      -7.014929      0.436330      
321      -6.764539      0.436330      
322      -6.762247      0.436330      
323      -6.765685      0.436330      
324      -6.982843      0.436330      
325      -7.314022      0.436330      
326      -7.555817      0.436330      
327      -7.815375      0.436330      
328      -8.481744      0.436330      
329      -8.971065      0.436330      
330      -9.373866      0.436330      
331      -9.540602      0.436330      
332      -9.691294      0.436330      
333      -9.690148      0.436330      
334      -9.947987      0.436330      
335      -10.284323      0.436330      
336      -10.454496      0.436330      
337      -10.425275      0.436330      
338      -10.866465      0.436330      
339      -10.989082      0.436330      
340      -10.936941      0.436330      
341      -10.859016      0.436330      
342      -10.795989      0.436330      
343      -10.652173      0.436330      
344      -10.904281      0.436330      
345      -11.178163      0.436330      
346      -11.458348      0.436330      
347      -11.458348      0.436330      
348      -11.544867      0.436330      
349      -11.561483      0.436330      
350      -11.560337      0.436330      
351      -11.721916      0.436330      
352      -11.950533      0.436330      
353      -11.882922      0.436330      
354      -11.816457      0.436330      
355      -11.422251      0.436330      
356      -10.869330      0.436330      
357      -10.714627      0.436330      
358      -10.386885      0.436330      
359      -10.061436      0.436330      
360      -9.506796      0.436330      
361      -8.847302      0.436330      
362      -8.281776      0.436330      
363      -7.814802      0.436330      
364      -7.302562      0.436330      
365      -6.977686      0.436330      
366      -6.086137      0.436330      
367      -4.954512      0.436330      
368      -3.894509      0.436330      
369      -2.994939      0.436330      
370      -1.607767      0.436330      
371      0.197676      0.436330      
372      1.562502      0.436330      
373      2.372688      0.436330      
374      3.265383      0.436330      
375      4.614165      0.436330      
376      5.944612      0.436330      
377      7.421168      0.436330      
378      9.786408      0.436330      
379      12.337291      0.436330      
380      15.194143      0.436330      
381      17.394366      0.436330      
382      19.671940      0.436330      
383      22.521916      0.436330      
384      24.479771      0.436330      
385      26.761929      0.436330      
386      29.348337      0.436330      
387      30.813433      0.436330      
388      32.094604      0.436330      
389      32.986726      0.436330      
390      33.246857      0.436330      
391      33.410727      0.436330      
392      33.409008      0.436330      
393      33.881713      0.436330      
394      34.784721      0.436330      
395      35.207003      0.436330      
396      36.104281      0.436330      
397      36.662932      0.436330      
398      37.039949      0.436330      
399      37.541875      0.436330      
400      38.318256      0.436330      
401      39.189750      0.436330      
402      40.158650      0.436330      
403      42.650517      0.436330      
404      44.849021      0.436330      
405      47.131179      0.436330      
406      50.885883      0.436330      
407      52.023810      0.436330      
408      53.647621      0.436330      
409      55.176317      0.436330      
410      56.656311      0.436330      
411      57.883622      0.436330      
412      58.140315      0.436330      
413      58.192456      0.436330      
414      58.299029      0.436330      
415      58.819863      0.436330      
416      59.149897      0.436330      
417      59.624893      0.436330      
418      60.300430      0.436330      
419      60.937005      0.436330      
420      61.330638      0.436330      
421      62.400382      0.436330      
422      63.713640      0.436330      
423      64.948973      0.436330      
424      66.369951      0.436330      
425      68.037307      0.436330      
426      69.033137      0.436330      
427      69.873118      0.436330      
428      70.560688      0.436330      
429      71.308993      0.436330      
430      72.646315      0.436330      
431      73.972752      0.436330      
