0      0.415981      0.024242      0.127639      1.321192      -1.012531      1.008699      
0      0.416981      0.024522      0.127079      1.327638      -0.999933      0.996077      
0      0.418401      0.024892      0.126789      1.329793      -0.995680      0.991816      
0      0.419421      0.025002      0.126939      1.329465      -0.996328      0.992465      
0      0.420041      0.025272      0.126839      1.331626      -0.992043      0.988172      
0      0.420731      0.025692      0.126639      1.333649      -0.988013      0.984135      
0      0.420991      0.025912      0.126309      1.338992      -0.977272      0.973373      
0      0.421651      0.026342      0.125919      1.345664      -0.963659      0.959735      
0      0.422331      0.026592      0.125509      1.351764      -0.951012      0.947064      
0      0.423011      0.026782      0.125189      1.357070      -0.939849      0.935881      
0      0.424491      0.027202      0.124819      1.365058      -0.922743      0.918745      
0      0.425361      0.027402      0.124639      1.368616      -0.915004      0.910992      
0      0.425881      0.027502      0.124599      1.371275      -0.909171      0.905149      
0      0.426771      0.027682      0.124249      1.377903      -0.894437      0.890390      
0      0.427641      0.027942      0.123739      1.382492      -0.884072      0.880007      
0      0.428931      0.028192      0.123389      1.385508      -0.877183      0.873106      
0      0.429891      0.028322      0.122939      1.389725      -0.867444      0.863351      
0      0.431041      0.028542      0.122419      1.394125      -0.857149      0.853038      
0      0.432341      0.028712      0.122069      1.396936      -0.850497      0.846375      
0      0.433351      0.028812      0.121689      1.400721      -0.841447      0.837311      
0      0.434921      0.029142      0.120899      1.407435      -0.825115      0.820953      
0      0.436071      0.029292      0.120259      1.411307      -0.815529      0.811351      
0      0.437281      0.029422      0.119709      1.414042      -0.808681      0.804493      
0      0.437931      0.029492      0.119449      1.415271      -0.805584      0.801391      
0      0.439181      0.029592      0.119019      1.419272      -0.795403      0.791194      
0      0.440731      0.029782      0.118649      1.421378      -0.789984      0.785767      
0      0.442131      0.029962      0.118059      1.424057      -0.783032      0.778804      
0      0.443281      0.030092      0.117369      1.428475      -0.771417      0.767172      
0      0.444691      0.030422      0.116489      1.433419      -0.758182      0.753917      
0      0.446401      0.030602      0.115529      1.440363      -0.739154      0.734861      
0      0.447861      0.030722      0.115229      1.442550      -0.733047      0.728745      
0      0.448821      0.030732      0.114869      1.445635      -0.724339      0.720025      
0      0.449321      0.030762      0.114689      1.447875      -0.717942      0.713619      
0      0.450531      0.030932      0.114409      1.451395      -0.707764      0.703427      
0      0.451341      0.031002      0.114129      1.454711      -0.698027      0.693676      
0      0.452041      0.031092      0.113889      1.458146      -0.687783      0.683418      
0      0.453481      0.031352      0.113399      1.463954      -0.670078      0.665689      
0      0.454381      0.031502      0.113059      1.467745      -0.658243      0.653839      
0      0.455631      0.031632      0.112629      1.470410      -0.649784      0.645368      
0      0.456791      0.031732      0.112049      1.472987      -0.641490      0.637064      
0      0.458161      0.031862      0.111519      1.476784      -0.629058      0.624616      
0      0.459021      0.031942      0.111219      1.477943      -0.625209      0.620762      
0      0.461051      0.032102      0.110469      1.481405      -0.613563      0.609101      
0      0.462471      0.032232      0.109909      1.483057      -0.607923      0.603455      
0      0.463451      0.032372      0.109259      1.485710      -0.598745      0.594265      
0      0.464201      0.032472      0.108459      1.488437      -0.589152      0.584660      
0      0.465201      0.032732      0.107629      1.490463      -0.581917      0.577417      
0      0.465661      0.032772      0.107259      1.492351      -0.575091      0.570583      
0      0.466371      0.032852      0.106689      1.494495      -0.567231      0.562714      
0      0.467301      0.032952      0.106239      1.495867      -0.562137      0.557614      
0      0.468111      0.033032      0.105499      1.501863      -0.539298      0.534748      
0      0.468761      0.033212      0.104969      1.505869      -0.523458      0.518891      
0      0.469051      0.033132      0.104739      1.509529      -0.508532      0.503949      
0      0.469211      0.033152      0.104529      1.513650      -0.491163      0.486562      
0      0.469681      0.033242      0.104119      1.517141      -0.475930      0.471313      
0      0.470051      0.033202      0.103939      1.519815      -0.463912      0.459283      
0      0.470491      0.033232      0.103549      1.522930      -0.449497      0.444854      
0      0.470851      0.033302      0.103149      1.524649      -0.441333      0.436681      
0      0.471721      0.033392      0.102159      1.529096      -0.419453      0.414780      
0      0.472391      0.033422      0.101419      1.531052      -0.409447      0.404765      
0      0.472921      0.033462      0.100609      1.532577      -0.401474      0.396785      
0      0.473371      0.033472      0.099839      1.533907      -0.394381      0.389685      
0      0.473961      0.033542      0.098869      1.535720      -0.384500      0.379795      
0      0.474721      0.033572      0.097649      1.538134      -0.370922      0.366206      
0      0.474961      0.033582      0.097259      1.538685      -0.367751      0.363032      
0      0.475571      0.033642      0.096389      1.539937      -0.360440      0.355715      
0      0.475911      0.033532      0.095829      1.540749      -0.355620      0.350891      
0      0.476321      0.033422      0.095379      1.540663      -0.356136      0.351407      
0      0.476671      0.033232      0.095099      1.541463      -0.351323      0.346590      
0      0.476851      0.033012      0.094909      1.542021      -0.347931      0.343196      
0      0.477121      0.032902      0.094379      1.542261      -0.346462      0.341725      
0      0.477431      0.032712      0.093829      1.543699      -0.337513      0.332769      
0      0.477681      0.032522      0.093159      1.544999      -0.329211      0.324460      
0      0.477851      0.032412      0.092809      1.545539      -0.325700      0.320947      
0      0.478181      0.032052      0.092219      1.546423      -0.319867      0.315108      
0      0.478451      0.031742      0.091569      1.547499      -0.312625      0.307861      
0      0.478861      0.031492      0.090699      1.548630      -0.304818      0.300048      
0      0.479221      0.030992      0.090079      1.549427      -0.299193      0.294418      
0      0.479551      0.030542      0.089449      1.550502      -0.291439      0.286658      
0      0.479961      0.030132      0.088729      1.551804      -0.281749      0.276962      
0      0.480311      0.029652      0.088289      1.552882      -0.273467      0.268674      
0      0.480751      0.029232      0.087969      1.553265      -0.270469      0.265673      
0      0.480961      0.028932      0.087509      1.554346      -0.261801      0.257000      
0      0.481051      0.028692      0.086909      1.556003      -0.247931      0.243120      
0      0.481161      0.028572      0.086619      1.556514      -0.243498      0.238684      
0      0.481391      0.028172      0.085909      1.558040      -0.229741      0.224917      
0      0.481351      0.027962      0.085409      1.559196      -0.218731      0.213900      
0      0.481451      0.027872      0.084599      1.560008      -0.210666      0.205830      
0      0.481491      0.027682      0.084049      1.560766      -0.202843      0.198003      
0      0.481441      0.027622      0.083349      1.562128      -0.187971      0.183121      
0      0.481511      0.027712      0.082569      1.563413      -0.172774      0.167915      
0      0.481481      0.027632      0.082419      1.563743      -0.168656      0.163795      
0      0.481631      0.027542      0.081669      1.564515      -0.158593      0.153727      
0      0.481831      0.027622      0.080819      1.565265      -0.148175      0.143303      
0      0.481941      0.027592      0.080189      1.565846      -0.139577      0.134700      
0      0.482071      0.027602      0.079579      1.566183      -0.134344      0.129464      
0      0.482251      0.027602      0.079069      1.566474      -0.129643      0.124762      
0      0.482381      0.027642      0.078479      1.566650      -0.126724      0.121841      
0      0.482551      0.027722      0.077849      1.566728      -0.125422      0.120538      
0      0.482661      0.027712      0.077639      1.566727      -0.125438      0.120554      
0      0.482711      0.027582      0.077179      1.566657      -0.126615      0.121731      
0      0.482721      0.027602      0.076789      1.566628      -0.127093      0.122210      
0      0.482751      0.027602      0.076579      1.566633      -0.127023      0.122140      
0      0.482561      0.027562      0.076429      1.566598      -0.127603      0.122721      
0      0.482431      0.027552      0.076239      1.566397      -0.130915      0.126034      
0      0.482281      0.027472      0.076069      1.566342      -0.131801      0.126921      
0      0.482091      0.027442      0.075959      1.566414      -0.130632      0.125751      
0      0.481781      0.027412      0.075469      1.566376      -0.131244      0.126363      
0      0.481611      0.027352      0.075269      1.566515      -0.128969      0.124087      
0      0.481321      0.027252      0.075109      1.566771      -0.124676      0.119792      
0      0.481221      0.027192      0.074949      1.567001      -0.120698      0.115812      
0      0.481121      0.027092      0.074889      1.567395      -0.113549      0.108659      
0      0.480981      0.027032      0.074779      1.567775      -0.106218      0.101325      
0      0.480821      0.026952      0.074649      1.568230      -0.096706      0.091808      
0      0.480741      0.026792      0.074649      1.568665      -0.086666      0.081764      
0      0.480621      0.026652      0.074559      1.568945      -0.079531      0.074625      
0      0.480461      0.026502      0.074409      1.569142      -0.074130      0.069222      
0      0.480141      0.026322      0.074179      1.569557      -0.061231      0.056318      
0      0.480041      0.026252      0.074079      1.569639      -0.058381      0.053467      
0      0.479791      0.026072      0.073909      1.569750      -0.054236      0.049320      
0      0.479341      0.026012      0.073529      1.569998      -0.043699      0.038779      
0      0.479071      0.025932      0.073239      1.570137      -0.036538      0.031615      
0      0.478811      0.025722      0.073149      1.570170      -0.034677      0.029754      
0      0.478641      0.025702      0.072939      1.570286      -0.027006      0.022080      
0      0.478431      0.025602      0.072779      1.570382      -0.018533      0.013604      
0      0.478351      0.025552      0.072659      1.570332      -0.023268      0.018341      
0      0.478341      0.025532      0.072629      1.570334      -0.023158      0.018231      
0      0.478331      0.025342      0.072709      1.570357      -0.021014      0.016086      
0      0.478391      0.025202      0.072719      1.570341      -0.022475      0.017547      
0      0.478471      0.025072      0.072699      1.570338      -0.022805      0.017877      
0      0.478461      0.024832      0.072759      1.570348      -0.021902      0.016974      
0      0.478531      0.024642      0.072729      1.570368      -0.019994      0.015065      
0      0.478611      0.024422      0.072759      1.570362      -0.020614      0.015686      
0      0.478611      0.024152      0.072809      1.570392      -0.017504      0.012575      
0      0.478681      0.023952      0.072859      1.570420      -0.014065      0.009134      
0      0.478631      0.023742      0.073029      1.570457      -0.007736      0.002803      
0      0.478621      0.023712      0.073039      1.570466      -0.005537      0.000604      
0      0.478681      0.023712      0.072899      1.570472      -0.003346      -0.001588      
0      0.478671      0.023622      0.072969      1.570476      0.005111      -0.010048      
0      0.478681      0.023702      0.072929      1.570446      0.013686      -0.018626      
0      0.478741      0.023862      0.072819      1.570441      0.014636      -0.019576      
0      0.478671      0.023922      0.072799      1.570431      0.016128      -0.021068      
0      0.478661      0.024132      0.072619      1.570421      0.017652      -0.022592      
0      0.478621      0.024092      0.072699      1.570412      0.018845      -0.023786      
0      0.478601      0.024082      0.072739      1.570403      0.019913      -0.024855      
0      0.478661      0.024092      0.072669      1.570385      0.021947      -0.026889      
0      0.478641      0.024052      0.072729      1.570377      0.022764      -0.027706      
0      0.478641      0.024052      0.072649      1.570375      0.023007      -0.027949      
0      0.478681      0.024052      0.072539      1.570387      0.021688      -0.026630      
0      0.478601      0.023962      0.072589      1.570362      0.024272      -0.029214      
0      0.478621      0.023972      0.072549      1.570376      0.022897      -0.027839      
0      0.478561      0.023932      0.072689      1.570328      0.027365      -0.032309      
0      0.478501      0.024042      0.072619      1.570322      0.027852      -0.032796      
0      0.478431      0.024102      0.072569      1.570303      0.029423      -0.034367      
0      0.478391      0.024142      0.072559      1.570278      0.031268      -0.036213      
0      0.478321      0.024192      0.072529      1.570256      0.032831      -0.037776      
0      0.478111      0.024222      0.072449      1.570167      0.038555      -0.043502      
0      0.477911      0.024212      0.072359      1.569976      0.048473      -0.053422      
0      0.477871      0.024212      0.072309      1.569944      0.049902      -0.054851      
0      0.477761      0.024192      0.072239      1.569897      0.051959      -0.056909      
0      0.477771      0.024112      0.072219      1.569866      0.053318      -0.058268      
0      0.477651      0.024072      0.072119      1.569758      0.057637      -0.062588      
0      0.477411      0.024072      0.071959      1.569348      0.071731      -0.076685      
0      0.477261      0.024072      0.071909      1.569221      0.075570      -0.080526      
0      0.477191      0.024032      0.071899      1.569198      0.076246      -0.081201      
0      0.477081      0.023982      0.071859      1.569054      0.080297      -0.085253      
0      0.476981      0.023932      0.071769      1.569000      0.081781      -0.086737      
0      0.476811      0.023772      0.071769      1.568953      0.083045      -0.088002      
0      0.476811      0.023772      0.071749      1.568843      0.085926      -0.090884      
0      0.476731      0.023602      0.071999      1.568662      0.090441      -0.095399      
0      0.476711      0.023532      0.071969      1.568608      0.091744      -0.096702      
0      0.476731      0.023462      0.071929      1.568561      0.092883      -0.097841      
0      0.476701      0.023332      0.072029      1.568325      0.098315      -0.103275      
0      0.476741      0.023302      0.071929      1.568274      0.099446      -0.104405      
0      0.476741      0.023212      0.071939      1.568174      0.101644      -0.106604      
0      0.476741      0.022922      0.072059      1.567984      0.105671      -0.110632      
0      0.476741      0.022862      0.072049      1.567995      0.105444      -0.110404      
0      0.476711      0.022772      0.072189      1.567785      0.109730      -0.114691      
0      0.476711      0.022832      0.072139      1.567351      0.118082      -0.123045      
0      0.476721      0.022812      0.072199      1.567166      0.121473      -0.126436      
0      0.476691      0.022812      0.072159      1.567211      0.120665      -0.125628      
0      0.476621      0.022892      0.071999      1.567042      0.123694      -0.128658      
0      0.476551      0.022822      0.071979      1.566659      0.130288      -0.135252      
0      0.476501      0.022792      0.071839      1.566815      0.127643      -0.132607      
0      0.476481      0.022722      0.071809      1.566828      0.127423      -0.132387      
0      0.476421      0.022532      0.072159      1.566482      0.133239      -0.138203      
0      0.476371      0.022502      0.072299      1.566492      0.133066      -0.138031      
0      0.476351      0.022512      0.072269      1.566360      0.135232      -0.140197      
0      0.476361      0.022502      0.072289      1.566278      0.136543      -0.141508      
0      0.476361      0.022512      0.072249      1.566359      0.135240      -0.140205      
0      0.476401      0.022442      0.072329      1.566247      0.137037      -0.142003      
0      0.476421      0.022442      0.072309      1.566182      0.138073      -0.143039      
0      0.476431      0.022412      0.072299      1.566127      0.138937      -0.143902      
0      0.476401      0.022282      0.072329      1.566123      0.139007      -0.143973      
0      0.476451      0.022222      0.072259      1.566055      0.140075      -0.145040      
0      0.476451      0.022082      0.072319      1.566079      0.139690      -0.144656      
0      0.476471      0.021952      0.072439      1.566033      0.140412      -0.145378      
0      0.476531      0.021942      0.072469      1.566147      0.138631      -0.143596      
0      0.476481      0.021862      0.072509      1.565988      0.141111      -0.146076      
0      0.476491      0.021862      0.072489      1.566062      0.139957      -0.144923      
0      0.476451      0.021802      0.072439      1.566103      0.139313      -0.144279      
0      0.476451      0.021752      0.072439      1.566033      0.140420      -0.145386      
0      0.476441      0.021722      0.072429      1.566097      0.139408      -0.144373      
0      0.476411      0.021642      0.072429      1.566031      0.140444      -0.145409      
0      0.476371      0.021592      0.072329      1.565993      0.141032      -0.145998      
0      0.476311      0.021492      0.072239      1.565971      0.141378      -0.146343      
0      0.476191      0.021382      0.072219      1.565898      0.142508      -0.147473      
0      0.476151      0.021352      0.072069      1.565944      0.141793      -0.146759      
0      0.476121      0.021242      0.072069      1.565844      0.143324      -0.148290      
0      0.476101      0.021132      0.071999      1.565891      0.142602      -0.147568      
0      0.476081      0.021022      0.071779      1.565872      0.142900      -0.147866      
0      0.476041      0.020702      0.071849      1.565875      0.142853      -0.147819      
0      0.476021      0.020652      0.071819      1.565950      0.141707      -0.146673      
0      0.476011      0.020582      0.071839      1.565895      0.142539      -0.147505      
0      0.476011      0.020562      0.071899      1.565904      0.142406      -0.147371      
0      0.475981      0.020562      0.071889      1.566035      0.140389      -0.145354      
0      0.475861      0.020592      0.071769      1.565968      0.141425      -0.146390      
0      0.475721      0.020612      0.071709      1.565917      0.142202      -0.147167      
0      0.475571      0.020652      0.071709      1.566030      0.140459      -0.145425      
0      0.475511      0.020672      0.071879      1.566023      0.140569      -0.145535      
0      0.475531      0.020762      0.071779      1.566153      0.138529      -0.143494      
0      0.475531      0.020792      0.071769      1.566665      0.130201      -0.135166      
0      0.475511      0.020792      0.071849      1.567448      0.116261      -0.121223      
0      0.475481      0.020772      0.071899      1.567759      0.110248      -0.115209      
0      0.475451      0.020762      0.071939      1.568360      0.097530      -0.102490      
0      0.475471      0.020762      0.071929      1.569000      0.081773      -0.086730      
0      0.475521      0.020782      0.071969      1.569627      0.062513      -0.067465      
0      0.475511      0.020852      0.071949      1.569793      0.056286      -0.061237      
0      0.475491      0.020852      0.072039      1.570014      0.046651      -0.051600      
0      0.475441      0.020852      0.072179      1.570240      0.033970      -0.038915      
0      0.475531      0.020962      0.072179      1.570407      0.019481      -0.024423      
0      0.475521      0.020962      0.072389      1.570468      0.008660      -0.013598      
0      0.475481      0.020962      0.072479      1.570478      0.003501      -0.008438      
0      0.475701      0.021232      0.072519      1.570299      -0.025977      0.021051      
0      0.475661      0.021202      0.072979      1.569862      -0.049760      0.044843      
0      0.475561      0.021342      0.073069      1.569530      -0.062165      0.057253      
0      0.475551      0.021562      0.073039      1.568910      -0.080457      0.075552      
0      0.475561      0.021682      0.073069      1.567797      -0.105763      0.100870      
0      0.475711      0.021862      0.073109      1.566688      -0.126097      0.121213      
0      0.475911      0.021902      0.073409      1.565104      -0.150474      0.145603      
0      0.476071      0.021912      0.073659      1.562584      -0.182725      0.177872      
0      0.476241      0.021942      0.073739      1.560731      -0.203212      0.198371      
0      0.476581      0.021962      0.074029      1.556440      -0.244148      0.239334      
0      0.476691      0.021932      0.074239      1.552382      -0.277343      0.272552      
0      0.476721      0.021892      0.074459      1.548930      -0.302714      0.297942      
0      0.476871      0.021862      0.074769      1.544890      -0.329915      0.325164      
0      0.477081      0.021792      0.075269      1.539833      -0.361057      0.356332      
0      0.477011      0.021712      0.075769      1.535179      -0.387474      0.382772      
0      0.476851      0.021582      0.076329      1.531782      -0.405648      0.400962      
0      0.476831      0.021532      0.076819      1.527748      -0.426205      0.421539      
0      0.476701      0.021432      0.077329      1.523898      -0.444917      0.440268      
0      0.476531      0.021332      0.077679      1.522586      -0.451110      0.446468      
0      0.476271      0.021212      0.078259      1.520262      -0.461872      0.457241      
0      0.476141      0.021142      0.078869      1.516488      -0.478817      0.474203      
0      0.475931      0.020992      0.079589      1.512396      -0.496513      0.491918      
0      0.475681      0.020942      0.080489      1.507557      -0.516629      0.512055      
0      0.475581      0.020892      0.081189      1.503468      -0.533009      0.528453      
0      0.475441      0.020772      0.081999      1.498422      -0.552528      0.547994      
0      0.475341      0.020612      0.082789      1.493724      -0.570069      0.565555      
0      0.475081      0.020392      0.083669      1.489640      -0.584869      0.580372      
0      0.474911      0.020262      0.084149      1.486847      -0.594766      0.590281      
0      0.474741      0.020052      0.085189      1.480426      -0.616881      0.612424      
0      0.474661      0.019872      0.086309      1.475786      -0.632350      0.627912      
0      0.474511      0.019822      0.087279      1.473829      -0.638755      0.634326      
0      0.474341      0.019762      0.089009      1.465903      -0.664023      0.659626      
0      0.474551      0.019482      0.090739      1.456260      -0.693429      0.689072      
0      0.474321      0.019282      0.092909      1.449680      -0.712742      0.708412      
0      0.473781      0.019182      0.094159      1.446698      -0.721310      0.716992      
0      0.473501      0.019102      0.095549      1.441088      -0.737134      0.732838      
0      0.473281      0.019032      0.096289      1.437966      -0.745781      0.741498      
0      0.472761      0.018862      0.097809      1.431299      -0.763889      0.759632      
0      0.472411      0.018712      0.099309      1.423255      -0.785122      0.780898      
0      0.472101      0.018692      0.100529      1.419821      -0.793995      0.789784      
0      0.471701      0.018722      0.101319      1.419093      -0.795862      0.791654      
0      0.471491      0.018792      0.102189      1.414583      -0.807320      0.803130      
0      0.471581      0.018692      0.103299      1.407758      -0.824321      0.820158      
0      0.471431      0.018652      0.104219      1.404168      -0.833108      0.828959      
0      0.471201      0.018652      0.104649      1.402182      -0.837923      0.833781      
0      0.471041      0.018662      0.105109      1.397881      -0.848248      0.844123      
0      0.471081      0.018652      0.105529      1.394461      -0.856356      0.852245      
0      0.471261      0.018602      0.106329      1.388781      -0.869636      0.865546      
0      0.471221      0.018592      0.106839      1.384787      -0.878834      0.874760      
0      0.471041      0.018552      0.107519      1.380544      -0.888488      0.884431      
0      0.470981      0.018462      0.107869      1.375646      -0.899487      0.895448      
0      0.471061      0.018142      0.108829      1.367421      -0.917612      0.913605      
0      0.471271      0.017782      0.109799      1.361128      -0.931204      0.927221      
0      0.471041      0.017592      0.110199      1.356204      -0.941680      0.937716      
0      0.470921      0.017592      0.110219      1.351163      -0.952267      0.948321      
0      0.471001      0.017442      0.110209      1.343888      -0.967305      0.963388      
0      0.470831      0.017232      0.110249      1.341875      -0.971419      0.967509      
0      0.470451      0.016912      0.110449      1.333894      -0.987524      0.983644      
0      0.470591      0.016632      0.110759      1.326188      -1.002785      0.998934      
