0      0.009410      1640273439768      
0      0.016750      1640273439800      
0      0.005650      1640273439827      
0      -0.000860      1640273439882      
0      0.005690      1640273439907      
0      0.005350      1640273439944      
0      0.014250      1640273439977      
0      0.018040      1640273440007      
0      0.016740      1640273440035      
0      0.014760      1640273440078      
0      0.022590      1640273440110      
0      0.010210      1640273440150      
0      0.007690      1640273440186      
0      0.019410      1640273440207      
0      0.013640      1640273440238      
0      0.009060      1640273440269      
0      0.012800      1640273440302      
0      0.013520      1640273440339      
0      0.008730      1640273440373      
0      0.011870      1640273440411      
0      0.021400      1640273440444      
0      0.012550      1640273440477      
0      0.008960      1640273440510      
0      0.004050      1640273440542      
0      0.013310      1640273440581      
0      0.007080      1640273440609      
0      0.009080      1640273440637      
0      0.015160      1640273440667      
0      0.017260      1640273440716      
0      0.024790      1640273440748      
0      0.007950      1640273440776      
0      0.011330      1640273440809      
0      0.008320      1640273440840      
0      0.013230      1640273440871      
0      0.012650      1640273440904      
0      0.013300      1640273440951      
0      0.022970      1640273440990      
0      0.015340      1640273441015      
0      0.010960      1640273441045      
0      0.010740      1640273441076      
0      0.016090      1640273441110      
0      0.004980      1640273441152      
0      0.015060      1640273441186      
0      0.007290      1640273441218      
0      0.011860      1640273441245      
0      0.012390      1640273441277      
0      0.009340      1640273441309      
0      0.008810      1640273441342      
0      0.010140      1640273441374      
0      0.006570      1640273441433      
0      0.029440      1640273441459      
0      0.020400      1640273441488      
0      0.019210      1640273441515      
0      0.022340      1640273441548      
0      0.019580      1640273441576      
0      0.015440      1640273441620      
0      0.018510      1640273441650      
0      0.010480      1640273441691      
0      0.028070      1640273441721      
0      0.012830      1640273441752      
0      0.010220      1640273441783      
0      0.009090      1640273441822      
0      0.012660      1640273441858      
0      0.017390      1640273441892      
0      0.004060      1640273441926      
0      0.009360      1640273441955      
0      0.006170      1640273441987      
0      -0.000660      1640273442024      
0      0.006160      1640273442057      
0      0.004340      1640273442083      
0      0.001880      1640273442116      
0      0.011450      1640273442148      
0      0.010620      1640273442179      
0      0.004490      1640273442215      
0      0.007460      1640273442251      
0      0.009260      1640273442274      
0      0.009980      1640273442302      
0      0.007190      1640273442333      
0      0.009910      1640273442366      
0      0.012380      1640273442398      
0      0.010580      1640273442435      
0      0.003830      1640273442461      
0      0.011070      1640273442491      
0      0.017710      1640273442524      
0      0.005660      1640273442573      
0      0.017560      1640273442605      
0      0.014050      1640273442638      
0      0.010290      1640273442665      
0      0.009980      1640273442694      
0      0.018970      1640273442724      
0      0.019380      1640273442757      
0      0.005250      1640273442804      
0      0.012830      1640273442849      
0      0.013280      1640273442877      
0      0.010960      1640273442903      
0      0.006670      1640273442928      
0      0.005990      1640273442961      
0      0.003720      1640273442997      
0      0.001660      1640273443024      
0      -0.000020      1640273443083      
0      -0.001500      1640273443103      
0      -0.000610      1640273443135      
0      0.000090      1640273443166      
0      -0.000740      1640273443198      
0      -0.004220      1640273443227      
0      -0.001130      1640273443266      
0      0.001490      1640273443312      
0      -0.000780      1640273443340      
0      0.002900      1640273443370      
0      0.005470      1640273443402      
0      0.005070      1640273443435      
0      0.009110      1640273443469      
0      0.009340      1640273443498      
0      0.012120      1640273443532      
0      0.012790      1640273443561      
0      0.009090      1640273443592      
0      0.006880      1640273443647      
0      0.016430      1640273443675      
0      0.003630      1640273443704      
0      0.005280      1640273443736      
0      0.013420      1640273443767      
0      0.009120      1640273443798      
0      0.002370      1640273443831      
0      0.009770      1640273443887      
0      0.010790      1640273443908      
0      -0.006030      1640273443939      
0      0.000140      1640273443974      
0      0.002730      1640273444005      
0      -0.001860      1640273444037      
0      -0.000420      1640273444071      
0      0.001150      1640273444103      
0      0.002430      1640273444132      
0      -0.000790      1640273444164      
0      0.003960      1640273444209      
0      0.004380      1640273444241      
0      0.008060      1640273444274      
0      0.002800      1640273444318      
0      0.002790      1640273444343      
0      0.010770      1640273444378      
0      0.010920      1640273444400      
0      0.001210      1640273444431      
0      0.001900      1640273444483      
0      0.001940      1640273444510      
0      0.001520      1640273444539      
0      0.001360      1640273444574      
0      0.002590      1640273444604      
0      0.001040      1640273444636      
0      0.000310      1640273444671      
0      -0.001680      1640273444703      
0      0.003290      1640273444749      
0      -0.001750      1640273444782      
0      0.005690      1640273444810      
0      0.000620      1640273444842      
0      0.002000      1640273444881      
0      0.002350      1640273444907      
0      0.001990      1640273444940      
0      0.007290      1640273444971      
0      0.012630      1640273445003      
0      0.001820      1640273445035      
0      0.002620      1640273445089      
0      0.001730      1640273445117      
0      0.005500      1640273445144      
0      0.017950      1640273445174      
0      0.004890      1640273445206      
0      0.000860      1640273445240      
0      0.005160      1640273445272      
0      0.001890      1640273445324      
0      0.001610      1640273445352      
0      0.003670      1640273445382      
0      0.005750      1640273445416      
0      0.001660      1640273445444      
0      0.001450      1640273445478      
0      0.006920      1640273445515      
0      0.001440      1640273445539      
0      0.002800      1640273445588      
0      0.005130      1640273445622      
0      -0.000290      1640273445656      
0      0.005460      1640273445688      
0      0.010640      1640273445722      
0      0.004320      1640273445751      
0      -0.001030      1640273445782      
0      0.003860      1640273445808      
0      0.008400      1640273445857      
0      -0.003370      1640273445890      
0      -0.000280      1640273445931      
0      0.007410      1640273445953      
0      -0.000220      1640273445984      
0      0.002760      1640273446013      
0      0.001670      1640273446043      
0      -0.001660      1640273446094      
0      0.002290      1640273446126      
0      0.001320      1640273446163      
0      0.001100      1640273446190      
0      0.000090      1640273446221      
0      0.001360      1640273446251      
0      -0.000490      1640273446282      
0      0.000920      1640273446318      
0      -0.002270      1640273446358      
0      0.003160      1640273446391      
0      -0.001470      1640273446424      
0      -0.000820      1640273446454      
0      0.001410      1640273446486      
0      -0.001290      1640273446518      
0      0.001320      1640273446556      
0      0.000750      1640273446582      
0      0.000440      1640273446627      
0      0.001440      1640273446658      
0      -0.000910      1640273446696      
0      0.001950      1640273446721      
0      -0.000920      1640273446759      
0      0.000380      1640273446797      
0      -0.000060      1640273446829      
0      -0.001460      1640273446859      
0      0.001060      1640273446890      
0      -0.000170      1640273446925      
0      -0.002570      1640273446967      
0      0.001320      1640273446988      
0      0.000990      1640273447019      
0      -0.002220      1640273447065      
0      0.000140      1640273447097      
0      -0.002600      1640273447126      
0      -0.010610      1640273447171      
0      -0.017760      1640273447199      
0      -0.007660      1640273447228      
0      -0.016200      1640273447254      
0      -0.020070      1640273447300      
0      -0.024530      1640273447331      
0      -0.007930      1640273447373      
0      -0.012270      1640273447399      
0      -0.016150      1640273447425      
0      -0.018450      1640273447458      
0      -0.013780      1640273447490      
0      -0.006570      1640273447536      
0      -0.037540      1640273447572      
0      -0.030290      1640273447601      
0      -0.015800      1640273447631      
0      -0.023300      1640273447665      
0      -0.032240      1640273447697      
0      -0.025910      1640273447727      
0      -0.031070      1640273447770      
0      -0.041120      1640273447797      
0      -0.026130      1640273447824      
0      -0.052240      1640273447858      
0      -0.042390      1640273447889      
0      -0.032420      1640273447922      
0      -0.034780      1640273447955      
0      -0.039850      1640273447986      
0      -0.033830      1640273448013      
0      -0.023290      1640273448041      
0      -0.026360      1640273448074      
0      -0.024010      1640273448106      
0      -0.007950      1640273448139      
0      -0.013820      1640273448175      
0      -0.021770      1640273448202      
0      -0.022750      1640273448249      
0      -0.025880      1640273448282      
0      -0.021090      1640273448312      
0      -0.025150      1640273448340      
0      -0.022620      1640273448373      
0      -0.019100      1640273448406      
0      -0.012780      1640273448439      
0      -0.028580      1640273448470      
0      -0.020010      1640273448502      
0      -0.008290      1640273448550      
0      -0.032730      1640273448606      
0      -0.038150      1640273448639      
0      -0.025090      1640273448665      
0      -0.011140      1640273448692      
0      -0.020590      1640273448725      
0      -0.011260      1640273448756      
0      -0.023600      1640273448798      
0      -0.027710      1640273448831      
0      -0.011590      1640273448851      
0      -0.002440      1640273448881      
0      -0.014980      1640273448913      
0      -0.022250      1640273448945      
0      -0.011510      1640273448991      
0      -0.006310      1640273449016      
0      -0.013540      1640273449040      
0      -0.010640      1640273449075      
0      -0.017440      1640273449103      
0      -0.012090      1640273449152      
0      -0.012700      1640273449198      
0      -0.014480      1640273449218      
0      -0.023890      1640273449250      
0      -0.017940      1640273449276      
0      -0.013840      1640273449308      
0      -0.014000      1640273449340      
0      -0.019910      1640273449375      
0      -0.005450      1640273449413      
0      -0.021360      1640273449438      
0      -0.020270      1640273449487      
