0      0.463921      0.047702      0.136849      1.321149      -1.012613      1.008782      
0      0.464661      0.047822      0.137009      1.325670      -1.003800      0.999952      
0      0.465301      0.048002      0.137409      1.329641      -0.995981      0.992118      
0      0.466091      0.048212      0.137669      1.336566      -0.982166      0.978276      
0      0.466951      0.048452      0.137949      1.341671      -0.971834      0.967924      
0      0.467991      0.048682      0.138149      1.345190      -0.964633      0.960711      
0      0.469051      0.048902      0.138079      1.351036      -0.952531      0.948587      
0      0.470411      0.049222      0.137579      1.357116      -0.939750      0.935783      
0      0.471891      0.049392      0.136839      1.360994      -0.931492      0.927510      
0      0.473231      0.049532      0.136399      1.363757      -0.925554      0.921561      
0      0.474611      0.049622      0.135949      1.365876      -0.920970      0.916969      
0      0.475831      0.049602      0.135489      1.368141      -0.916042      0.912033      
0      0.477521      0.049512      0.134949      1.371894      -0.907806      0.903781      
0      0.477991      0.049492      0.134699      1.374448      -0.902152      0.898118      
0      0.478941      0.049402      0.134209      1.380296      -0.889051      0.884994      
0      0.480071      0.049332      0.133699      1.384568      -0.879336      0.875262      
0      0.481211      0.049242      0.133279      1.391694      -0.862853      0.858752      
0      0.481791      0.049272      0.133069      1.397977      -0.848019      0.843894      
0      0.482081      0.049312      0.132979      1.402737      -0.836580      0.832436      
0      0.482191      0.049282      0.133079      1.405079      -0.830887      0.826734      
0      0.482211      0.049272      0.133089      1.409422      -0.820212      0.816042      
0      0.482211      0.049272      0.133089      1.411589      -0.814826      0.810647      
0      0.482271      0.049272      0.132999      1.415999      -0.803741      0.799545      
0      0.482481      0.049242      0.132929      1.421013      -0.790926      0.786710      
0      0.482901      0.049242      0.132739      1.425977      -0.778007      0.773772      
0      0.483611      0.049212      0.132259      1.430749      -0.765361      0.761107      
0      0.484341      0.049102      0.131929      1.434362      -0.755628      0.751359      
0      0.485101      0.048922      0.131649      1.437304      -0.747600      0.743320      
0      0.486471      0.048552      0.131149      1.440515      -0.738731      0.734438      
0      0.487611      0.048272      0.130809      1.443207      -0.731203      0.726898      
0      0.488271      0.048112      0.130509      1.444602      -0.727268      0.722958      
0      0.489721      0.047842      0.129849      1.447126      -0.720087      0.715767      
0      0.490981      0.047492      0.129339      1.448333      -0.716627      0.712302      
0      0.492081      0.047132      0.128789      1.450501      -0.710365      0.706031      
0      0.492881      0.046882      0.128419      1.455166      -0.696679      0.692327      
0      0.493721      0.046462      0.128209      1.459072      -0.684994      0.680625      
0      0.494161      0.046302      0.128129      1.461682      -0.677063      0.672684      
0      0.494501      0.046122      0.127939      1.465542      -0.665149      0.660754      
0      0.494721      0.046052      0.127809      1.466938      -0.660782      0.656381      
0      0.495161      0.046022      0.127579      1.468261      -0.656615      0.652209      
0      0.495541      0.045932      0.127329      1.471672      -0.645738      0.641317      
0      0.496031      0.045992      0.126929      1.474828      -0.635495      0.631061      
0      0.496381      0.045942      0.126629      1.477579      -0.626422      0.621977      
0      0.496651      0.045912      0.126269      1.480760      -0.615752      0.611293      
0      0.497091      0.045962      0.125649      1.486862      -0.594711      0.590227      
0      0.497361      0.045962      0.125299      1.489830      -0.584187      0.579690      
0      0.497461      0.045982      0.125079      1.490939      -0.580205      0.575703      
0      0.497611      0.046002      0.124739      1.493929      -0.569317      0.564802      
0      0.497901      0.046062      0.124299      1.497421      -0.556313      0.551783      
0      0.498351      0.046132      0.123849      1.499312      -0.549138      0.544600      
0      0.498961      0.046132      0.123649      1.499610      -0.547997      0.543458      
0      0.499521      0.046072      0.123449      1.502214      -0.537931      0.533381      
0      0.499911      0.046002      0.123329      1.504502      -0.528917      0.524357      
0      0.500551      0.045862      0.122859      1.508255      -0.513778      0.509200      
0      0.500821      0.045762      0.122619      1.512183      -0.497415      0.492821      
0      0.501061      0.045602      0.122509      1.515611      -0.482669      0.478058      
0      0.501171      0.045512      0.122549      1.516228      -0.479961      0.475348      
0      0.501291      0.045382      0.122579      1.518315      -0.470693      0.466070      
0      0.501401      0.045312      0.122399      1.522390      -0.452029      0.447388      
0      0.501701      0.045252      0.122379      1.527079      -0.429518      0.424855      
0      0.502251      0.045042      0.122869      1.529057      -0.419648      0.414975      
0      0.502931      0.044772      0.123009      1.531835      -0.405375      0.400689      
0      0.503331      0.044652      0.122779      1.535116      -0.387817      0.383116      
0      0.503671      0.044362      0.122829      1.535896      -0.383524      0.378819      
0      0.503701      0.044162      0.122669      1.537379      -0.375225      0.370512      
0      0.503741      0.044122      0.122439      1.539202      -0.364752      0.360030      
0      0.504051      0.043892      0.122179      1.541883      -0.348775      0.344040      
0      0.504131      0.043702      0.122169      1.542432      -0.345407      0.340669      
0      0.503891      0.043542      0.121869      1.543911      -0.336177      0.331431      
0      0.503971      0.043542      0.121559      1.545104      -0.328531      0.323779      
0      0.504041      0.043462      0.121209      1.545548      -0.325646      0.320892      
0      0.503991      0.043472      0.120949      1.547222      -0.314502      0.309739      
0      0.504041      0.043462      0.120889      1.548028      -0.308995      0.304228      
0      0.504031      0.043412      0.120899      1.548026      -0.309011      0.304244      
0      0.503921      0.043382      0.120829      1.549082      -0.301642      0.296869      
0      0.503871      0.043342      0.120699      1.550663      -0.290257      0.285476      
0      0.503691      0.043142      0.120779      1.551466      -0.284301      0.279515      
0      0.503431      0.043052      0.120499      1.552364      -0.277483      0.272693      
0      0.503271      0.042992      0.119969      1.554757      -0.258434      0.253630      
0      0.503101      0.042882      0.119809      1.554830      -0.257831      0.253027      
0      0.502881      0.042832      0.119289      1.555244      -0.254385      0.249578      
0      0.502871      0.042752      0.118889      1.555818      -0.249521      0.244711      
0      0.502851      0.042692      0.118789      1.555757      -0.250046      0.245236      
0      0.502691      0.042522      0.118459      1.556022      -0.247775      0.242963      
0      0.502621      0.042352      0.118339      1.556719      -0.241696      0.236881      
0      0.502721      0.042202      0.118249      1.557318      -0.236346      0.231526      
0      0.502681      0.041952      0.118139      1.557303      -0.236479      0.231660      
0      0.502571      0.041762      0.117869      1.558085      -0.229318      0.224494      
0      0.502721      0.041452      0.117649      1.559004      -0.220604      0.215774      
0      0.502611      0.041252      0.117539      1.560108      -0.209655      0.204819      
0      0.502321      0.041282      0.116779      1.561235      -0.197850      0.193006      
0      0.502161      0.041262      0.116479      1.561721      -0.192534      0.187687      
0      0.502031      0.041242      0.116369      1.561839      -0.191225      0.186377      
0      0.501741      0.041342      0.115669      1.562307      -0.185932      0.181081      
0      0.501621      0.041422      0.115129      1.562999      -0.177816      0.172961      
0      0.501661      0.041432      0.115049      1.562942      -0.178491      0.173635      
0      0.501521      0.041472      0.114849      1.563588      -0.170609      0.165749      
0      0.501501      0.041432      0.114859      1.564413      -0.159958      0.155092      
0      0.501331      0.041422      0.114679      1.564849      -0.154043      0.149174      
0      0.501191      0.041382      0.114499      1.565683      -0.142040      0.137165      
0      0.501161      0.041382      0.114349      1.566353      -0.131629      0.126748      
0      0.501071      0.041352      0.114299      1.566463      -0.129824      0.124942      
0      0.500841      0.041312      0.113919      1.567234      -0.116515      0.111627      
0      0.500951      0.041252      0.113749      1.567477      -0.112010      0.107120      
0      0.500861      0.041102      0.113649      1.567359      -0.114224      0.109334      
0      0.500591      0.041032      0.113009      1.567452      -0.112489      0.107599      
0      0.500531      0.040812      0.112729      1.567296      -0.115393      0.110504      
0      0.500441      0.040552      0.112579      1.567348      -0.114420      0.109531      
0      0.500161      0.040392      0.112119      1.567397      -0.113509      0.108620      
0      0.500041      0.040252      0.111939      1.567353      -0.114341      0.109452      
0      0.499851      0.039982      0.111639      1.567238      -0.116460      0.111572      
0      0.499681      0.039762      0.111289      1.567104      -0.118869      0.113982      
0      0.499531      0.039522      0.111049      1.567083      -0.119246      0.114359      
0      0.499411      0.039292      0.110809      1.567230      -0.116594      0.111705      
0      0.499291      0.039142      0.110439      1.567223      -0.116719      0.111831      
0      0.498911      0.038782      0.109869      1.567446      -0.112599      0.107709      
0      0.498941      0.038602      0.109349      1.567671      -0.108275      0.103382      
0      0.498991      0.038402      0.108919      1.568055      -0.100465      0.095569      
0      0.498961      0.038302      0.108819      1.568240      -0.096486      0.091588      
0      0.498881      0.038222      0.108319      1.568393      -0.093064      0.088164      
0      0.498881      0.038202      0.107889      1.568380      -0.093362      0.088463      
0      0.498851      0.038182      0.107629      1.568709      -0.085567      0.080665      
0      0.499011      0.038212      0.107349      1.568854      -0.081933      0.077029      
0      0.498891      0.038162      0.107089      1.569074      -0.076029      0.071123      
0      0.499011      0.038072      0.106819      1.569191      -0.072717      0.067808      
0      0.499081      0.037862      0.106829      1.569186      -0.072881      0.067973      
0      0.499081      0.037762      0.106569      1.569215      -0.072041      0.067133      
0      0.499261      0.037482      0.106499      1.569304      -0.069372      0.064463      
0      0.499361      0.037342      0.106509      1.569257      -0.070801      0.065892      
0      0.499401      0.037222      0.106229      1.569347      -0.068069      0.063159      
0      0.499481      0.036962      0.106259      1.569593      -0.059998      0.055085      
0      0.499781      0.036772      0.106199      1.569651      -0.057926      0.053011      
0      0.499651      0.036752      0.105889      1.569819      -0.051511      0.046594      
0      0.499681      0.036772      0.105689      1.570021      -0.042584      0.037664      
0      0.499731      0.036822      0.105509      1.570057      -0.040809      0.035888      
0      0.499771      0.036812      0.105469      1.570063      -0.040511      0.035590      
0      0.499641      0.036912      0.105199      1.570189      -0.033507      0.028583      
0      0.499751      0.037032      0.105009      1.570383      -0.018400      0.013470      
0      0.499921      0.037042      0.105039      1.570397      -0.016947      0.012017      
0      0.499851      0.037092      0.104709      1.570340      -0.022608      0.017681      
0      0.499941      0.037092      0.104409      1.570350      -0.021745      0.016817      
0      0.500061      0.037062      0.104369      1.570322      -0.024155      0.019228      
0      0.500021      0.037072      0.104309      1.570326      -0.023770      0.018843      
0      0.500041      0.037072      0.104319      1.570351      -0.021643      0.016715      
0      0.500141      0.037082      0.104199      1.570315      -0.024752      0.019825      
0      0.500191      0.037082      0.104149      1.570325      -0.023865      0.018938      
0      0.500171      0.037062      0.104169      1.570386      -0.018085      0.013156      
0      0.500291      0.037062      0.104089      1.570403      -0.016232      0.011302      
0      0.500421      0.037022      0.103859      1.570356      -0.021109      0.016180      
0      0.500421      0.037012      0.103829      1.570367      -0.020072      0.015144      
0      0.500421      0.036982      0.103829      1.570375      -0.019240      0.014311      
0      0.500391      0.036962      0.103859      1.570405      -0.015957      0.011027      
0      0.500441      0.036962      0.103869      1.570442      -0.010688      0.005757      
0      0.500481      0.036972      0.103919      1.570452      -0.008843      0.003911      
0      0.500621      0.036932      0.104219      1.570459      -0.007194      0.002261      
0      0.500711      0.036962      0.104229      1.570462      -0.006503      0.001570      
0      0.500601      0.037052      0.104449      1.570478      0.000289      -0.005225      
0      0.500691      0.037042      0.104599      1.570478      0.001742      -0.006678      
0      0.500941      0.037052      0.104649      1.570477      -0.000260      -0.004675      
0      0.501201      0.036912      0.104889      1.570472      -0.003425      -0.001509      
0      0.501211      0.036912      0.104889      1.570476      -0.001564      -0.003371      
0      0.501201      0.036922      0.104849      1.570476      -0.001336      -0.003599      
0      0.501261      0.036872      0.105059      1.570478      0.000761      -0.005696      
0      0.501211      0.036942      0.105099      1.570476      0.004875      -0.009812      
0      0.501271      0.037042      0.105289      1.570473      0.006540      -0.011477      
0      0.501281      0.037112      0.105309      1.570470      0.007797      -0.012734      
0      0.501281      0.037112      0.105389      1.570463      0.009909      -0.014847      
0      0.501391      0.037042      0.105569      1.570467      0.008927      -0.013865      
0      0.501471      0.037022      0.105389      1.570466      0.009249      -0.014187      
0      0.501441      0.037002      0.105359      1.570465      0.009532      -0.014470      
0      0.501401      0.037002      0.105399      1.570456      0.011723      -0.016662      
0      0.501411      0.036982      0.105409      1.570445      0.013867      -0.018806      
0      0.501471      0.037012      0.105499      1.570444      0.014032      -0.018971      
0      0.501431      0.037002      0.105619      1.570407      0.019419      -0.024360      
0      0.501441      0.037022      0.105659      1.570360      0.024491      -0.029434      
0      0.501511      0.036952      0.105779      1.570369      0.023628      -0.028570      
0      0.501471      0.036952      0.105899      1.570321      0.027907      -0.032851      
0      0.501631      0.036952      0.106089      1.570349      0.025512      -0.030455      
0      0.501621      0.036952      0.106119      1.570362      0.024319      -0.029261      
0      0.501621      0.036952      0.106139      1.570339      0.026423      -0.031366      
0      0.501611      0.036922      0.106109      1.570361      0.024389      -0.029332      
0      0.501601      0.036882      0.106129      1.570361      0.024366      -0.029308      
0      0.501571      0.036742      0.106179      1.570334      0.026816      -0.031759      
0      0.501611      0.036612      0.106179      1.570302      0.029478      -0.034422      
0      0.501751      0.036212      0.106479      1.570286      0.030679      -0.035624      
0      0.501901      0.035962      0.106679      1.570280      0.031119      -0.036063      
0      0.502051      0.035712      0.107009      1.570247      0.033459      -0.038404      
0      0.502131      0.035422      0.107499      1.570232      0.034472      -0.039417      
0      0.502331      0.035162      0.107739      1.570218      0.035375      -0.040321      
0      0.502461      0.034942      0.108069      1.570198      0.036694      -0.041640      
0      0.502451      0.034932      0.108069      1.570198      0.036679      -0.041625      
0      0.502501      0.034812      0.108129      1.570191      0.037095      -0.042041      
0      0.502521      0.034622      0.108439      1.570186      0.037432      -0.042379      
0      0.502381      0.034572      0.108549      1.570203      0.036380      -0.041326      
0      0.502301      0.034522      0.108589      1.570183      0.037590      -0.042536      
0      0.502101      0.034512      0.108819      1.570027      0.046031      -0.050979      
0      0.502081      0.034552      0.108939      1.569848      0.054048      -0.058998      
0      0.502151      0.034532      0.108999      1.569914      0.051261      -0.056210      
0      0.502161      0.034512      0.108979      1.569904      0.051669      -0.056619      
0      0.502191      0.034552      0.109049      1.569681      0.060542      -0.065494      
0      0.502301      0.034552      0.109259      1.569683      0.060479      -0.065431      
0      0.502281      0.034592      0.109189      1.569694      0.060094      -0.065046      
0      0.502301      0.034592      0.109169      1.569663      0.061217      -0.066169      
0      0.502311      0.034612      0.109139      1.569682      0.060534      -0.065486      
0      0.502311      0.034612      0.109119      1.569648      0.061759      -0.066711      
0      0.502451      0.034632      0.109269      1.569592      0.063761      -0.068714      
0      0.502501      0.034632      0.109329      1.569573      0.064405      -0.069358      
0      0.502541      0.034762      0.109399      1.569571      0.064468      -0.069421      
0      0.502711      0.034922      0.109649      1.569523      0.066109      -0.071062      
0      0.502701      0.035112      0.109669      1.569379      0.070773      -0.075727      
0      0.502821      0.035152      0.109819      1.569418      0.069548      -0.074502      
0      0.502881      0.035212      0.109879      1.569401      0.070098      -0.075052      
0      0.502861      0.035352      0.109839      1.569358      0.071448      -0.076403      
0      0.502871      0.035372      0.109909      1.569325      0.072461      -0.077416      
0      0.502881      0.035462      0.109889      1.569250      0.074715      -0.079670      
0      0.502941      0.035482      0.109869      1.569178      0.076803      -0.081758      
0      0.502981      0.035522      0.109949      1.569236      0.075123      -0.080078      
0      0.502981      0.035662      0.109929      1.569068      0.079920      -0.084876      
0      0.503141      0.035692      0.110089      1.569040      0.080705      -0.085661      
0      0.503201      0.035822      0.110079      1.568994      0.081946      -0.086902      
0      0.503231      0.035942      0.110029      1.568878      0.085024      -0.089981      
0      0.503271      0.035982      0.110109      1.568888      0.084757      -0.089714      
0      0.503271      0.036102      0.110059      1.568921      0.083877      -0.088834      
0      0.503321      0.036122      0.110069      1.568833      0.086178      -0.091135      
0      0.503371      0.036192      0.110119      1.568806      0.086853      -0.091810      
0      0.503341      0.036262      0.110089      1.568755      0.088140      -0.093098      
0      0.503431      0.036272      0.110069      1.568763      0.087952      -0.092910      
0      0.503441      0.036322      0.110049      1.568671      0.090213      -0.095171      
0      0.503451      0.036352      0.109999      1.568475      0.094884      -0.099843      
0      0.503591      0.036352      0.109929      1.568483      0.094712      -0.099671      
0      0.503591      0.036392      0.109939      1.568487      0.094618      -0.099576      
0      0.503581      0.036432      0.109909      1.568382      0.097028      -0.101987      
0      0.503591      0.036432      0.109879      1.568473      0.094939      -0.099898      
0      0.503511      0.036432      0.109799      1.568457      0.095301      -0.100260      
0      0.503511      0.036432      0.109849      1.568453      0.095410      -0.100369      
0      0.503541      0.036442      0.109839      1.568456      0.095340      -0.100299      
0      0.503531      0.036442      0.109829      1.568417      0.096219      -0.101178      
0      0.503531      0.036442      0.109829      1.568272      0.099493      -0.104453      
0      0.503531      0.036422      0.109799      1.568315      0.098527      -0.103487      
0      0.503491      0.036422      0.109769      1.568263      0.099681      -0.104641      
0      0.503501      0.036392      0.109759      1.568263      0.099689      -0.104649      
0      0.503501      0.036362      0.109759      1.568264      0.099658      -0.104617      
0      0.503491      0.036342      0.109799      1.568116      0.102876      -0.107837      
0      0.503491      0.036362      0.109789      1.567958      0.106197      -0.111158      
0      0.503471      0.036352      0.109789      1.568128      0.102617      -0.107578      
0      0.503401      0.036372      0.109869      1.568031      0.104682      -0.109643      
0      0.503371      0.036412      0.109899      1.567962      0.106111      -0.111072      
0      0.503321      0.036452      0.109959      1.567970      0.105962      -0.110922      
0      0.503251      0.036522      0.110039      1.567924      0.106896      -0.111857      
0      0.503221      0.036622      0.109999      1.567910      0.107194      -0.112155      
0      0.503211      0.036652      0.110019      1.567751      0.110397      -0.115359      
0      0.503231      0.036742      0.110009      1.567641      0.112564      -0.117525      
0      0.503231      0.036832      0.109999      1.567655      0.112289      -0.117251      
0      0.503191      0.036892      0.110009      1.567520      0.114895      -0.119857      
0      0.503191      0.036982      0.109979      1.567513      0.115044      -0.120006      
0      0.503171      0.036962      0.109999      1.567473      0.115798      -0.120760      
0      0.503161      0.036942      0.109959      1.567360      0.117917      -0.122880      
0      0.503161      0.036942      0.109939      1.567267      0.119636      -0.124599      
0      0.503111      0.036882      0.110069      1.567150      0.121763      -0.126727      
0      0.503121      0.036892      0.110079      1.567110      0.122470      -0.127433      
0      0.503081      0.036872      0.110159      1.567063      0.123325      -0.128289      
0      0.503071      0.036872      0.110169      1.567063      0.123310      -0.128273      
0      0.503081      0.036872      0.110159      1.566891      0.126332      -0.131296      
0      0.503071      0.036842      0.110199      1.566918      0.125869      -0.130832      
0      0.503071      0.036832      0.110199      1.566852      0.127007      -0.131971      
0      0.503141      0.036792      0.110369      1.566807      0.127784      -0.132748      
0      0.503101      0.036752      0.110519      1.566709      0.129456      -0.134420      
0      0.503121      0.036712      0.110559      1.566661      0.130264      -0.135228      
0      0.503171      0.036642      0.110629      1.566558      0.131983      -0.136948      
0      0.503261      0.036572      0.110739      1.566341      0.135538      -0.140503      
0      0.503431      0.036472      0.110929      1.566367      0.135115      -0.140080      
0      0.503471      0.036442      0.111009      1.566334      0.135640      -0.140605      
0      0.503631      0.036392      0.111289      1.566367      0.135107      -0.140072      
0      0.503701      0.036392      0.111389      1.566435      0.134000      -0.138965      
0      0.503901      0.036382      0.111619      1.566327      0.135758      -0.140723      
0      0.504121      0.036282      0.111939      1.566270      0.136669      -0.141634      
0      0.504231      0.036262      0.112129      1.566215      0.137548      -0.142513      
0      0.504301      0.036212      0.112389      1.566241      0.137132      -0.142097      
0      0.504461      0.036102      0.112739      1.566253      0.136951      -0.141916      
0      0.504711      0.036012      0.113149      1.566113      0.139156      -0.144122      
0      0.504911      0.035962      0.113379      1.566093      0.139470      -0.144436      
0      0.505101      0.035892      0.113619      1.566144      0.138670      -0.143635      
0      0.505381      0.035872      0.113999      1.566122      0.139023      -0.143989      
0      0.505701      0.035832      0.114409      1.566166      0.138325      -0.143290      
0      0.505801      0.035852      0.114559      1.566238      0.137187      -0.142152      
0      0.506011      0.035892      0.114849      1.565987      0.141126      -0.146092      
0      0.506231      0.035922      0.114929      1.566042      0.140271      -0.145237      
0      0.506451      0.035932      0.114949      1.566029      0.140483      -0.145448      
0      0.506671      0.035872      0.115159      1.566010      0.140765      -0.145731      
0      0.506841      0.035882      0.115309      1.565954      0.141636      -0.146602      
0      0.507011      0.035842      0.115589      1.565798      0.144030      -0.148996      
0      0.507241      0.035812      0.115829      1.565694      0.145600      -0.150566      
0      0.507431      0.035792      0.115939      1.565578      0.147326      -0.152293      
0      0.507471      0.035762      0.116029      1.565393      0.150049      -0.155016      
0      0.507551      0.035712      0.116069      1.565422      0.149626      -0.154592      
0      0.507631      0.035642      0.116139      1.565316      0.151156      -0.156123      
0      0.507781      0.035512      0.116409      1.565137      0.153722      -0.158689      
0      0.507961      0.035382      0.116399      1.565200      0.152835      -0.157802      
0      0.508021      0.035222      0.116549      1.565187      0.153016      -0.157983      
0      0.508061      0.035112      0.116569      1.565200      0.152835      -0.157802      
0      0.508111      0.035042      0.116609      1.565123      0.153918      -0.158885      
0      0.508281      0.034932      0.116809      1.564790      0.158579      -0.163547      
0      0.508511      0.034922      0.117069      1.564677      0.160125      -0.165092      
0      0.508581      0.034922      0.117039      1.564849      0.157763      -0.162730      
0      0.508641      0.034852      0.116989      1.564711      0.159662      -0.164629      
0      0.508651      0.034822      0.116959      1.564728      0.159427      -0.164394      
0      0.508631      0.034742      0.117009      1.564548      0.161867      -0.166835      
0      0.508661      0.034732      0.116979      1.564408      0.163750      -0.168718      
0      0.508611      0.034722      0.117029      1.564329      0.164801      -0.169769      
0      0.508581      0.034722      0.117059      1.564163      0.166975      -0.171943      
0      0.508651      0.034742      0.116969      1.564037      0.168615      -0.173583      
0      0.508641      0.034772      0.116789      1.563992      0.169195      -0.174163      
0      0.508571      0.034752      0.116739      1.563748      0.172310      -0.177278      
0      0.508561      0.034792      0.116619      1.563785      0.171839      -0.176808      
0      0.508511      0.034782      0.116599      1.563410      0.176539      -0.181507      
0      0.508621      0.034772      0.116539      1.563022      0.181261      -0.186230      
0      0.508581      0.034732      0.116569      1.563201      0.179088      -0.184057      
0      0.508521      0.034722      0.116519      1.563100      0.180320      -0.185289      
0      0.508511      0.034712      0.116549      1.562833      0.183513      -0.188482      
0      0.508521      0.034722      0.116599      1.562859      0.183207      -0.188176      
0      0.508461      0.034732      0.116569      1.562611      0.186133      -0.191102      
0      0.508531      0.034692      0.116449      1.562225      0.190588      -0.195558      
0      0.508441      0.034652      0.116359      1.562151      0.191427      -0.196397      
0      0.508421      0.034632      0.116329      1.562037      0.192721      -0.197691      
0      0.508411      0.034602      0.116369      1.561281      0.201074      -0.206044      
0      0.508421      0.034562      0.116449      1.560731      0.206933      -0.211903      
0      0.508411      0.034552      0.116439      1.561039      0.203678      -0.208648      
0      0.508341      0.034552      0.116339      1.561175      0.202219      -0.207189      
0      0.508281      0.034552      0.116249      1.560481      0.209544      -0.214514      
0      0.508231      0.034532      0.116179      1.560639      0.207897      -0.212867      
0      0.508121      0.034502      0.116139      1.560294      0.211473      -0.216443      
0      0.508101      0.034522      0.116109      1.560203      0.212406      -0.217376      
0      0.508001      0.034502      0.116229      1.559971      0.214766      -0.219737      
0      0.507961      0.034502      0.116249      1.559450      0.219973      -0.224943      
0      0.507961      0.034522      0.116269      1.559384      0.220624      -0.225594      
0      0.507931      0.034502      0.116279      1.559490      0.219573      -0.224543      
0      0.507901      0.034492      0.116249      1.559497      0.219502      -0.224472      
0      0.507931      0.034512      0.116319      1.559059      0.223791      -0.228761      
0      0.507861      0.034532      0.116259      1.559115      0.223250      -0.228220      
0      0.507861      0.034532      0.116249      1.558915      0.225187      -0.230157      
0      0.507881      0.034542      0.116279      1.558716      0.227100      -0.232070      
0      0.507841      0.034552      0.116239      1.558676      0.227476      -0.232446      
0      0.507831      0.034542      0.116209      1.558107      0.232838      -0.237808      
0      0.507791      0.034592      0.116199      1.557894      0.234813      -0.239783      
0      0.507461      0.034642      0.115889      1.557585      0.237651      -0.242621      
0      0.507461      0.034642      0.115869      1.557573      0.237761      -0.242730      
0      0.507381      0.034672      0.115769      1.557487      0.238544      -0.243514      
0      0.507421      0.034652      0.115789      1.556947      0.243404      -0.248374      
0      0.507431      0.034652      0.115789      1.557150      0.241586      -0.246555      
0      0.507401      0.034632      0.115759      1.556913      0.243710      -0.248679      
0      0.507411      0.034602      0.115769      1.556674      0.245818      -0.250787      
0      0.507411      0.034602      0.115749      1.556831      0.244431      -0.249400      
0      0.507311      0.034592      0.115619      1.556836      0.244391      -0.249361      
0      0.507311      0.034602      0.115659      1.556402      0.248208      -0.253178      
0      0.507241      0.034672      0.115559      1.556396      0.248263      -0.253232      
0      0.507171      0.034692      0.115389      1.556143      0.250457      -0.255427      
0      0.507131      0.034702      0.115339      1.555755      0.253788      -0.258757      
0      0.507091      0.034732      0.115289      1.555537      0.255645      -0.260614      
0      0.507071      0.034732      0.115209      1.555522      0.255770      -0.260739      
0      0.507061      0.034732      0.115199      1.555510      0.255872      -0.260841      
0      0.506981      0.034702      0.115229      1.555056      0.259688      -0.264657      
0      0.506901      0.034632      0.115149      1.555013      0.260041      -0.265010      
0      0.506841      0.034612      0.115219      1.554445      0.264726      -0.269695      
0      0.506801      0.034602      0.115319      1.554033      0.268071      -0.273040      
0      0.506771      0.034642      0.115279      1.554093      0.267594      -0.272562      
0      0.506731      0.034682      0.115309      1.553685      0.270868      -0.275836      
0      0.506701      0.034732      0.115209      1.553609      0.271471      -0.276439      
0      0.506681      0.034722      0.115189      1.553632      0.271291      -0.276259      
0      0.506621      0.034672      0.115239      1.553211      0.274628      -0.279596      
0      0.506611      0.034672      0.115179      1.553079      0.275662      -0.280630      
0      0.506531      0.034672      0.115109      1.552903      0.277041      -0.282008      
0      0.506551      0.034712      0.115069      1.552888      0.277158      -0.282126      
0      0.506491      0.034732      0.114929      1.552912      0.276970      -0.281938      
0      0.506421      0.034692      0.114839      1.552581      0.279547      -0.284515      
0      0.506281      0.034692      0.114639      1.552712      0.278529      -0.283496      
0      0.506221      0.034672      0.114559      1.552625      0.279203      -0.284170      
0      0.506241      0.034552      0.114589      1.551984      0.284121      -0.289088      
0      0.506271      0.034462      0.114569      1.551796      0.285547      -0.290513      
0      0.506211      0.034312      0.114459      1.551292      0.289337      -0.294303      
0      0.506241      0.034212      0.114439      1.551047      0.291161      -0.296128      
0      0.506181      0.034162      0.114359      1.550711      0.293644      -0.298610      
0      0.506201      0.034042      0.114309      1.550133      0.297864      -0.302829      
0      0.506231      0.033982      0.114289      1.550033      0.298584      -0.303550      
0      0.506181      0.033902      0.114269      1.549016      0.305849      -0.310814      
0      0.506191      0.033892      0.114229      1.548842      0.307071      -0.312035      
0      0.506131      0.033892      0.114069      1.549057      0.305560      -0.310524      
0      0.506031      0.033862      0.114019      1.547817      0.314193      -0.319157      
0      0.506031      0.033832      0.113999      1.547539      0.316095      -0.321058      
0      0.505911      0.033882      0.113939      1.546574      0.322606      -0.327568      
0      0.505971      0.033922      0.113929      1.546432      0.323553      -0.328515      
0      0.505841      0.034012      0.113809      1.545733      0.328178      -0.333139      
0      0.505881      0.034002      0.113849      1.544842      0.333975      -0.338935      
0      0.505801      0.034032      0.113739      1.544941      0.333333      -0.338294      
0      0.505681      0.034082      0.113639      1.544517      0.336064      -0.341023      
0      0.505731      0.034032      0.113699      1.543447      0.342845      -0.347804      
0      0.505661      0.034032      0.113729      1.543495      0.342548      -0.347507      
0      0.505641      0.034002      0.113709      1.543463      0.342744      -0.347702      
0      0.505641      0.034002      0.113659      1.543077      0.345161      -0.350119      
0      0.505631      0.034002      0.113659      1.543764      0.340851      -0.345810      
0      0.505501      0.034002      0.113489      1.542842      0.346623      -0.351581      
0      0.505681      0.033962      0.113679      1.542219      0.350471      -0.355428      
0      0.505721      0.033952      0.113709      1.542621      0.347992      -0.352949      
0      0.505581      0.033932      0.113569      1.543828      0.340444      -0.345403      
0      0.505671      0.033902      0.113569      1.542828      0.346709      -0.351667      
0      0.505721      0.033952      0.113599      1.543417      0.343033      -0.347992      
0      0.505641      0.034002      0.113639      1.544729      0.334702      -0.339663      
0      0.505681      0.034102      0.113569      1.548146      0.311924      -0.316887      
0      0.505731      0.034132      0.113619      1.553305      0.273884      -0.278852      
0      0.505611      0.034352      0.113609      1.557454      0.238842      -0.243812      
0      0.505541      0.034462      0.113559      1.558701      0.227241      -0.232211      
0      0.505551      0.034692      0.113589      1.562574      0.186556      -0.191526      
0      0.505451      0.034922      0.113319      1.564455      0.163114      -0.168082      
0      0.505441      0.035062      0.113289      1.566317      0.135923      -0.140888      
0      0.505351      0.035242      0.113269      1.568928      0.083712      -0.088669      
0      0.504881      0.035542      0.112939      1.569929      0.050577      -0.055527      
0      0.504851      0.035632      0.113079      1.570355      0.024923      -0.029866      
0      0.504891      0.035652      0.113229      1.570478      0.003376      -0.008312      
0      0.504561      0.035912      0.113049      1.570001      -0.043558      0.038638      
0      0.504061      0.036182      0.112659      1.568850      -0.082019      0.077115      
0      0.504051      0.036212      0.112919      1.567621      -0.109248      0.104356      
0      0.503751      0.036262      0.113229      1.566140      -0.135018      0.130139      
0      0.503451      0.036352      0.113439      1.564863      -0.153847      0.148978      
0      0.503181      0.036412      0.113789      1.563734      -0.168774      0.163913      
0      0.502861      0.036442      0.114119      1.561947      -0.190009      0.185161      
0      0.502441      0.036542      0.114319      1.559940      -0.211348      0.206513      
0      0.502221      0.036562      0.114459      1.559000      -0.220635      0.215806      
0      0.501681      0.036532      0.115009      1.556928      -0.239840      0.235023      
0      0.500961      0.036492      0.115689      1.552552      -0.276035      0.271244      
0      0.500501      0.036412      0.116079      1.549970      -0.295304      0.290527      
0      0.500261      0.036332      0.116429      1.546631      -0.318483      0.313723      
0      0.499911      0.036272      0.116699      1.540549      -0.356815      0.352087      
0      0.499591      0.036212      0.116769      1.535131      -0.387739      0.383038      
0      0.499471      0.036212      0.116889      1.530487      -0.412364      0.407685      
0      0.499261      0.036192      0.117109      1.525318      -0.438115      0.433460      
0      0.499171      0.036212      0.117189      1.521492      -0.456211      0.451574      
0      0.498891      0.036402      0.117289      1.509398      -0.509076      0.504494      
0      0.498531      0.036462      0.117609      1.505177      -0.526230      0.521667      
0      0.498261      0.036542      0.118029      1.501933      -0.539026      0.534476      
0      0.497791      0.036822      0.118349      1.498332      -0.552869      0.548336      
0      0.497281      0.037102      0.118739      1.495836      -0.562254      0.557731      
0      0.496871      0.037452      0.119059      1.491757      -0.577245      0.572740      
0      0.496631      0.037652      0.119179      1.489176      -0.586526      0.582032      
0      0.495631      0.038192      0.119539      1.481152      -0.614421      0.609961      
0      0.494921      0.038502      0.119829      1.476030      -0.631547      0.627108      
0      0.494011      0.038762      0.120139      1.470726      -0.648772      0.644355      
0      0.493101      0.038962      0.120369      1.462256      -0.675305      0.670924      
0      0.492281      0.039112      0.120559      1.455745      -0.694962      0.690607      
0      0.491331      0.039362      0.120469      1.449230      -0.714042      0.709714      
0      0.490491      0.039472      0.120689      1.443155      -0.731349      0.727045      
0      0.489721      0.039552      0.121189      1.436694      -0.749274      0.744995      
0      0.489371      0.039632      0.121389      1.433941      -0.756771      0.752504      
0      0.488301      0.039722      0.122159      1.425165      -0.780137      0.775905      
0      0.487671      0.039742      0.122669      1.416412      -0.802693      0.798496      
0      0.487151      0.039662      0.122999      1.405957      -0.828742      0.824586      
0      0.486441      0.039532      0.123529      1.396336      -0.851922      0.847803      
0      0.485931      0.039442      0.123969      1.389007      -0.869111      0.865020      
0      0.485551      0.039382      0.124239      1.382401      -0.884278      0.880213      
0      0.485151      0.039342      0.124729      1.374530      -0.901970      0.897935      
0      0.484691      0.039602      0.125159      1.368179      -0.915959      0.911949      
0      0.484691      0.039602      0.125159      1.361870      -0.929614      0.925628      
0      0.484691      0.039602      0.125159      1.351540      -0.951481      0.947534      
0      0.484691      0.039602      0.125159      1.342315      -0.970521      0.966609      
0      0.484691      0.039602      0.125159      1.334395      -0.986522      0.982640      
0      0.484691      0.039602      0.125159      1.328074      -0.999075      0.995217      
0      0.484691      0.039602      0.125159      1.323785      -1.007486      1.003644      
