0      0.445241      0.037242      0.109919      1.323542      -1.007960      1.004119      
0      0.446741      0.037632      0.109659      1.327944      -0.999331      0.995474      
0      0.447821      0.037982      0.109199      1.333822      -0.987667      0.983787      
0      0.449571      0.038542      0.108599      1.343032      -0.969057      0.965142      
0      0.450261      0.038912      0.108159      1.349726      -0.955259      0.951320      
0      0.450861      0.039292      0.107929      1.355434      -0.943306      0.939345      
0      0.451221      0.039512      0.107759      1.358065      -0.937738      0.933766      
0      0.451611      0.039882      0.107249      1.364076      -0.924865      0.920870      
0      0.451951      0.040292      0.106669      1.370592      -0.910673      0.906654      
0      0.452541      0.040692      0.106099      1.376968      -0.896533      0.892489      
0      0.453151      0.041082      0.105329      1.386077      -0.875875      0.871796      
0      0.453661      0.041252      0.104959      1.389823      -0.867215      0.863122      
0      0.454211      0.041332      0.104589      1.394949      -0.855206      0.851093      
0      0.454561      0.041302      0.104019      1.401253      -0.840165      0.836027      
0      0.455201      0.041122      0.103579      1.407609      -0.824688      0.820525      
0      0.455791      0.040792      0.103179      1.411684      -0.814589      0.810410      
0      0.456121      0.040582      0.103039      1.413659      -0.809644      0.805457      
0      0.456851      0.040062      0.102919      1.416930      -0.801378      0.797178      
0      0.457671      0.039472      0.102789      1.419042      -0.795992      0.791784      
0      0.459031      0.038572      0.102639      1.424706      -0.781339      0.777109      
0      0.460001      0.037972      0.102469      1.428740      -0.770712      0.766466      
0      0.460781      0.037432      0.102189      1.433246      -0.758650      0.754386      
0      0.461631      0.036892      0.101989      1.437095      -0.748176      0.743896      
0      0.462381      0.036372      0.101669      1.441121      -0.737042      0.732746      
0      0.462701      0.036112      0.101449      1.442799      -0.732348      0.728045      
0      0.463411      0.035632      0.100839      1.447282      -0.719641      0.715321      
0      0.464141      0.035092      0.100129      1.452727      -0.703870      0.699527      
0      0.464891      0.034572      0.099609      1.455491      -0.695717      0.691363      
0      0.465911      0.034022      0.099109      1.458366      -0.687121      0.682755      
0      0.466711      0.033522      0.098469      1.462801      -0.673632      0.669248      
0      0.467911      0.032792      0.097449      1.467276      -0.659717      0.655315      
0      0.468691      0.032282      0.096889      1.470132      -0.650671      0.646257      
0      0.469421      0.031762      0.096259      1.473166      -0.640911      0.636484      
0      0.469781      0.031542      0.096019      1.474592      -0.636268      0.631835      
0      0.470541      0.030972      0.095699      1.478833      -0.622240      0.617789      
0      0.471051      0.030452      0.095459      1.483318      -0.607026      0.602556      
0      0.471701      0.029842      0.095429      1.486383      -0.596391      0.591909      
0      0.472131      0.029102      0.095499      1.489947      -0.583769      0.579271      
0      0.472391      0.028572      0.095219      1.496015      -0.561587      0.557063      
0      0.472731      0.028002      0.095159      1.501254      -0.541665      0.537118      
0      0.473191      0.027092      0.095219      1.505880      -0.523411      0.518844      
0      0.473401      0.026612      0.094949      1.511164      -0.501715      0.497125      
0      0.473711      0.026052      0.094889      1.513463      -0.491964      0.487364      
0      0.473851      0.025762      0.094869      1.514228      -0.488674      0.484070      
0      0.473891      0.025282      0.094469      1.517790      -0.473043      0.468423      
0      0.473971      0.024812      0.094089      1.521012      -0.458431      0.453796      
0      0.474191      0.024312      0.093889      1.522058      -0.453579      0.448939      
0      0.474231      0.023842      0.093489      1.523381      -0.447371      0.442725      
0      0.474151      0.023522      0.092919      1.525263      -0.438379      0.433725      
0      0.474101      0.023092      0.092269      1.526373      -0.432986      0.428327      
0      0.474071      0.022902      0.091649      1.527997      -0.424965      0.420298      
0      0.474021      0.022872      0.091309      1.529352      -0.418158      0.413485      
0      0.473841      0.022802      0.090579      1.530957      -0.409938      0.405257      
0      0.473871      0.022832      0.089909      1.531084      -0.409283      0.404601      
0      0.473741      0.022812      0.089259      1.532086      -0.404056      0.399370      
0      0.473451      0.022812      0.088669      1.532939      -0.399555      0.394864      
0      0.473001      0.022822      0.087849      1.534578      -0.390752      0.386053      
0      0.472581      0.022842      0.087249      1.536624      -0.379472      0.374763      
0      0.472441      0.022832      0.086929      1.536905      -0.377895      0.373185      
0      0.472091      0.022732      0.086309      1.538082      -0.371219      0.366503      
0      0.471811      0.022622      0.085789      1.538754      -0.367353      0.362633      
0      0.471631      0.022532      0.085239      1.540851      -0.355011      0.350281      
0      0.471331      0.022352      0.084839      1.542183      -0.346939      0.342202      
0      0.471171      0.022122      0.084259      1.543320      -0.339897      0.335155      
0      0.470951      0.021982      0.083849      1.544627      -0.331611      0.326862      
0      0.470801      0.021782      0.083549      1.545821      -0.323855      0.319100      
0      0.470811      0.021592      0.083299      1.546585      -0.318788      0.314028      
0      0.470771      0.021552      0.083089      1.547236      -0.314408      0.309645      
0      0.470541      0.021392      0.082639      1.548670      -0.304536      0.299766      
0      0.470451      0.021182      0.082359      1.549104      -0.301485      0.296713      
0      0.470331      0.020952      0.082009      1.549143      -0.301212      0.296439      
0      0.470151      0.020772      0.081559      1.550165      -0.293888      0.289109      
0      0.470131      0.020592      0.081109      1.551137      -0.286751      0.281967      
0      0.470151      0.020412      0.080389      1.552744      -0.274548      0.269755      
0      0.470291      0.020382      0.079949      1.553717      -0.266883      0.262085      
0      0.470381      0.020422      0.079539      1.554327      -0.261958      0.257156      
0      0.470411      0.020442      0.079319      1.554680      -0.259068      0.254265      
0      0.470561      0.020562      0.078669      1.555486      -0.252341      0.247533      
0      0.470711      0.020642      0.078139      1.556404      -0.244461      0.239648      
0      0.470771      0.020652      0.077809      1.556740      -0.241508      0.236692      
0      0.470911      0.020722      0.077199      1.556949      -0.239652      0.234835      
0      0.471111      0.020622      0.076569      1.557777      -0.232170      0.227348      
0      0.471231      0.020532      0.076149      1.558224      -0.228017      0.223192      
0      0.471321      0.020482      0.075949      1.558373      -0.226622      0.221797      
0      0.471511      0.020262      0.075679      1.558717      -0.223362      0.218535      
0      0.471691      0.019982      0.075549      1.559227      -0.218433      0.213602      
0      0.471841      0.019672      0.075539      1.560037      -0.210368      0.205532      
0      0.471971      0.019372      0.075469      1.560571      -0.204881      0.200042      
0      0.472161      0.019002      0.075459      1.561221      -0.197999      0.193155      
0      0.472351      0.018562      0.075279      1.562493      -0.183784      0.178932      
0      0.472531      0.018342      0.075189      1.563012      -0.177659      0.172804      
0      0.472581      0.018192      0.075259      1.563119      -0.176365      0.171509      
0      0.472651      0.018062      0.075299      1.563548      -0.171103      0.166244      
0      0.472701      0.018092      0.075069      1.564402      -0.160107      0.155241      
0      0.472711      0.018072      0.075009      1.564575      -0.157785      0.152918      
0      0.472671      0.018102      0.074959      1.564541      -0.158248      0.153381      
0      0.472631      0.018102      0.074869      1.564985      -0.152153      0.147283      
0      0.472591      0.018082      0.074789      1.564937      -0.152820      0.147950      
0      0.472531      0.018052      0.074629      1.565065      -0.151023      0.146153      
0      0.472471      0.018042      0.074549      1.565188      -0.149282      0.144410      
0      0.472371      0.017982      0.074379      1.565410      -0.146073      0.141200      
0      0.472301      0.017972      0.074259      1.565691      -0.141931      0.137055      
0      0.472191      0.018022      0.074159      1.566172      -0.134508      0.129629      
0      0.472101      0.018122      0.073999      1.566693      -0.126003      0.121119      
0      0.471961      0.018232      0.073779      1.567162      -0.117834      0.112946      
0      0.471821      0.018352      0.073629      1.567346      -0.114459      0.109570      
0      0.471821      0.018462      0.073469      1.567550      -0.110613      0.105722      
0      0.471821      0.018482      0.073439      1.567665      -0.108392      0.103500      
0      0.471721      0.018572      0.073389      1.568162      -0.098173      0.093277      
0      0.471631      0.018632      0.073319      1.568551      -0.089390      0.084489      
0      0.471641      0.018592      0.073359      1.568581      -0.088691      0.083790      
0      0.471651      0.018602      0.073179      1.568565      -0.089068      0.084167      
0      0.471681      0.018632      0.072939      1.568755      -0.084445      0.079542      
0      0.471761      0.018512      0.073099      1.568864      -0.081666      0.076762      
0      0.471801      0.018512      0.072969      1.568911      -0.080441      0.075536      
0      0.471741      0.018482      0.072889      1.569043      -0.076909      0.072002      
0      0.471691      0.018452      0.072739      1.569155      -0.073753      0.068845      
0      0.471671      0.018442      0.072659      1.569223      -0.071790      0.066882      
0      0.471641      0.018372      0.072569      1.569380      -0.067041      0.062130      
0      0.471571      0.018352      0.072419      1.569446      -0.064929      0.060017      
0      0.471441      0.018292      0.072289      1.569576      -0.060595      0.055682      
0      0.471291      0.018212      0.072109      1.569643      -0.058224      0.053310      
0      0.471161      0.018142      0.071789      1.569746      -0.054393      0.049477      
0      0.471021      0.018012      0.071729      1.569773      -0.053372      0.048456      
0      0.470981      0.017992      0.071539      1.569792      -0.052610      0.047694      
0      0.470941      0.017992      0.071439      1.569785      -0.052877      0.047961      
0      0.470871      0.017972      0.071429      1.569825      -0.051299      0.046382      
0      0.470801      0.017942      0.071289      1.569873      -0.049305      0.044387      
0      0.470751      0.017912      0.071109      1.569877      -0.049116      0.044199      
0      0.470591      0.017832      0.070989      1.569876      -0.049156      0.044238      
0      0.470501      0.017752      0.070799      1.569839      -0.050695      0.045777      
0      0.470411      0.017662      0.070689      1.569866      -0.049588      0.044670      
0      0.470331      0.017552      0.070529      1.569853      -0.050129      0.045212      
0      0.470211      0.017452      0.070359      1.569886      -0.048755      0.043837      
0      0.470161      0.017292      0.070289      1.569909      -0.047750      0.042832      
0      0.470161      0.017222      0.070219      1.569968      -0.045096      0.040177      
0      0.470161      0.017022      0.070129      1.570018      -0.042772      0.037852      
0      0.470111      0.016892      0.070009      1.570097      -0.038729      0.033807      
0      0.469921      0.016812      0.069739      1.570327      -0.023692      0.018765      
0      0.469831      0.016772      0.069649      1.570397      -0.016947      0.012017      
0      0.469781      0.016752      0.069499      1.570380      -0.018792      0.013863      
0      0.469741      0.016722      0.069489      1.570393      -0.017371      0.012441      
0      0.469721      0.016742      0.069479      1.570409      -0.015510      0.010580      
0      0.469721      0.016772      0.069479      1.570420      -0.013971      0.009040      
0      0.469711      0.016792      0.069479      1.570425      -0.013303      0.008372      
0      0.469711      0.016792      0.069469      1.570433      -0.012118      0.007186      
0      0.469751      0.016732      0.069519      1.570423      -0.013633      0.008702      
0      0.469751      0.016712      0.069489      1.570426      -0.013162      0.008231      
0      0.469761      0.016552      0.069449      1.570446      -0.009950      0.005018      
0      0.469791      0.016402      0.069379      1.570442      -0.010688      0.005757      
0      0.469781      0.016252      0.069299      1.570456      -0.008019      0.003086      
0      0.469871      0.016032      0.069319      1.570458      -0.007524      0.002591      
0      0.469931      0.015942      0.069329      1.570456      -0.007916      0.002984      
0      0.469991      0.015782      0.069289      1.570461      -0.006872      0.001939      
0      0.470041      0.015562      0.069289      1.570470      -0.004281      -0.000653      
0      0.470181      0.015302      0.069349      1.570476      -0.001540      -0.003395      
0      0.470301      0.015092      0.069369      1.570478      0.001436      -0.006372      
0      0.470521      0.014672      0.069459      1.570478      0.000093      -0.005028      
0      0.470651      0.014472      0.069439      1.570478      0.002151      -0.007086      
0      0.470761      0.014222      0.069489      1.570478      0.001805      -0.006741      
0      0.470881      0.014012      0.069479      1.570478      0.003148      -0.008084      
0      0.470981      0.013862      0.069359      1.570478      0.002598      -0.007534      
0      0.471021      0.013752      0.069379      1.570478      0.002669      -0.007605      
0      0.471111      0.013562      0.069439      1.570477      0.004396      -0.009333      
0      0.471191      0.013452      0.069459      1.570472      0.006909      -0.011847      
0      0.471221      0.013282      0.069449      1.570471      0.007616      -0.012554      
0      0.471251      0.013072      0.069329      1.570462      0.010207      -0.015146      
0      0.471181      0.012922      0.069209      1.570459      0.011024      -0.015963      
0      0.471071      0.012852      0.069039      1.570455      0.011864      -0.016803      
0      0.470971      0.012792      0.068909      1.570450      0.012972      -0.017911      
0      0.470901      0.012762      0.068849      1.570450      0.012901      -0.017840      
0      0.470771      0.012702      0.068719      1.570437      0.015264      -0.020204      
0      0.470711      0.012672      0.068639      1.570442      0.014464      -0.019403      
0      0.470611      0.012602      0.068539      1.570426      0.016874      -0.021815      
0      0.470451      0.012532      0.068439      1.570397      0.020596      -0.025538      
0      0.470341      0.012472      0.068309      1.570376      0.022882      -0.027824      
0      0.470161      0.012432      0.068209      1.570343      0.026054      -0.030997      
0      0.470061      0.012482      0.068099      1.570299      0.029690      -0.034634      
0      0.469991      0.012452      0.068009      1.570279      0.031182      -0.036126      
0      0.469901      0.012442      0.067889      1.570202      0.036412      -0.041358      
0      0.469861      0.012422      0.067849      1.570159      0.039034      -0.043981      
0      0.469841      0.012392      0.067799      1.570133      0.040495      -0.045442      
0      0.469801      0.012352      0.067759      1.570131      0.040613      -0.045560      
0      0.469791      0.012332      0.067739      1.570147      0.039686      -0.044633      
0      0.469771      0.012282      0.067739      1.570129      0.040699      -0.045646      
0      0.469741      0.012262      0.067639      1.570142      0.039992      -0.044939      
0      0.469731      0.012202      0.067649      1.570138      0.040228      -0.045175      
0      0.469691      0.012162      0.067589      1.570135      0.040354      -0.045301      
0      0.469651      0.012102      0.067549      1.570105      0.042003      -0.046950      
0      0.469541      0.011972      0.067599      1.570096      0.042513      -0.047461      
0      0.469451      0.011902      0.067429      1.570066      0.044076      -0.049024      
0      0.469381      0.011852      0.067369      1.570037      0.045552      -0.050500      
0      0.469241      0.011642      0.067359      1.569992      0.047719      -0.052668      
0      0.469111      0.011602      0.067209      1.569995      0.047539      -0.052487      
0      0.468961      0.011492      0.067259      1.569966      0.048913      -0.053862      
0      0.468921      0.011472      0.067169      1.569931      0.050483      -0.055433      
0      0.468871      0.011462      0.067129      1.569921      0.050923      -0.055873      
0      0.468791      0.011452      0.067069      1.569915      0.051213      -0.056163      
0      0.468711      0.011452      0.066989      1.569908      0.051512      -0.056462      
0      0.468581      0.011442      0.066919      1.569886      0.052454      -0.057404      
0      0.468541      0.011432      0.066869      1.569885      0.052486      -0.057436      
0      0.468481      0.011422      0.066809      1.569864      0.053373      -0.058323      
0      0.468381      0.011372      0.066699      1.569814      0.055446      -0.060397      
0      0.468271      0.011272      0.066509      1.569790      0.056412      -0.061363      
0      0.468221      0.011172      0.066489      1.569792      0.056325      -0.061276      
0      0.468151      0.011142      0.066399      1.569736      0.058493      -0.063444      
0      0.468121      0.011082      0.066339      1.569733      0.058610      -0.063562      
0      0.468081      0.011032      0.066319      1.569730      0.058712      -0.063664      
0      0.468021      0.010972      0.066239      1.569691      0.060181      -0.065132      
0      0.467971      0.010952      0.066179      1.569679      0.060628      -0.065580      
0      0.467841      0.010972      0.066099      1.569714      0.059317      -0.064269      
0      0.467691      0.010912      0.066139      1.569689      0.060275      -0.065227      
0      0.467431      0.010812      0.066039      1.569705      0.059678      -0.064630      
0      0.467251      0.010752      0.065869      1.569670      0.060958      -0.065910      
0      0.467071      0.010602      0.065819      1.569659      0.061359      -0.066311      
0      0.466931      0.010532      0.065699      1.569662      0.061249      -0.066201      
0      0.466811      0.010442      0.065649      1.569624      0.062607      -0.067559      
0      0.466771      0.010352      0.065689      1.569623      0.062638      -0.067591      
0      0.466751      0.010192      0.065739      1.569650      0.061673      -0.066625      
0      0.466701      0.009972      0.065769      1.569606      0.063251      -0.068203      
0      0.466721      0.009582      0.066069      1.569608      0.063196      -0.068148      
0      0.466761      0.009282      0.066229      1.569629      0.062426      -0.067379      
0      0.466781      0.008942      0.066469      1.569632      0.062332      -0.067284      
0      0.466811      0.008632      0.066649      1.569645      0.061877      -0.066829      
0      0.466821      0.008322      0.066839      1.569653      0.061571      -0.066523      
0      0.466811      0.008002      0.067099      1.569654      0.061555      -0.066507      
0      0.466811      0.007852      0.067239      1.569670      0.060966      -0.065918      
0      0.466771      0.007792      0.067449      1.569653      0.061563      -0.066515      
0      0.466721      0.007752      0.067619      1.569633      0.062301      -0.067253      
0      0.466661      0.007752      0.067779      1.569664      0.061162      -0.066114      
0      0.466481      0.007872      0.067809      1.569638      0.062120      -0.067072      
0      0.466441      0.007912      0.067859      1.569660      0.061319      -0.066271      
0      0.466391      0.007922      0.067919      1.569626      0.062544      -0.067496      
0      0.466331      0.007842      0.067979      1.569623      0.062662      -0.067614      
0      0.466311      0.007812      0.067889      1.569612      0.063055      -0.068007      
0      0.466311      0.007652      0.067949      1.569603      0.063345      -0.068298      
0      0.466371      0.007542      0.067899      1.569634      0.062277      -0.067229      
0      0.466431      0.007452      0.067899      1.569645      0.061861      -0.066813      
0      0.466451      0.007402      0.067919      1.569645      0.061853      -0.066805      
0      0.466481      0.007382      0.067869      1.569638      0.062128      -0.067080      
0      0.466501      0.007372      0.067929      1.569622      0.062701      -0.067654      
0      0.466511      0.007392      0.068019      1.569621      0.062709      -0.067661      
0      0.466471      0.007492      0.068029      1.569673      0.060864      -0.065816      
0      0.466401      0.007662      0.068209      1.569564      0.064711      -0.069664      
0      0.466351      0.007792      0.068259      1.569570      0.064499      -0.069452      
0      0.466291      0.007942      0.068259      1.569560      0.064837      -0.069790      
0      0.466271      0.007972      0.068259      1.569551      0.065159      -0.070112      
0      0.466221      0.008102      0.068189      1.569611      0.063086      -0.068038      
0      0.466181      0.008142      0.068209      1.569577      0.064264      -0.069216      
0      0.466201      0.008152      0.068229      1.569563      0.064735      -0.069688      
0      0.466181      0.008202      0.068189      1.569626      0.062560      -0.067512      
0      0.466181      0.008182      0.068209      1.569605      0.063306      -0.068258      
0      0.466181      0.008202      0.068149      1.569613      0.062992      -0.067944      
0      0.466201      0.008212      0.068079      1.569590      0.063824      -0.068777      
0      0.466211      0.008212      0.068109      1.569617      0.062850      -0.067803      
0      0.466221      0.008262      0.068129      1.569632      0.062348      -0.067300      
0      0.466251      0.008272      0.068389      1.569655      0.061500      -0.066452      
0      0.466231      0.008442      0.068389      1.569735      0.058516      -0.063467      
0      0.466151      0.008622      0.068379      1.569917      0.051111      -0.056061      
0      0.466071      0.008682      0.068559      1.570118      0.041327      -0.046274      
0      0.465991      0.008982      0.068539      1.570311      0.028740      -0.033683      
0      0.466061      0.009152      0.068749      1.570457      0.011456      -0.016395      
0      0.466151      0.009312      0.069199      1.570457      -0.007681      0.002748      
0      0.466221      0.009442      0.069389      1.570430      -0.012667      0.007736      
0      0.466491      0.009632      0.070229      1.570220      -0.031568      0.026643      
0      0.466621      0.009672      0.070829      1.569898      -0.048206      0.043288      
0      0.466731      0.009782      0.071279      1.569510      -0.062833      0.057920      
0      0.466841      0.009752      0.071969      1.568777      -0.083872      0.078968      
0      0.467041      0.009812      0.072509      1.567623      -0.109209      0.104317      
0      0.467221      0.009902      0.072919      1.566668      -0.126426      0.121543      
0      0.467291      0.009892      0.073529      1.565334      -0.147187      0.142314      
0      0.467521      0.009922      0.074159      1.563201      -0.175377      0.170520      
0      0.467671      0.009932      0.074509      1.561964      -0.189821      0.184973      
0      0.467981      0.009862      0.075779      1.558540      -0.225047      0.220220      
0      0.468181      0.009902      0.076579      1.555960      -0.248307      0.243496      
0      0.468571      0.009922      0.077469      1.552202      -0.278720      0.273930      
0      0.468671      0.009952      0.078349      1.550152      -0.293982      0.289203      
0      0.468761      0.009992      0.079149      1.549181      -0.300946      0.296172      
0      0.468841      0.009932      0.080149      1.547217      -0.314541      0.309778      
0      0.469021      0.009892      0.081109      1.543936      -0.336012      0.331267      
0      0.469231      0.009872      0.082029      1.540041      -0.359831      0.355105      
0      0.469351      0.009832      0.083009      1.536273      -0.381432      0.376725      
0      0.469681      0.009782      0.084089      1.530438      -0.412614      0.407935      
0      0.470241      0.009592      0.085509      1.522043      -0.453649      0.449009      
0      0.470631      0.009352      0.087019      1.513524      -0.491700      0.487099      
0      0.470961      0.009122      0.088509      1.507148      -0.518292      0.513719      
0      0.471181      0.008962      0.089799      1.501993      -0.538793      0.534243      
0      0.471321      0.008792      0.091059      1.498033      -0.554002      0.549469      
0      0.471471      0.008572      0.092299      1.493153      -0.572161      0.567650      
0      0.471661      0.008452      0.093299      1.488747      -0.588052      0.583559      
0      0.471761      0.008272      0.094529      1.483091      -0.607807      0.603339      
0      0.471761      0.008012      0.095979      1.476321      -0.630588      0.626148      
0      0.471701      0.007722      0.097279      1.471157      -0.647390      0.642972      
0      0.471671      0.007572      0.098529      1.465863      -0.664146      0.659749      
0      0.471901      0.007332      0.099789      1.459411      -0.683969      0.679599      
0      0.472141      0.007082      0.101169      1.451980      -0.706056      0.701716      
0      0.472321      0.006872      0.102689      1.444995      -0.726153      0.721842      
0      0.472481      0.006662      0.104269      1.436242      -0.750509      0.746233      
0      0.472691      0.006632      0.105739      1.427548      -0.773869      0.769628      
0      0.472791      0.006722      0.106879      1.420214      -0.792985      0.788772      
0      0.472931      0.006882      0.108389      1.409443      -0.820159      0.815989      
0      0.473391      0.007052      0.110019      1.398877      -0.845869      0.841741      
0      0.473661      0.007252      0.111529      1.389584      -0.867771      0.863679      
0      0.473661      0.007252      0.111529      1.381712      -0.885844      0.881781      
0      0.473661      0.007252      0.111529      1.375325      -0.900201      0.896163      
0      0.473661      0.007252      0.111529      1.368005      -0.916338      0.912329      
0      0.473661      0.007252      0.111529      1.359576      -0.934521      0.930543      
0      0.473661      0.007252      0.111529      1.351826      -0.950883      0.946936      
0      0.473661      0.007252      0.111529      1.344628      -0.965788      0.961868      
0      0.473661      0.007252      0.111529      1.335208      -0.984894      0.981009      
0      0.473661      0.007252      0.111529      1.323712      -1.007629      1.003787      
