171      0.011080      1637689712754      
172      0.015790      1637689712790      
173      0.008240      1637689712830      
174      0.016020      1637689712851      
175      0.020400      1637689712881      
176      0.024010      1637689712914      
177      0.027870      1637689712946      
178      0.022350      1637689712978      
179      0.042980      1637689713029      
180      0.013480      1637689713054      
181      0.005430      1637689713086      
182      0.008740      1637689713118      
183      0.003860      1637689713150      
184      0.016330      1637689713181      
185      0.011680      1637689713217      
186      0.014990      1637689713262      
187      0.025250      1637689713288      
188      0.011230      1637689713320      
189      0.012440      1637689713353      
190      0.018390      1637689713386      
191      0.006170      1637689713427      
192      0.016200      1637689713451      
193      0.040450      1637689713481      
194      0.015180      1637689713513      
195      0.008530      1637689713544      
196      0.011360      1637689713594      
197      0.013430      1637689713629      
198      0.006080      1637689713655      
199      0.012830      1637689713687      
200      0.006490      1637689713720      
201      0.012320      1637689713752      
202      0.008920      1637689713784      
203      0.007390      1637689713818      
204      0.009860      1637689713854      
205      0.012210      1637689713885      
206      0.010930      1637689713925      
207      0.022030      1637689713956      
208      0.013680      1637689713986      
209      0.008070      1637689714019      
210      0.013200      1637689714056      
211      0.014960      1637689714086      
212      0.006320      1637689714115      
213      0.013690      1637689714145      
214      0.009320      1637689714195      
215      0.021340      1637689714227      
216      0.009040      1637689714255      
217      0.013860      1637689714288      
218      0.011180      1637689714319      
219      0.013010      1637689714353      
220      0.005620      1637689714386      
221      0.011320      1637689714416      
222      0.013000      1637689714450      
223      0.011850      1637689714496      
224      0.015790      1637689714524      
225      0.016290      1637689714553      
226      0.015270      1637689714586      
227      0.045410      1637689714619      
228      0.014860      1637689714654      
229      0.019180      1637689714687      
230      0.008620      1637689714715      
231      0.012900      1637689714746      
232      0.006430      1637689714796      
233      0.009280      1637689714828      
234      0.012110      1637689714862      
235      0.010780      1637689714889      
236      0.010820      1637689714920      
237      0.007170      1637689714952      
238      0.006220      1637689714982      
239      0.004310      1637689715015      
240      0.006140      1637689715065      
241      0.013010      1637689715096      
242      0.009660      1637689715128      
243      0.009760      1637689715161      
244      0.006990      1637689715193      
245      0.010710      1637689715220      
246      0.008990      1637689715254      
247      0.007800      1637689715293      
248      0.005390      1637689715320      
249      0.013180      1637689715349      
250      0.013930      1637689715390      
251      0.012880      1637689715429      
252      0.011750      1637689715469      
253      0.008410      1637689715495      
254      0.008460      1637689715520      
255      0.008740      1637689715552      
256      0.010330      1637689715586      
257      0.003780      1637689715618      
258      -0.000220      1637689715664      
259      0.003050      1637689715697      
260      0.002760      1637689715728      
261      0.009160      1637689715755      
262      0.005280      1637689715787      
263      0.006400      1637689715819      
264      0.004070      1637689715852      
265      0.005540      1637689715888      
266      0.004330      1637689715918      
267      0.008510      1637689715948      
268      0.008510      1637689715996      
269      0.012760      1637689716027      
270      0.008210      1637689716057      
271      0.005180      1637689716088      
272      0.003730      1637689716120      
273      0.005990      1637689716152      
274      0.003800      1637689716185      
275      0.005490      1637689716218      
276      0.001880      1637689716250      
277      -0.000750      1637689716310      
278      -0.000960      1637689716331      
279      0.006840      1637689716362      
280      0.010220      1637689716395      
281      0.009400      1637689716423      
282      0.009820      1637689716455      
283      0.005510      1637689716488      
284      0.007470      1637689716520      
285      0.007960      1637689716552      
286      0.001980      1637689716599      
287      0.006460      1637689716631      
288      0.005490      1637689716663      
289      0.006430      1637689716699      
290      0.006220      1637689716745      
291      0.006930      1637689716773      
292      0.007960      1637689716807      
293      0.003720      1637689716834      
294      -0.000840      1637689716865      
295      0.000380      1637689716913      
296      0.003030      1637689716938      
297      0.007150      1637689716978      
298      0.006170      1637689717010      
299      0.003280      1637689717040      
300      0.006710      1637689717070      
301      0.005300      1637689717111      
302      0.006820      1637689717133      
303      0.004170      1637689717164      
304      0.013400      1637689717194      
305      0.005070      1637689717222      
306      0.004420      1637689717255      
307      0.005730      1637689717285      
308      0.002790      1637689717345      
309      0.003130      1637689717366      
310      0.002620      1637689717397      
311      0.001790      1637689717430      
312      0.008170      1637689717461      
313      0.015180      1637689717493      
314      0.009490      1637689717531      
315      0.004240      1637689717555      
316      -0.001930      1637689717588      
317      0.000030      1637689717637      
318      -0.002370      1637689717668      
319      0.000230      1637689717699      
320      0.000180      1637689717744      
321      0.002340      1637689717764      
322      0.001190      1637689717795      
323      0.000330      1637689717823      
324      0.002580      1637689717853      
325      0.002000      1637689717886      
326      0.002510      1637689717920      
327      0.002030      1637689717959      
328      0.003090      1637689717984      
329      0.001500      1637689718015      
330      0.002620      1637689718048      
331      0.004220      1637689718078      
332      0.002430      1637689718130      
333      0.005740      1637689718164      
334      0.005980      1637689718194      
335      0.008050      1637689718220      
336      0.002200      1637689718252      
337      0.005670      1637689718285      
338      -0.000040      1637689718314      
339      0.001620      1637689718350      
340      0.003210      1637689718382      
341      0.004510      1637689718422      
342      0.001400      1637689718455      
343      0.002370      1637689718488      
344      0.002480      1637689718520      
345      0.002940      1637689718560      
346      0.002500      1637689718588      
347      0.001580      1637689718619      
348      0.004460      1637689718653      
349      0.003060      1637689718683      
350      0.002150      1637689718714      
351      0.004140      1637689718762      
352      0.000690      1637689718788      
353      0.003710      1637689718820      
354      0.004640      1637689718852      
355      0.005380      1637689718886      
356      0.006020      1637689718917      
357      0.003360      1637689718954      
358      0.001820      1637689718979      
359      -0.000660      1637689719026      
360      0.005020      1637689719057      
361      0.000720      1637689719088      
362      0.004430      1637689719121      
363      0.000210      1637689719161      
364      0.001550      1637689719188      
365      0.001850      1637689719218      
366      0.002200      1637689719249      
367      0.004520      1637689719282      
368      0.001360      1637689719314      
369      0.001090      1637689719348      
370      0.002040      1637689719392      
371      0.002800      1637689719421      
372      0.001880      1637689719453      
373      -0.000100      1637689719486      
374      0.003170      1637689719519      
375      0.002290      1637689719554      
376      0.002840      1637689719595      
377      0.003070      1637689719617      
378      0.000040      1637689719659      
379      0.010270      1637689719692      
380      0.002230      1637689719726      
381      0.001390      1637689719760      
382      0.002140      1637689719786      
383      0.002810      1637689719821      
384      0.001080      1637689719849      
385      0.005080      1637689719881      
386      0.001200      1637689719913      
387      0.002070      1637689719959      
388      0.001610      1637689719993      
389      0.004990      1637689720021      
390      0.003840      1637689720053      
391      0.001900      1637689720083      
392      0.006470      1637689720116      
393      0.005540      1637689720147      
394      0.008840      1637689720179      
395      0.002110      1637689720226      
396      0.007090      1637689720255      
397      -0.000770      1637689720286      
398      -0.001310      1637689720321      
399      0.001070      1637689720351      
400      0.000610      1637689720381      
401      -0.005540      1637689720416      
402      -0.013350      1637689720447      
403      -0.021390      1637689720492      
404      -0.039990      1637689720523      
405      -0.025640      1637689720556      
406      -0.014000      1637689720586      
407      -0.009850      1637689720619      
408      -0.006290      1637689720652      
409      -0.001050      1637689720683      
410      -0.004910      1637689720715      
411      0.000600      1637689720747      
412      -0.006120      1637689720795      
413      -0.012490      1637689720832      
414      -0.010220      1637689720860      
415      -0.012070      1637689720888      
416      -0.010740      1637689720920      
417      -0.018920      1637689720953      
418      -0.015690      1637689720985      
419      -0.006960      1637689721022      
420      -0.012550      1637689721059      
421      -0.013220      1637689721084      
422      -0.012530      1637689721127      
423      -0.018660      1637689721159      
424      -0.022260      1637689721192      
425      -0.019110      1637689721224      
426      -0.017730      1637689721254      
427      -0.014010      1637689721286      
428      -0.004510      1637689721321      
429      -0.016110      1637689721351      
430      -0.016040      1637689721383      
431      -0.014590      1637689721429      
432      -0.024540      1637689721462      
433      -0.013960      1637689721488      
434      -0.012740      1637689721520      
435      -0.011340      1637689721553      
436      -0.011670      1637689721586      
437      -0.005910      1637689721617      
438      -0.015060      1637689721656      
439      -0.013800      1637689721680      
440      -0.022200      1637689721726      
441      -0.011670      1637689721759      
442      -0.010320      1637689721792      
443      -0.011760      1637689721820      
444      -0.008220      1637689721861      
445      -0.009500      1637689721885      
446      -0.004480      1637689721917      
447      -0.006790      1637689721949      
448      -0.008600      1637689721980      
449      -0.007980      1637689722028      
450      -0.018010      1637689722066      
451      -0.001230      1637689722093      
452      -0.003800      1637689722121      
453      -0.004860      1637689722153      
454      -0.006830      1637689722186      
455      -0.010430      1637689722219      
456      -0.004530      1637689722251      
457      -0.008180      1637689722294      
458      -0.017440      1637689722326      
459      -0.020350      1637689722359      
460      -0.028040      1637689722388      
461      -0.024020      1637689722420      
462      -0.009650      1637689722454      
463      -0.007850      1637689722491      
464      -0.005470      1637689722519      
465      -0.006210      1637689722549      
466      -0.004240      1637689722580      
467      -0.006370      1637689722628      
468      -0.011290      1637689722665      
469      -0.005410      1637689722700      
470      -0.006870      1637689722729      
471      -0.010910      1637689722752      
472      -0.013780      1637689722785      
473      -0.014190      1637689722818      
474      -0.010040      1637689722860      
475      -0.016900      1637689722886      
476      -0.008840      1637689722920      
477      -0.007410      1637689722961      
478      -0.004520      1637689722992      
479      -0.008260      1637689723024      
480      -0.013860      1637689723054      
481      -0.007630      1637689723093      
482      -0.010440      1637689723117      
483      -0.006730      1637689723152      
484      -0.012850      1637689723181      
485      -0.012240      1637689723229      
486      -0.019760      1637689723263      
487      -0.014760      1637689723298      
488      -0.015780      1637689723325      
489      -0.018760      1637689723354      
490      -0.013150      1637689723386      
491      -0.010740      1637689723418      
492      -0.023160      1637689723450      
493      -0.011080      1637689723483      
494      -0.021700      1637689723529      
495      -0.029890      1637689723562      
496      -0.019100      1637689723593      
497      -0.015240      1637689723620      
498      -0.008700      1637689723652      
499      -0.009340      1637689723693      
500      -0.008870      1637689723719      
501      -0.013400      1637689723748      
502      -0.009980      1637689723796      
503      -0.024430      1637689723829      
504      -0.013670      1637689723860      
505      -0.017010      1637689723897      
506      -0.014920      1637689723927      
507      -0.015940      1637689723954      
508      -0.012190      1637689723985      
509      -0.006710      1637689724017      
510      -0.012930      1637689724048      
511      -0.006730      1637689724102      
512      -0.016340      1637689724130      
513      -0.011220      1637689724162      
514      -0.010500      1637689724192      
515      -0.011000      1637689724222      
516      -0.013780      1637689724253      
517      -0.011230      1637689724294      
518      -0.010160      1637689724321      
519      -0.002330      1637689724349      
520      -0.006190      1637689724396      
521      -0.015360      1637689724429      
522      -0.008840      1637689724459      
523      -0.012890      1637689724495      
524      -0.010420      1637689724519      
525      -0.003860      1637689724549      
526      -0.007090      1637689724597      
527      -0.020100      1637689724629      
528      -0.010320      1637689724659      
529      -0.008920      1637689724697      
530      -0.009940      1637689724721      
531      -0.006800      1637689724753      
532      -0.007120      1637689724784      
533      -0.009440      1637689724816      
534      -0.007470      1637689724865      
535      -0.017330      1637689724898      
536      -0.010270      1637689724929      
537      -0.009240      1637689724959      
538      -0.009150      1637689724985      
