73      -16.220775      59.887804      -141.662503      
74      -18.276454      58.675831      -144.015352      
75      -18.929775      56.911793      -144.226998      
76      -19.699733      55.147007      -144.807364      
77      -19.854235      54.262780      -144.346023      
78      -19.182007      52.875997      -143.829966      
79      -20.408678      51.147077      -143.923314      
80      -21.845119      48.412116      -144.743107      
81      -20.802685      45.636969      -143.588376      
82      -21.194043      42.506699      -143.658389      
83      -21.094507      38.462712      -143.088474      
84      -20.174718      35.423063      -142.064209      
85      -18.803898      31.987413      -140.739653      
86      -19.054282      28.955688      -140.312031      
87      -18.848991      27.805426      -140.076281      
88      -18.218996      26.261679      -139.509213      
89      -18.177894      24.672292      -139.154671      
90      -17.770022      23.279144      -138.505576      
91      -17.226108      22.123701      -137.887997      
92      -16.837396      20.930591      -137.255461      
93      -16.362210      19.699702      -136.480680      
94      -15.777929      18.295362      -135.663395      
95      -15.365929      16.976111      -134.962582      
96      -14.733294      15.393393      -134.265918      
97      -14.476199      13.447361      -133.516063      
98      -14.273082      11.273878      -132.689065      
99      -14.555685      9.146316      -132.268479      
100      -15.062137      8.465311      -132.284517      
101      -15.159080      7.877831      -132.263303      
102      -15.104226      6.792942      -131.871432      
103      -15.054130      5.967349      -131.521984      
104      -15.421889      4.963829      -131.431167      
105      -15.758543      4.737102      -131.477868      
106      -15.691295      5.076787      -131.421997      
107      -15.803997      4.748799      -131.450573      
108      -15.743718      4.426736      -131.367128      
109      -15.683537      3.692422      -131.235035      
110      -15.918726      2.948719      -131.218675      
111      -16.216220      1.937109      -131.229740      
112      -16.204107      2.213882      -131.159055      
113      -16.387831      1.592975      -131.141295      
114      -16.332310      1.298400      -131.143280      
115      -16.305471      0.633514      -130.982802      
116      -16.744462      -0.030765      -131.003611      
117      -16.895655      -0.263584      -131.007157      
118      -17.277516      -1.071998      -131.050667      
119      -17.438240      -1.153265      -131.091924      
120      -17.402138      -1.290373      -130.983295      
121      -17.392297      -1.761680      -130.774343      
122      -17.486227      -2.167620      -130.632160      
123      -17.509405      -2.463511      -130.698087      
124      -17.859380      -3.189094      -130.671616      
125      -17.768704      -3.331999      -130.423244      
126      -17.907419      -3.862876      -130.325343      
127      -18.108560      -4.227951      -130.245382      
128      -17.948506      -4.434927      -130.155896      
129      -18.131713      -5.152614      -129.995831      
130      -18.431301      -5.962080      -130.105722      
131      -18.293543      -6.229601      -130.005055      
132      -18.399637      -6.754512      -129.994403      
133      -18.503275      -6.645729      -129.994626      
134      -18.428240      -7.052750      -129.691189      
135      -18.257820      -7.364374      -129.481829      
136      -18.352285      -7.922546      -129.456582      
137      -18.351777      -8.452577      -129.277424      
138      -18.566634      -8.409564      -129.323733      
139      -18.513628      -8.468026      -129.242906      
140      -18.434157      -8.990276      -128.980524      
141      -18.710323      -9.688675      -128.837545      
142      -18.721292      -9.898852      -128.821104      
143      -18.730422      -10.175807      -128.698314      
144      -18.750635      -10.391139      -128.746375      
145      -18.582147      -10.725065      -128.527718      
146      -18.629428      -10.838590      -128.520748      
147      -18.720861      -11.030922      -128.421899      
148      -18.774593      -11.290135      -128.295398      
149      -18.702439      -11.478906      -128.179983      
150      -18.649389      -11.647826      -128.123696      
151      -18.610866      -11.915887      -128.127321      
152      -18.639314      -12.239456      -128.003593      
153      -18.667985      -12.699366      -127.935395      
154      -18.728729      -12.828170      -127.814187      
155      -18.845063      -13.247391      -127.826075      
156      -18.949377      -13.438321      -127.727296      
157      -18.934696      -13.740852      -127.571898      
158      -19.026617      -13.848720      -127.461448      
159      -19.060274      -13.956588      -127.459690      
160      -19.071309      -14.236449      -127.356490      
161      -19.043347      -14.352783      -127.363003      
162      -19.025729      -14.426306      -127.299784      
163      -18.995627      -14.283648      -127.324880      
164      -18.810293      -13.342278      -127.579521      
165      -18.232397      -10.914703      -128.342816      
166      -17.437922      -10.009431      -128.330285      
167      -17.345661      -9.356781      -128.224096      
168      -17.042113      -7.454111      -128.918500      
169      -16.509724      -5.871371      -129.530243      
170      -16.075987      -3.388568      -130.035024      
171      -15.606058      0.413894      -131.032790      
172      -14.602634      4.664691      -132.086376      
173      -14.158176      7.208752      -132.560866      
174      -13.973967      11.480634      -133.950769      
175      -13.015885      14.973931      -134.680774      
176      -12.741917      17.144386      -135.279769      
177      -12.673545      19.205690      -135.975023      
178      -12.656883      21.706091      -136.845718      
179      -12.564771      23.634443      -137.525221      
180      -11.888820      26.047027      -137.867986      
181      -11.576850      27.376300      -138.081516      
182      -11.196227      30.016464      -138.396648      
183      -10.804776      32.713798      -138.968037      
184      -10.253461      35.559315      -139.223320      
185      -9.768164      38.065417      -139.667251      
186      -9.592533      40.544837      -139.943212      
187      -9.909813      42.692691      -140.578447      
188      -9.721781      44.539839      -141.108518      
189      -9.803641      45.725939      -141.528815      
190      -9.789320      46.681981      -141.757473      
191      -10.177198      47.800400      -142.214076      
192      -10.665520      49.246886      -142.835434      
193      -10.854187      50.884135      -143.877537      
194      -11.441240      53.216789      -145.305182      
195      -11.644351      55.616979      -146.298120      
196      -11.521545      57.631918      -147.181811      
