32      0.430101      0.014082      0.139509      1.320746      -1.013395      1.009565      
33      0.431741      0.014622      0.139869      1.322755      -1.009494      1.005656      
34      0.433471      0.015232      0.139989      1.329488      -0.996283      0.992419      
35      0.435291      0.015842      0.139919      1.336255      -0.982791      0.978903      
36      0.437141      0.016282      0.140059      1.337270      -0.980748      0.976856      
37      0.438541      0.016772      0.139659      1.345774      -0.963432      0.959508      
38      0.440061      0.017232      0.139309      1.350543      -0.953559      0.949616      
39      0.442481      0.017772      0.138879      1.355689      -0.942769      0.938807      
40      0.443961      0.018152      0.138489      1.359388      -0.934922      0.930945      
41      0.445611      0.018502      0.138199      1.361439      -0.930538      0.926554      
42      0.447201      0.018912      0.137759      1.365971      -0.920765      0.916764      
43      0.448311      0.019182      0.137449      1.370288      -0.911341      0.907322      
44      0.449611      0.019562      0.137069      1.376442      -0.897710      0.893668      
45      0.450541      0.019902      0.136389      1.386963      -0.873836      0.869754      
46      0.451181      0.020122      0.136169      1.391287      -0.863805      0.859706      
47      0.451821      0.020242      0.136099      1.394287      -0.856768      0.852657      
48      0.452351      0.020402      0.136029      1.400543      -0.841874      0.837738      
49      0.453441      0.020682      0.136029      1.405926      -0.828818      0.824662      
50      0.454281      0.020822      0.136049      1.408393      -0.822756      0.818590      
51      0.455401      0.021062      0.136049      1.414140      -0.808436      0.804247      
52      0.456651      0.021332      0.135969      1.418497      -0.797385      0.793179      
53      0.458071      0.021572      0.135759      1.423414      -0.784709      0.780484      
54      0.459731      0.021882      0.135179      1.430637      -0.765660      0.761406      
55      0.460971      0.022182      0.134619      1.436957      -0.748552      0.744273      
56      0.462551      0.022332      0.134229      1.440956      -0.737502      0.733207      
57      0.464101      0.022452      0.134149      1.441938      -0.734760      0.730461      
58      0.466011      0.022802      0.133779      1.445429      -0.724923      0.720610      
59      0.467251      0.023022      0.133409      1.449409      -0.713527      0.709198      
60      0.469031      0.023212      0.133219      1.451030      -0.708826      0.704490      
61      0.471261      0.023502      0.133039      1.452879      -0.703423      0.699080      
62      0.472341      0.023642      0.132769      1.457325      -0.690248      0.685887      
63      0.473451      0.023792      0.132619      1.460217      -0.681526      0.677153      
64      0.474691      0.023952      0.132559      1.463529      -0.671389      0.667002      
65      0.475491      0.024042      0.132439      1.467962      -0.657557      0.653151      
66      0.476671      0.024202      0.132429      1.470683      -0.648911      0.644495      
67      0.477971      0.024222      0.132709      1.472830      -0.642000      0.637574      
68      0.479061      0.024272      0.132629      1.478240      -0.624219      0.619771      
69      0.480241      0.024352      0.132699      1.481603      -0.612890      0.608428      
70      0.481161      0.024292      0.132829      1.482571      -0.609587      0.605120      
71      0.482721      0.024432      0.132689      1.485234      -0.600401      0.595924      
72      0.483791      0.024512      0.132359      1.487652      -0.591932      0.587444      
73      0.485121      0.024682      0.131789      1.490198      -0.582870      0.578371      
74      0.486471      0.024872      0.131349      1.491561      -0.577958      0.573453      
75      0.487971      0.025002      0.130869      1.492946      -0.572921      0.568410      
76      0.489771      0.025262      0.130009      1.495321      -0.564169      0.559648      
77      0.490541      0.025392      0.129579      1.497832      -0.554762      0.550230      
78      0.491251      0.025462      0.129209      1.500551      -0.544381      0.539838      
79      0.491641      0.025452      0.129049      1.502898      -0.535253      0.530699      
80      0.492221      0.025432      0.129099      1.504594      -0.528552      0.523991      
81      0.492581      0.025362      0.128999      1.506336      -0.521578      0.517009      
82      0.493301      0.025342      0.128639      1.509352      -0.509263      0.504680      
83      0.493711      0.025252      0.128359      1.510177      -0.505843      0.501257      
84      0.494231      0.025172      0.127799      1.512229      -0.497221      0.492626      
85      0.494511      0.025082      0.127429      1.513706      -0.490922      0.486320      
86      0.494551      0.024872      0.126969      1.515438      -0.483423      0.478814      
87      0.494441      0.024632      0.126639      1.516885      -0.477067      0.472450      
88      0.494261      0.024332      0.126349      1.519016      -0.467540      0.462914      
89      0.493641      0.024032      0.125699      1.523170      -0.448368      0.443723      
90      0.493471      0.023842      0.125289      1.525657      -0.436470      0.431814      
91      0.493531      0.023652      0.125109      1.526459      -0.432566      0.427905      
92      0.493421      0.023442      0.124689      1.528472      -0.422595      0.417925      
93      0.493351      0.023342      0.124329      1.529957      -0.415078      0.410401      
94      0.493511      0.023192      0.123879      1.530258      -0.413542      0.408864      
95      0.493591      0.022942      0.123209      1.531881      -0.405133      0.400447      
96      0.493731      0.022802      0.122819      1.532703      -0.400803      0.396113      
97      0.493941      0.022512      0.122489      1.533871      -0.394576      0.389881      
98      0.494111      0.022212      0.122299      1.535314      -0.386732      0.382030      
99      0.494281      0.021852      0.121819      1.537316      -0.375576      0.370864      
100      0.494461      0.021512      0.121499      1.538170      -0.370719      0.366002      
101      0.494821      0.021052      0.121239      1.539857      -0.360917      0.356192      
102      0.495531      0.020742      0.120679      1.541630      -0.350315      0.345581      
103      0.496221      0.020432      0.120299      1.541563      -0.350721      0.345988      
104      0.496841      0.020392      0.119799      1.541555      -0.350768      0.346034      
105      0.497611      0.020312      0.119169      1.541953      -0.348346      0.343610      
106      0.498211      0.020242      0.118749      1.541802      -0.349268      0.344533      
107      0.499071      0.020262      0.118099      1.541952      -0.348353      0.343618      
108      0.499931      0.020192      0.117399      1.542378      -0.345743      0.341006      
109      0.500591      0.020142      0.116839      1.542688      -0.343829      0.339089      
110      0.501031      0.019982      0.116579      1.543022      -0.341757      0.337016      
111      0.501311      0.019752      0.116429      1.543709      -0.337451      0.332706      
112      0.501551      0.019432      0.116089      1.544912      -0.329774      0.325023      
113      0.501561      0.019132      0.116109      1.545739      -0.324395      0.319640      
114      0.501521      0.018802      0.116129      1.546579      -0.318827      0.314068      
115      0.501571      0.018512      0.116139      1.546969      -0.316215      0.311453      
116      0.501501      0.018152      0.116209      1.547652      -0.311577      0.306812      
117      0.501541      0.017562      0.116069      1.548602      -0.305014      0.300244      
118      0.501571      0.017092      0.116109      1.549470      -0.298888      0.294113      
119      0.501511      0.016712      0.116159      1.550088      -0.294451      0.289673      
120      0.501561      0.016372      0.116069      1.550622      -0.290554      0.285773      
121      0.501541      0.016022      0.116099      1.551051      -0.287393      0.282609      
122      0.501471      0.015702      0.115989      1.552156      -0.279072      0.274283      
123      0.501501      0.015422      0.115859      1.552701      -0.274877      0.270084      
124      0.501521      0.014842      0.115829      1.553566      -0.268081      0.263284      
125      0.501581      0.014612      0.115699      1.553839      -0.265904      0.261105      
126      0.501721      0.014252      0.115579      1.554232      -0.262733      0.257932      
127      0.501841      0.014022      0.115449      1.554602      -0.259711      0.254907      
128      0.502041      0.013882      0.115089      1.554635      -0.259436      0.254633      
129      0.502171      0.013572      0.114909      1.554968      -0.256688      0.251882      
130      0.502261      0.013472      0.114649      1.555162      -0.255067      0.250260      
131      0.502341      0.013482      0.114389      1.555255      -0.254291      0.249484      
132      0.502251      0.013512      0.114069      1.555627      -0.251151      0.246341      
133      0.502081      0.013622      0.113679      1.556040      -0.247618      0.242807      
134      0.501951      0.013712      0.113389      1.556389      -0.244595      0.239781      
135      0.501721      0.013712      0.113199      1.556479      -0.243803      0.238989      
136      0.501531      0.013722      0.112949      1.556969      -0.239479      0.234662      
137      0.501411      0.013672      0.112649      1.557651      -0.233321      0.228500      
138      0.501411      0.013622      0.112589      1.557815      -0.231817      0.226995      
139      0.501431      0.013612      0.112369      1.558573      -0.224734      0.219907      
140      0.501381      0.013562      0.112309      1.559196      -0.218739      0.213908      
141      0.501171      0.013542      0.112139      1.559575      -0.215008      0.210175      
142      0.500861      0.013562      0.111879      1.560223      -0.208471      0.203634      
143      0.500321      0.013572      0.111569      1.561166      -0.198586      0.193743      
144      0.499691      0.013642      0.111069      1.562025      -0.189139      0.184290      
145      0.499401      0.013652      0.110859      1.562322      -0.185760      0.180909      
146      0.499181      0.013702      0.110679      1.562661      -0.181823      0.176970      
147      0.498861      0.013772      0.110409      1.563294      -0.174240      0.169383      
148      0.498701      0.013752      0.110329      1.563479      -0.171966      0.167107      
149      0.498391      0.013792      0.110049      1.563949      -0.166037      0.161174      
150      0.498071      0.013782      0.109879      1.564511      -0.158648      0.153782      
151      0.497991      0.013742      0.109829      1.564635      -0.156977      0.152110      
152      0.497961      0.013712      0.109809      1.564877      -0.153651      0.148782      
153      0.497801      0.013732      0.109669      1.565338      -0.147132      0.142259      
154      0.497741      0.013742      0.109599      1.565599      -0.143304      0.138429      
155      0.497701      0.013732      0.109579      1.565964      -0.137772      0.132895      
156      0.497661      0.013732      0.109579      1.566307      -0.132358      0.127478      
157      0.497741      0.013732      0.109569      1.566625      -0.127156      0.122273      
158      0.497731      0.013742      0.109529      1.566703      -0.125846      0.120962      
159      0.497651      0.013732      0.109489      1.566865      -0.123076      0.118191      
160      0.497661      0.013732      0.109479      1.566988      -0.120925      0.116039      
161      0.497661      0.013732      0.109479      1.567224      -0.116711      0.111823      
162      0.497521      0.013732      0.109399      1.567759      -0.106532      0.101639      
163      0.497421      0.013702      0.109359      1.568252      -0.096227      0.091329      
164      0.497391      0.013652      0.109339      1.568310      -0.094932      0.090033      
165      0.497381      0.013622      0.109249      1.568570      -0.088958      0.084057      
166      0.497361      0.013592      0.109199      1.568831      -0.082506      0.077602      
167      0.497211      0.013592      0.109049      1.569134      -0.074357      0.069450      
168      0.497281      0.013572      0.108969      1.569242      -0.071241      0.066332      
169      0.497251      0.013502      0.108949      1.569279      -0.070126      0.065217      
170      0.497121      0.013452      0.108839      1.569386      -0.066852      0.061942      
171      0.497101      0.013412      0.108759      1.569391      -0.066687      0.061777      
172      0.497081      0.013252      0.108819      1.569419      -0.065816      0.060905      
173      0.497091      0.013202      0.108809      1.569479      -0.063877      0.058965      
174      0.497151      0.012982      0.108859      1.569594      -0.059951      0.055038      
175      0.497201      0.012852      0.108909      1.569604      -0.059622      0.054708      
176      0.497211      0.012782      0.108799      1.569610      -0.059417      0.054504      
177      0.497211      0.012542      0.108879      1.569651      -0.057934      0.053019      
178      0.497181      0.012332      0.108949      1.569706      -0.055908      0.050993      
179      0.497201      0.012132      0.108789      1.569788      -0.052752      0.047835      
180      0.497131      0.011872      0.108819      1.569793      -0.052555      0.047639      
181      0.496971      0.011822      0.108659      1.569845      -0.050459      0.045542      
182      0.496811      0.011632      0.108619      1.569959      -0.045505      0.040586      
183      0.496601      0.011552      0.108489      1.570015      -0.042874      0.037954      
184      0.496541      0.011502      0.108379      1.570097      -0.038744      0.033823      
185      0.496511      0.011412      0.108349      1.570157      -0.035423      0.030500      
186      0.496421      0.011392      0.108249      1.570208      -0.032329      0.027405      
187      0.496301      0.011332      0.108159      1.570301      -0.025843      0.020917      
188      0.496221      0.011302      0.108129      1.570317      -0.024556      0.019629      
189      0.496121      0.011302      0.108089      1.570350      -0.021697      0.016770      
190      0.495961      0.011282      0.107969      1.570382      -0.018588      0.013659      
191      0.495841      0.011152      0.107959      1.570415      -0.014677      0.009747      
192      0.495691      0.011112      0.107859      1.570464      -0.006158      0.001224      
193      0.495641      0.011052      0.107829      1.570474      -0.002380      -0.002554      
194      0.495501      0.011032      0.107709      1.570476      -0.001281      -0.003654      
195      0.495341      0.011032      0.107589      1.570478      0.001899      -0.006835      
196      0.495271      0.010952      0.107559      1.570478      0.003179      -0.008115      
197      0.495151      0.010922      0.107529      1.570472      0.007066      -0.012004      
198      0.495151      0.010942      0.107529      1.570462      0.010231      -0.015169      
199      0.495201      0.010932      0.107529      1.570452      0.012563      -0.017502      
200      0.495181      0.010952      0.107499      1.570438      0.015045      -0.019984      
201      0.495041      0.010952      0.107449      1.570421      0.017660      -0.022600      
202      0.495041      0.010952      0.107469      1.570395      0.020793      -0.025734      
203      0.495011      0.010922      0.107499      1.570398      0.020534      -0.025475      
204      0.494941      0.010892      0.107429      1.570339      0.026376      -0.031319      
205      0.494931      0.010862      0.107439      1.570327      0.027468      -0.032411      
206      0.494931      0.010852      0.107409      1.570295      0.030020      -0.034964      
207      0.494881      0.010852      0.107359      1.570278      0.031253      -0.036197      
208      0.494841      0.010852      0.107329      1.570255      0.032949      -0.037894      
209      0.494861      0.010852      0.107359      1.570226      0.034880      -0.039826      
210      0.494861      0.010842      0.107379      1.570212      0.035815      -0.040761      
211      0.494911      0.010842      0.107329      1.570199      0.036600      -0.041546      
212      0.494971      0.010782      0.107369      1.570171      0.038320      -0.043266      
213      0.495081      0.010642      0.107469      1.570117      0.041382      -0.046329      
214      0.495201      0.010582      0.107519      1.570070      0.043872      -0.048819      
215      0.495391      0.010452      0.107659      1.570078      0.043479      -0.048427      
216      0.495571      0.010342      0.107769      1.570039      0.045434      -0.050382      
217      0.495711      0.010282      0.107819      1.570014      0.046659      -0.051608      
218      0.495921      0.010112      0.108009      1.570006      0.047060      -0.052008      
219      0.496211      0.009982      0.108059      1.569942      0.050020      -0.054969      
220      0.496581      0.009872      0.108179      1.569947      0.049784      -0.054734      
221      0.496741      0.009742      0.108309      1.569894      0.052093      -0.057043      
222      0.496781      0.009742      0.108249      1.569840      0.054386      -0.059336      
223      0.496871      0.009712      0.108269      1.569826      0.054967      -0.059917      
224      0.496941      0.009582      0.108349      1.569702      0.059788      -0.064740      
225      0.497001      0.009572      0.108269      1.569707      0.059584      -0.064536      
226      0.497061      0.009372      0.108309      1.569565      0.064688      -0.069641      
227      0.497031      0.009302      0.108259      1.569487      0.067310      -0.072264      
228      0.497001      0.009222      0.108219      1.569431      0.069124      -0.074078      
229      0.496991      0.009102      0.108269      1.569331      0.072281      -0.077235      
230      0.496981      0.009002      0.108269      1.569223      0.075508      -0.080463      
231      0.496991      0.008952      0.108279      1.568961      0.082825      -0.087782      
232      0.497021      0.008872      0.108259      1.568845      0.085856      -0.090813      
233      0.497031      0.008842      0.108219      1.568712      0.089224      -0.094182      
234      0.497001      0.008812      0.108249      1.568366      0.097389      -0.102348      
235      0.497001      0.008792      0.108249      1.568206      0.100937      -0.105897      
236      0.497061      0.008742      0.108229      1.568125      0.102680      -0.107640      
237      0.497021      0.008712      0.108249      1.568003      0.105271      -0.110232      
238      0.497031      0.008712      0.108219      1.567852      0.108380      -0.113341      
239      0.497101      0.008712      0.108239      1.567748      0.110468      -0.115429      
240      0.497081      0.008712      0.108229      1.567479      0.115688      -0.120650      
241      0.497081      0.008722      0.108229      1.567302      0.119000      -0.123963      
242      0.497071      0.008722      0.108239      1.567168      0.121442      -0.126405      
243      0.497061      0.008712      0.108229      1.566994      0.124534      -0.129498      
244      0.497081      0.008702      0.108209      1.566788      0.128113      -0.133078      
245      0.497111      0.008672      0.108219      1.566798      0.127933      -0.132897      
246      0.497071      0.008672      0.108199      1.566452      0.133733      -0.138698      
247      0.497091      0.008672      0.108179      1.566040      0.140302      -0.145268      
248      0.497131      0.008672      0.108159      1.566024      0.140561      -0.145527      
249      0.497181      0.008682      0.108119      1.565949      0.141715      -0.146681      
250      0.497231      0.008692      0.108069      1.565878      0.142806      -0.147772      
251      0.497301      0.008682      0.107999      1.565748      0.144776      -0.149742      
252      0.497281      0.008622      0.108019      1.565453      0.149170      -0.154137      
253      0.497311      0.008602      0.108009      1.565212      0.152655      -0.157622      
254      0.497391      0.008592      0.108019      1.565165      0.153329      -0.158296      
255      0.497401      0.008582      0.108019      1.565089      0.154405      -0.159372      
256      0.497391      0.008582      0.107999      1.564762      0.158956      -0.163923      
257      0.497581      0.008572      0.108069      1.564684      0.160031      -0.164998      
258      0.497611      0.008532      0.108109      1.564474      0.162871      -0.167839      
259      0.497641      0.008532      0.108079      1.564310      0.165045      -0.170013      
260      0.497811      0.008512      0.108099      1.564367      0.164291      -0.169259      
261      0.497861      0.008442      0.108159      1.564159      0.167030      -0.171998      
262      0.497891      0.008442      0.108129      1.563819      0.171408      -0.176376      
263      0.498151      0.008302      0.108269      1.563790      0.171784      -0.176753      
264      0.498251      0.008262      0.108289      1.563446      0.176091      -0.181060      
265      0.498421      0.008222      0.108329      1.563167      0.179504      -0.184473      
266      0.498701      0.008102      0.108499      1.563223      0.178829      -0.183798      
267      0.498921      0.008012      0.108579      1.563052      0.180892      -0.185862      
268      0.499121      0.008012      0.108549      1.562778      0.184164      -0.189133      
269      0.499521      0.007882      0.108759      1.562799      0.183913      -0.188882      
270      0.499701      0.007862      0.108769      1.562687      0.185238      -0.190208      
271      0.500071      0.007862      0.108809      1.562838      0.183450      -0.188419      
272      0.500301      0.007792      0.108949      1.562665      0.185497      -0.190466      
273      0.500441      0.007852      0.108889      1.562599      0.186266      -0.191235      
274      0.500571      0.007882      0.108869      1.562474      0.187725      -0.192694      
275      0.500781      0.007792      0.109049      1.562225      0.190588      -0.195558      
276      0.500941      0.007832      0.108919      1.562129      0.191678      -0.196648      
277      0.501041      0.007782      0.109009      1.561885      0.194431      -0.199401      
278      0.501141      0.007792      0.108979      1.561775      0.195655      -0.200625      
279      0.501211      0.007802      0.108969      1.561469      0.199035      -0.204005      
280      0.501401      0.007792      0.109039      1.561439      0.199357      -0.204327      
281      0.501521      0.007802      0.108959      1.561448      0.199263      -0.204233      
282      0.501551      0.007802      0.108949      1.561053      0.203529      -0.208499      
283      0.501631      0.007772      0.108979      1.560753      0.206705      -0.211675      
284      0.501861      0.007762      0.108819      1.560662      0.207662      -0.212632      
285      0.502291      0.007692      0.108919      1.560467      0.209693      -0.214663      
286      0.502641      0.007642      0.109009      1.560375      0.210634      -0.215604      
287      0.503081      0.007642      0.108999      1.560236      0.212069      -0.217039      
288      0.503611      0.007562      0.109119      1.560185      0.212587      -0.217557      
289      0.504061      0.007542      0.109249      1.560011      0.214359      -0.219329      
290      0.504511      0.007552      0.109309      1.559762      0.216868      -0.221838      
291      0.505421      0.007482      0.109599      1.559605      0.218436      -0.223406      
292      0.505971      0.007472      0.109689      1.559519      0.219291      -0.224261      
293      0.506551      0.007452      0.109749      1.559491      0.219565      -0.224535      
294      0.506991      0.007402      0.109879      1.559445      0.220020      -0.224990      
295      0.507271      0.007382      0.109889      1.559092      0.223470      -0.228440      
296      0.507501      0.007342      0.109959      1.559035      0.224026      -0.228996      
297      0.507561      0.007332      0.110039      1.558736      0.226904      -0.231874      
298      0.507711      0.007312      0.110189      1.558456      0.229569      -0.234539      
299      0.507791      0.007282      0.110259      1.558403      0.230063      -0.235033      
300      0.507801      0.007292      0.110279      1.558188      0.232085      -0.237055      
301      0.507871      0.007252      0.110499      1.557549      0.237980      -0.242950      
302      0.508111      0.007192      0.110669      1.557510      0.238333      -0.243303      
303      0.508221      0.007202      0.110789      1.556822      0.244517      -0.249486      
304      0.508471      0.007082      0.111069      1.556430      0.247965      -0.252935      
305      0.508691      0.007062      0.111209      1.556248      0.249548      -0.254518      
306      0.508871      0.007022      0.111339      1.556279      0.249274      -0.254243      
307      0.509011      0.006902      0.111499      1.555673      0.254493      -0.259462      
308      0.509171      0.006882      0.111569      1.555665      0.254556      -0.259525      
309      0.509251      0.006852      0.111709      1.555307      0.257580      -0.262549      
310      0.509331      0.006782      0.111899      1.555021      0.259978      -0.264947      
311      0.509461      0.006802      0.111969      1.554869      0.261240      -0.266208      
312      0.509541      0.006782      0.112089      1.554591      0.263535      -0.268504      
313      0.509621      0.006732      0.112369      1.553447      0.272764      -0.277732      
314      0.509831      0.006792      0.112449      1.553462      0.272646      -0.277614      
315      0.509881      0.006772      0.112589      1.552880      0.277221      -0.282188      
316      0.509941      0.006752      0.112719      1.552156      0.282813      -0.287780      
317      0.510171      0.006792      0.112919      1.552076      0.283424      -0.288391      
318      0.510351      0.006792      0.113079      1.551703      0.286251      -0.291218      
319      0.510661      0.006812      0.113539      1.548321      0.310710      -0.315674      
320      0.511021      0.006792      0.113819      1.548516      0.309356      -0.314320      
321      0.511111      0.006872      0.113909      1.548432      0.309943      -0.314907      
322      0.511061      0.006922      0.113999      1.547257      0.318013      -0.322975      
323      0.511121      0.006972      0.114129      1.547434      0.316807      -0.321770      
324      0.511091      0.007082      0.114099      1.547392      0.317097      -0.322060      
325      0.511061      0.007152      0.114089      1.547215      0.318294      -0.323257      
326      0.511051      0.007192      0.114109      1.547152      0.318725      -0.323687      
327      0.511021      0.007302      0.114099      1.547137      0.318827      -0.323789      
328      0.510941      0.007312      0.114239      1.546213      0.325009      -0.329970      
329      0.510861      0.007342      0.114319      1.545992      0.326472      -0.331433      
330      0.510811      0.007452      0.114329      1.545968      0.326628      -0.331590      
331      0.510761      0.007472      0.114419      1.545069      0.332504      -0.337465      
332      0.510751      0.007472      0.114649      1.544158      0.338356      -0.343315      
333      0.510701      0.007572      0.114809      1.543502      0.342501      -0.347460      
334      0.510651      0.007582      0.115049      1.542254      0.350252      -0.355209      
335      0.510531      0.007612      0.115189      1.541573      0.354412      -0.359368      
336      0.510331      0.007702      0.115289      1.541339      0.355827      -0.360783      
337      0.510181      0.007762      0.115389      1.540536      0.360643      -0.365598      
338      0.510141      0.007802      0.115429      1.540298      0.362058      -0.367013      
339      0.510151      0.007872      0.115419      1.540481      0.360971      -0.365926      
340      0.510021      0.007902      0.115409      1.541463      0.355076      -0.360033      
341      0.509821      0.007912      0.115379      1.542741      0.347249      -0.352206      
342      0.509741      0.007882      0.115449      1.544589      0.335602      -0.340562      
343      0.509601      0.007892      0.115349      1.548091      0.312307      -0.317271      
344      0.509481      0.007852      0.115319      1.550306      0.296603      -0.301569      
345      0.509271      0.007792      0.115279      1.553348      0.273547      -0.278515      
346      0.508821      0.007882      0.114819      1.558227      0.231717      -0.236687      
347      0.508031      0.007902      0.114729      1.559741      0.217080      -0.222050      
348      0.507761      0.007882      0.114769      1.560479      0.209568      -0.214538      
349      0.507311      0.007872      0.114739      1.562850      0.183316      -0.188286      
350      0.506541      0.007972      0.114619      1.565462      0.149037      -0.154004      
351      0.505651      0.008112      0.114539      1.565987      0.141126      -0.146092      
352      0.504911      0.008002      0.115039      1.566848      0.127077      -0.132041      
353      0.504291      0.007992      0.115449      1.567584      0.113678      -0.118640      
354      0.503661      0.008052      0.115829      1.568300      0.098865      -0.103824      
355      0.503031      0.008112      0.116199      1.569594      0.063683      -0.068635      
356      0.501651      0.008232      0.116639      1.570074      0.043636      -0.048584      
357      0.500961      0.008162      0.117169      1.570236      0.034213      -0.039158      
358      0.500411      0.008152      0.117669      1.570478      0.003061      -0.007998      
359      0.499961      0.008252      0.117829      1.570411      -0.015204      0.010273      
360      0.499551      0.008272      0.118179      1.570031      -0.042113      0.037192      
361      0.499291      0.008272      0.118379      1.569035      -0.077105      0.072199      
362      0.498831      0.008372      0.118379      1.566883      -0.122762      0.117877      
363      0.498371      0.008382      0.118399      1.565277      -0.148011      0.143139      
364      0.497711      0.008402      0.118409      1.561917      -0.190354      0.185506      
365      0.497491      0.008492      0.118519      1.558012      -0.229999      0.225176      
366      0.497231      0.008522      0.118709      1.555717      -0.250383      0.245573      
367      0.496671      0.008462      0.119209      1.552386      -0.277311      0.272520      
368      0.496421      0.008492      0.119469      1.549733      -0.297010      0.292234      
369      0.496101      0.008642      0.119669      1.547497      -0.312640      0.307876      
370      0.495501      0.008662      0.119949      1.546667      -0.318240      0.313481      
371      0.494451      0.008712      0.120419      1.543448      -0.339092      0.334349      
372      0.493501      0.008832      0.120609      1.541320      -0.352190      0.347458      
373      0.492311      0.008862      0.120839      1.540186      -0.358972      0.354245      
374      0.490911      0.008922      0.121199      1.537753      -0.373101      0.368386      
375      0.489641      0.009042      0.121449      1.535169      -0.387529      0.382827      
376      0.487411      0.009172      0.121899      1.532201      -0.403456      0.398768      
377      0.486041      0.009322      0.122419      1.528587      -0.422018      0.417348      
378      0.484481      0.009662      0.122689      1.523993      -0.444465      0.439816      
379      0.481991      0.009912      0.123109      1.517479      -0.474428      0.469810      
380      0.481021      0.010092      0.123509      1.507370      -0.517391      0.512817      
381      0.479641      0.010382      0.123449      1.499550      -0.548230      0.543691      
382      0.478221      0.010582      0.123439      1.496038      -0.561502      0.556978      
383      0.477851      0.010562      0.123809      1.486056      -0.597537      0.593056      
384      0.477881      0.010572      0.124079      1.472517      -0.643011      0.638587      
385      0.477741      0.010612      0.124169      1.466802      -0.661207      0.656806      
386      0.478561      0.010362      0.124879      1.440920      -0.737602      0.733307      
387      0.478721      0.010402      0.124799      1.428235      -0.772053      0.767809      
388      0.477731      0.010482      0.124459      1.426417      -0.776850      0.772613      
389      0.476531      0.010462      0.124349      1.417502      -0.799924      0.795723      
390      0.476081      0.010492      0.124399      1.408092      -0.823496      0.819332      
391      0.475361      0.010492      0.124429      1.401468      -0.839647      0.835508      
392      0.474581      0.010482      0.124509      1.394371      -0.856570      0.852458      
393      0.474011      0.010572      0.124569      1.386659      -0.874536      0.870455      
394      0.472621      0.010582      0.125249      1.377212      -0.895986      0.891942      
395      0.472261      0.010642      0.125879      1.365988      -0.920727      0.916726      
396      0.471601      0.010952      0.126289      1.359803      -0.934036      0.930058      
397      0.469971      0.011252      0.126819      1.354828      -0.944585      0.940626      
398      0.469491      0.011582      0.127319      1.345403      -0.964195      0.960272      
