67      0.450411      0.010862      0.137689      1.322743      -1.009516      1.005678      
68      0.450801      0.011332      0.137689      1.325078      -1.004959      1.001112      
69      0.451141      0.011562      0.137719      1.326195      -1.002770      0.998919      
70      0.451741      0.011932      0.137829      1.325950      -1.003251      0.999401      
71      0.452241      0.012152      0.138009      1.323858      -1.007343      1.003501      
72      0.452601      0.012282      0.138509      1.323592      -1.007862      1.004021      
73      0.452861      0.012432      0.138939      1.323662      -1.007727      1.003885      
74      0.453671      0.012872      0.139049      1.324455      -1.006177      1.002333      
75      0.454521      0.013322      0.139059      1.324705      -1.005688      1.001843      
76      0.455581      0.013962      0.138889      1.326517      -1.002138      0.998286      
77      0.456751      0.014602      0.138909      1.326337      -1.002491      0.998640      
78      0.457251      0.014912      0.138929      1.326414      -1.002341      0.998489      
79      0.458601      0.015682      0.139009      1.329450      -0.996358      0.992495      
80      0.459521      0.016082      0.138979      1.331664      -0.991968      0.988097      
81      0.460111      0.016352      0.139209      1.333128      -0.989053      0.985176      
82      0.460521      0.016492      0.139499      1.335531      -0.984246      0.980360      
83      0.460861      0.016692      0.139849      1.339029      -0.977197      0.973298      
84      0.461341      0.016972      0.139999      1.341708      -0.971758      0.967849      
85      0.462041      0.017412      0.140169      1.343648      -0.967796      0.963879      
86      0.462721      0.017932      0.140329      1.346137      -0.962685      0.958759      
87      0.463191      0.018232      0.140459      1.347177      -0.960540      0.956610      
88      0.464141      0.018862      0.140749      1.352436      -0.949606      0.945656      
89      0.465601      0.019782      0.141139      1.360590      -0.932355      0.928374      
90      0.466511      0.020342      0.141439      1.371240      -0.909247      0.905225      
91      0.467211      0.020782      0.141579      1.376098      -0.898477      0.894437      
92      0.467751      0.021062      0.141769      1.374752      -0.901476      0.897441      
93      0.468451      0.021282      0.141969      1.371168      -0.909406      0.905385      
94      0.469151      0.021492      0.142019      1.367243      -0.917998      0.913992      
95      0.469581      0.021612      0.141999      1.366225      -0.920212      0.916209      
96      0.470661      0.021902      0.141939      1.364161      -0.924683      0.920688      
97      0.472251      0.022332      0.141969      1.365124      -0.922599      0.918601      
98      0.473391      0.022642      0.142149      1.365625      -0.921515      0.917515      
99      0.474651      0.022952      0.142119      1.366951      -0.918635      0.914630      
100      0.475941      0.023202      0.141919      1.366463      -0.919696      0.915693      
101      0.477151      0.023392      0.141469      1.367671      -0.917066      0.913058      
102      0.478271      0.023472      0.140949      1.368262      -0.915777      0.911767      
103      0.478771      0.023512      0.140649      1.368363      -0.915557      0.911546      
104      0.479941      0.023572      0.140239      1.370685      -0.910468      0.906449      
105      0.481211      0.023552      0.140119      1.371805      -0.908003      0.903979      
106      0.482211      0.023602      0.139969      1.374329      -0.902417      0.898384      
107      0.483141      0.023752      0.139759      1.377436      -0.895485      0.891440      
108      0.484151      0.023982      0.139519      1.382569      -0.883898      0.879832      
109      0.485231      0.024262      0.139279      1.388784      -0.869628      0.865539      
110      0.486051      0.024382      0.139049      1.392975      -0.859853      0.855747      
111      0.486481      0.024402      0.138969      1.394813      -0.855526      0.851413      
112      0.486621      0.024382      0.138939      1.395016      -0.855046      0.850932      
113      0.486831      0.024292      0.138979      1.395970      -0.852790      0.848673      
114      0.486981      0.024222      0.139009      1.398366      -0.847089      0.842963      
115      0.487391      0.024362      0.139149      1.403414      -0.834939      0.830793      
116      0.487781      0.024632      0.139139      1.407078      -0.825993      0.821833      
117      0.488021      0.025042      0.139199      1.410509      -0.817515      0.813341      
118      0.488171      0.025572      0.139059      1.413951      -0.808910      0.804722      
119      0.488031      0.026202      0.138639      1.416081      -0.803535      0.799338      
120      0.487891      0.026832      0.138189      1.418530      -0.797300      0.793095      
121      0.487701      0.027412      0.137949      1.420193      -0.793038      0.788826      
122      0.487791      0.027852      0.137919      1.422154      -0.787978      0.783758      
123      0.488211      0.028212      0.137979      1.424239      -0.782557      0.778329      
124      0.488751      0.028522      0.137999      1.427330      -0.774444      0.770203      
125      0.489231      0.028802      0.137909      1.431093      -0.764441      0.760185      
126      0.489771      0.029082      0.137759      1.434995      -0.753909      0.749638      
127      0.490251      0.029322      0.137629      1.438627      -0.743961      0.739675      
128      0.490831      0.029572      0.137399      1.441988      -0.734622      0.730322      
129      0.491291      0.029762      0.137209      1.443409      -0.730634      0.726329      
130      0.491491      0.029822      0.137179      1.443774      -0.729604      0.725298      
131      0.492111      0.029952      0.137189      1.445212      -0.725538      0.721226      
132      0.492471      0.029942      0.137229      1.445659      -0.724270      0.719956      
133      0.492941      0.029872      0.137339      1.445916      -0.723540      0.719224      
134      0.493461      0.029812      0.137449      1.447580      -0.718788      0.714466      
135      0.493901      0.029742      0.137469      1.450593      -0.710096      0.705761      
136      0.494331      0.029702      0.137449      1.456779      -0.691881      0.687522      
137      0.494711      0.029642      0.137439      1.461833      -0.676601      0.672221      
138      0.494881      0.029612      0.137419      1.463349      -0.671944      0.667557      
139      0.495271      0.029532      0.137269      1.465942      -0.663899      0.659502      
140      0.496081      0.029412      0.137069      1.467065      -0.660381      0.655979      
141      0.496861      0.029282      0.136999      1.467862      -0.657873      0.653468      
142      0.497781      0.029122      0.137019      1.468748      -0.655071      0.650663      
143      0.498741      0.029002      0.136989      1.469150      -0.653798      0.649388      
144      0.499701      0.028922      0.136879      1.470929      -0.648124      0.643706      
145      0.500501      0.028922      0.136699      1.472278      -0.643784      0.639361      
146      0.501121      0.029052      0.136469      1.473862      -0.638647      0.634217      
147      0.501741      0.029262      0.136139      1.476419      -0.630264      0.625823      
148      0.502251      0.029452      0.135909      1.478389      -0.623724      0.619275      
149      0.502841      0.029582      0.135889      1.480543      -0.616487      0.612029      
150      0.503421      0.029612      0.136049      1.483027      -0.608024      0.603556      
151      0.503951      0.029532      0.136269      1.484283      -0.603698      0.599225      
152      0.504401      0.029422      0.136349      1.485125      -0.600780      0.596303      
153      0.504531      0.029322      0.136229      1.486584      -0.595687      0.591203      
154      0.504451      0.029242      0.135909      1.488736      -0.588091      0.583598      
155      0.504221      0.029192      0.135439      1.490778      -0.580786      0.576285      
156      0.504171      0.029182      0.134999      1.492744      -0.573657      0.569147      
157      0.504181      0.029282      0.134559      1.495148      -0.564813      0.560292      
158      0.504081      0.029512      0.134159      1.500443      -0.544800      0.540257      
159      0.503801      0.029602      0.133669      1.505105      -0.526518      0.521954      
160      0.503681      0.029462      0.133449      1.508672      -0.512068      0.507489      
161      0.503461      0.029142      0.133279      1.511617      -0.499810      0.495218      
162      0.503321      0.028662      0.133059      1.514480      -0.487585      0.482980      
163      0.503231      0.028102      0.133029      1.515459      -0.483330      0.478720      
164      0.503391      0.027662      0.132939      1.516016      -0.480895      0.476283      
165      0.503431      0.027382      0.132839      1.516157      -0.480272      0.475660      
166      0.503421      0.027302      0.132629      1.516740      -0.477705      0.473089      
167      0.503181      0.027232      0.132569      1.517122      -0.476016      0.471399      
168      0.502841      0.027202      0.132469      1.517381      -0.474864      0.470246      
169      0.502441      0.027192      0.132339      1.517675      -0.473557      0.468937      
170      0.501841      0.027152      0.132079      1.518556      -0.469611      0.464987      
171      0.501441      0.027082      0.131989      1.520312      -0.461647      0.457015      
172      0.501061      0.026912      0.131789      1.521698      -0.455253      0.450615      
173      0.500871      0.026692      0.131629      1.522250      -0.452683      0.448043      
174      0.500651      0.026472      0.131519      1.522462      -0.451694      0.447052      
175      0.500271      0.026352      0.131419      1.522507      -0.451484      0.446842      
176      0.499871      0.026402      0.131419      1.522724      -0.450463      0.445820      
177      0.499391      0.026592      0.131289      1.523458      -0.447005      0.442358      
178      0.498931      0.026842      0.131129      1.524837      -0.440429      0.435776      
179      0.498721      0.027092      0.131049      1.525377      -0.437826      0.433171      
180      0.498561      0.027292      0.130989      1.525893      -0.435325      0.430667      
181      0.498371      0.027392      0.130909      1.526758      -0.431100      0.426439      
182      0.498371      0.027392      0.130899      1.527426      -0.427803      0.423138      
183      0.498381      0.027362      0.130839      1.528314      -0.423383      0.418714      
184      0.498421      0.027292      0.130769      1.530273      -0.413464      0.408785      
185      0.498481      0.027232      0.130689      1.532745      -0.400585      0.395895      
186      0.498531      0.027152      0.130679      1.534385      -0.391798      0.387100      
187      0.498551      0.027092      0.130629      1.535978      -0.383071      0.378366      
188      0.498551      0.027072      0.130629      1.536175      -0.381978      0.377272      
189      0.498571      0.027012      0.130639      1.536582      -0.379706      0.374998      
190      0.498531      0.026942      0.130609      1.536851      -0.378200      0.373490      
191      0.498561      0.026902      0.130599      1.537436      -0.374897      0.370184      
192      0.498631      0.026922      0.130539      1.538322      -0.369844      0.365127      
193      0.498671      0.026992      0.130349      1.540735      -0.355706      0.350977      
194      0.498721      0.027072      0.130249      1.544430      -0.332870      0.328122      
195      0.498661      0.027122      0.130219      1.546978      -0.316152      0.311391      
196      0.498571      0.027122      0.130159      1.547893      -0.309926      0.305160      
197      0.498581      0.027112      0.130129      1.548871      -0.303128      0.298357      
198      0.498441      0.026982      0.130009      1.549560      -0.298246      0.293471      
199      0.498511      0.026822      0.129929      1.549578      -0.298121      0.293346      
200      0.498591      0.026632      0.129899      1.549432      -0.299162      0.294387      
201      0.498601      0.026582      0.129799      1.550065      -0.294616      0.289838      
202      0.498631      0.026542      0.129759      1.550648      -0.290366      0.285585      
203      0.498641      0.026552      0.129719      1.551088      -0.287119      0.282335      
204      0.498631      0.026562      0.129689      1.551964      -0.280536      0.275748      
205      0.498611      0.026602      0.129649      1.553253      -0.270563      0.265767      
206      0.498561      0.026682      0.129619      1.554349      -0.261778      0.256976      
207      0.498561      0.026702      0.129619      1.555282      -0.254064      0.249257      
208      0.498521      0.026682      0.129639      1.555439      -0.252741      0.247932      
209      0.498551      0.026662      0.129609      1.556078      -0.247289      0.242477      
210      0.498551      0.026642      0.129609      1.556078      -0.247289      0.242477      
211      0.498501      0.026782      0.129619      1.556221      -0.246052      0.241239      
212      0.498541      0.026852      0.129639      1.556432      -0.244219      0.239405      
213      0.498551      0.026982      0.129669      1.556626      -0.242511      0.237696      
214      0.498641      0.027142      0.129719      1.557026      -0.238970      0.234153      
215      0.498661      0.027242      0.129739      1.557230      -0.237137      0.232318      
216      0.498751      0.027312      0.129749      1.557737      -0.232530      0.227708      
217      0.498801      0.027282      0.129689      1.558200      -0.228244      0.223420      
218      0.498921      0.027252      0.129649      1.559084      -0.219828      0.214998      
219      0.499031      0.027262      0.129629      1.559675      -0.214013      0.209179      
220      0.499111      0.027282      0.129499      1.560290      -0.207789      0.202952      
221      0.499231      0.027372      0.129429      1.560953      -0.200868      0.196026      
222      0.499181      0.027432      0.129309      1.561378      -0.196297      0.191453      
223      0.499141      0.027442      0.129269      1.561497      -0.195004      0.190158      
224      0.499091      0.027422      0.129209      1.562021      -0.189178      0.184329      
225      0.499121      0.027362      0.129219      1.562315      -0.185838      0.180987      
226      0.499071      0.027322      0.129229      1.562456      -0.184207      0.179355      
227      0.499071      0.027332      0.129229      1.562836      -0.179753      0.174899      
228      0.499021      0.027342      0.129209      1.563042      -0.177299      0.172443      
229      0.499001      0.027372      0.129189      1.563042      -0.177291      0.172435      
230      0.499041      0.027392      0.129229      1.563476      -0.171997      0.167138      
231      0.499041      0.027392      0.129239      1.563475      -0.172005      0.167146      
232      0.499171      0.027442      0.129319      1.563564      -0.170899      0.166040      
233      0.499311      0.027522      0.129459      1.563835      -0.167488      0.162626      
234      0.499531      0.027622      0.129589      1.563878      -0.166939      0.162077      
235      0.499901      0.027732      0.129749      1.564166      -0.163221      0.158357      
236      0.500031      0.027772      0.129779      1.564523      -0.158483      0.153617      
237      0.500211      0.027852      0.129799      1.565144      -0.149909      0.145038      
238      0.500281      0.027822      0.129829      1.565505      -0.144684      0.139810      
239      0.500471      0.027692      0.129909      1.565449      -0.145516      0.140642      
240      0.500721      0.027482      0.130009      1.565398      -0.146253      0.141380      
241      0.500931      0.027372      0.130079      1.565251      -0.148379      0.143507      
242      0.501361      0.027132      0.130209      1.565027      -0.151557      0.146686      
243      0.502031      0.026762      0.130439      1.564888      -0.153510      0.148641      
244      0.502561      0.026562      0.130659      1.564673      -0.156459      0.151592      
245      0.503001      0.026452      0.130859      1.564500      -0.158805      0.153938      
246      0.503371      0.026402      0.130949      1.564443      -0.159558      0.154692      
247      0.503751      0.026452      0.130859      1.564597      -0.157495      0.152628      
248      0.503961      0.026492      0.130799      1.564652      -0.156742      0.151874      
249      0.504371      0.026562      0.130679      1.564787      -0.154898      0.150030      
250      0.504741      0.026602      0.130639      1.565018      -0.151690      0.146820      
251      0.505241      0.026602      0.130639      1.565262      -0.148222      0.143351      
252      0.505741      0.026572      0.130679      1.565589      -0.143453      0.138578      
253      0.506411      0.026452      0.130599      1.566124      -0.135277      0.130398      
254      0.506571      0.026392      0.130559      1.566277      -0.132837      0.127957      
255      0.506821      0.026282      0.130469      1.566736      -0.125281      0.120397      
256      0.506911      0.026162      0.130379      1.567181      -0.117488      0.112600      
257      0.507091      0.026062      0.130449      1.567650      -0.108675      0.103783      
258      0.507111      0.026022      0.130449      1.568093      -0.099665      0.094769      
259      0.507111      0.025992      0.130409      1.568589      -0.088487      0.083586      
260      0.507021      0.025972      0.130309      1.568929      -0.079955      0.075049      
261      0.506971      0.025842      0.130149      1.569349      -0.067991      0.063080      
262      0.506931      0.025662      0.130059      1.569478      -0.063908      0.058996      
263      0.507011      0.025382      0.129999      1.569585      -0.060273      0.055360      
264      0.507061      0.025232      0.129979      1.569621      -0.059001      0.054087      
265      0.507171      0.024862      0.129909      1.569779      -0.053113      0.048197      
266      0.507201      0.024492      0.129799      1.569883      -0.048889      0.043971      
267      0.507091      0.024162      0.129649      1.570015      -0.042890      0.037970      
268      0.506861      0.023812      0.129379      1.570071      -0.040126      0.035205      
269      0.506501      0.023492      0.129079      1.570114      -0.037849      0.032927      
270      0.506071      0.023192      0.128649      1.570148      -0.035918      0.030995      
271      0.506021      0.022782      0.128459      1.570171      -0.034606      0.029683      
272      0.506171      0.022502      0.128489      1.570190      -0.033436      0.028513      
273      0.506451      0.022262      0.128579      1.570202      -0.032683      0.027759      
274      0.506471      0.022182      0.128559      1.570207      -0.032416      0.027492      
275      0.506481      0.022072      0.128389      1.570212      -0.032070      0.027146      
276      0.506521      0.021972      0.128289      1.570246      -0.029840      0.024915      
277      0.506311      0.021872      0.128129      1.570256      -0.029181      0.024255      
278      0.506241      0.021852      0.127979      1.570306      -0.025451      0.020524      
279      0.505891      0.021842      0.127809      1.570336      -0.022954      0.018026      
280      0.505551      0.021802      0.127649      1.570410      -0.015368      0.010438      
281      0.505441      0.021752      0.127619      1.570451      -0.008937      0.004005      
282      0.505451      0.021702      0.127619      1.570456      -0.007964      0.003031      
283      0.505421      0.021612      0.127559      1.570470      -0.004218      -0.000716      
284      0.505481      0.021552      0.127579      1.570477      -0.000229      -0.004706      
285      0.505431      0.021542      0.127519      1.570478      0.002378      -0.007314      
286      0.505371      0.021622      0.127469      1.570473      0.006870      -0.011807      
287      0.505101      0.021672      0.127379      1.570468      0.008456      -0.013394      
288      0.504751      0.021772      0.127179      1.570451      0.012657      -0.017597      
289      0.504401      0.021792      0.127099      1.570426      0.016882      -0.021823      
290      0.504421      0.021792      0.127109      1.570411      0.018963      -0.023904      
291      0.504391      0.021772      0.127089      1.570408      0.019262      -0.024203      
292      0.504451      0.021752      0.127079      1.570362      0.024256      -0.029198      
293      0.504341      0.021682      0.126999      1.570316      0.028378      -0.033322      
294      0.504381      0.021552      0.126979      1.570285      0.030797      -0.035741      
295      0.504401      0.021442      0.126949      1.570204      0.036286      -0.041232      
296      0.504441      0.021262      0.126929      1.570163      0.038752      -0.043698      
297      0.504491      0.021072      0.126889      1.570140      0.040118      -0.045065      
298      0.504681      0.020812      0.126939      1.570089      0.042866      -0.047814      
299      0.504711      0.020752      0.126939      1.570089      0.042866      -0.047814      
300      0.504751      0.020652      0.126899      1.570089      0.042898      -0.047845      
301      0.504821      0.020502      0.126879      1.570112      0.041673      -0.046620      
302      0.504921      0.020302      0.126839      1.570026      0.046078      -0.051026      
303      0.505011      0.020022      0.126809      1.569979      0.048332      -0.053281      
304      0.505091      0.019702      0.126779      1.569900      0.051857      -0.056807      
305      0.504971      0.019212      0.126609      1.569747      0.058061      -0.063012      
306      0.504811      0.018882      0.126449      1.569784      0.056632      -0.061582      
307      0.504771      0.018762      0.126409      1.569848      0.054064      -0.059014      
308      0.504821      0.018462      0.126349      1.569785      0.056592      -0.061543      
309      0.504871      0.018162      0.126329      1.569715      0.059293      -0.064245      
310      0.504801      0.017892      0.126269      1.569623      0.062670      -0.067622      
311      0.504711      0.017692      0.126139      1.569463      0.068096      -0.073049      
312      0.504621      0.017512      0.126049      1.569215      0.075743      -0.080698      
313      0.504471      0.017282      0.125929      1.568704      0.089420      -0.094378      
314      0.504541      0.017122      0.125949      1.568286      0.099187      -0.104146      
315      0.504501      0.017092      0.125919      1.568162      0.101895      -0.106855      
316      0.504491      0.016992      0.125869      1.567934      0.106700      -0.111661      
317      0.504491      0.016922      0.125859      1.567926      0.106872      -0.111833      
318      0.504411      0.016902      0.125819      1.567782      0.109793      -0.114754      
319      0.504371      0.016992      0.125829      1.567735      0.110727      -0.115688      
320      0.504241      0.017142      0.125799      1.567588      0.113600      -0.118562      
321      0.504201      0.017372      0.125829      1.567373      0.117674      -0.122636      
322      0.504041      0.017632      0.125799      1.567113      0.122431      -0.127394      
323      0.504041      0.017662      0.125819      1.566994      0.124542      -0.129506      
324      0.504001      0.017732      0.125799      1.566800      0.127909      -0.132873      
325      0.503901      0.017752      0.125759      1.566770      0.128420      -0.133384      
326      0.503811      0.017762      0.125729      1.566538      0.132305      -0.137269      
327      0.503761      0.017742      0.125699      1.566256      0.136904      -0.141869      
328      0.503691      0.017742      0.125659      1.565950      0.141699      -0.146665      
329      0.503511      0.017742      0.125599      1.565742      0.144870      -0.149836      
330      0.503071      0.017872      0.125429      1.565441      0.149351      -0.154317      
331      0.502991      0.017902      0.125429      1.565332      0.150936      -0.155903      
332      0.502941      0.017962      0.125489      1.565254      0.152050      -0.157017      
333      0.502931      0.018052      0.125489      1.565254      0.152050      -0.157017      
334      0.502901      0.018102      0.125499      1.565022      0.155346      -0.160313      
335      0.502881      0.018112      0.125489      1.564948      0.156382      -0.161349      
336      0.502931      0.018052      0.125499      1.564634      0.160706      -0.165673      
337      0.502971      0.017962      0.125499      1.564289      0.165327      -0.170295      
338      0.503081      0.017912      0.125539      1.564160      0.167022      -0.171990      
339      0.503081      0.017912      0.125539      1.563695      0.172977      -0.177945      
340      0.503081      0.017912      0.125539      1.563576      0.174467      -0.179436      
341      0.503081      0.017912      0.125539      1.563368      0.177056      -0.182025      
342      0.503081      0.017912      0.125539      1.563205      0.179041      -0.184010      
343      0.503081      0.017912      0.125539      1.562971      0.181873      -0.186842      
344      0.503081      0.017912      0.125539      1.562902      0.182697      -0.187666      
345      0.503081      0.017912      0.125539      1.562852      0.183285      -0.188254      
346      0.503081      0.017912      0.125539      1.562797      0.183936      -0.188905      
347      0.503081      0.017912      0.125539      1.562640      0.185795      -0.190765      
348      0.503081      0.017912      0.125539      1.562514      0.187262      -0.192232      
349      0.503081      0.017912      0.125539      1.562111      0.191890      -0.196860      
350      0.503081      0.017912      0.125539      1.561432      0.199435      -0.204405      
351      0.503081      0.017912      0.125539      1.560658      0.207701      -0.212671      
352      0.503081      0.017912      0.125539      1.560618      0.208117      -0.213087      
353      0.503081      0.017912      0.125539      1.560411      0.210266      -0.215236      
354      0.503081      0.017912      0.125539      1.560571      0.208611      -0.213581      
355      0.503081      0.017912      0.125539      1.560679      0.207482      -0.212452      
356      0.503081      0.017912      0.125539      1.560577      0.208548      -0.213518      
357      0.503081      0.017912      0.125539      1.560495      0.209395      -0.214365      
358      0.503081      0.017912      0.125539      1.560520      0.209136      -0.214106      
359      0.503081      0.017912      0.125539      1.560268      0.211740      -0.216710      
360      0.503081      0.017912      0.125539      1.560061      0.213849      -0.218819      
361      0.503081      0.017912      0.125539      1.560134      0.213112      -0.218082      
362      0.503081      0.017912      0.125539      1.560000      0.214469      -0.219439      
363      0.503081      0.017912      0.125539      1.559879      0.215692      -0.220662      
364      0.503081      0.017912      0.125539      1.559860      0.215888      -0.220858      
365      0.503081      0.017912      0.125539      1.559617      0.218311      -0.223281      
366      0.503081      0.017912      0.125539      1.559606      0.218428      -0.223398      
367      0.503081      0.017912      0.125539      1.559277      0.221666      -0.226636      
368      0.503081      0.017912      0.125539      1.559281      0.221627      -0.226597      
369      0.503081      0.017912      0.125539      1.559210      0.222325      -0.227295      
370      0.503081      0.017912      0.125539      1.559173      0.222686      -0.227656      
371      0.503081      0.017912      0.125539      1.559056      0.223822      -0.228792      
372      0.503081      0.017912      0.125539      1.558966      0.224693      -0.229663      
373      0.503081      0.017912      0.125539      1.558744      0.226825      -0.231795      
374      0.503081      0.017912      0.125539      1.558632      0.227899      -0.232869      
375      0.503081      0.017912      0.125539      1.558398      0.230110      -0.235080      
376      0.503081      0.017912      0.125539      1.557983      0.233990      -0.238960      
377      0.503081      0.017912      0.125539      1.557778      0.235887      -0.240857      
378      0.503081      0.017912      0.125539      1.557656      0.237008      -0.241978      
379      0.503081      0.017912      0.125539      1.557163      0.241476      -0.246446      
380      0.503081      0.017912      0.125539      1.556842      0.244337      -0.249306      
381      0.503081      0.017912      0.125539      1.556696      0.245630      -0.250599      
382      0.503081      0.017912      0.125539      1.556768      0.244995      -0.249965      
383      0.503081      0.017912      0.125539      1.557532      0.238137      -0.243107      
384      0.503081      0.017912      0.125539      1.557292      0.240308      -0.245278      
385      0.503081      0.017912      0.125539      1.557528      0.238176      -0.243146      
386      0.503081      0.017912      0.125539      1.557668      0.236898      -0.241868      
387      0.503081      0.017912      0.125539      1.558308      0.230964      -0.235934      
388      0.503081      0.017912      0.125539      1.557832      0.235386      -0.240355      
389      0.503081      0.017912      0.125539      1.557653      0.237032      -0.242001      
390      0.503081      0.017912      0.125539      1.557294      0.240292      -0.245262      
391      0.503081      0.017912      0.125539      1.557115      0.241899      -0.246869      
392      0.503081      0.017912      0.125539      1.557046      0.242518      -0.247488      
393      0.503081      0.017912      0.125539      1.556923      0.243616      -0.248585      
394      0.503081      0.017912      0.125539      1.556171      0.250214      -0.255184      
395      0.503081      0.017912      0.125539      1.555939      0.252213      -0.257182      
396      0.503081      0.017912      0.125539      1.555438      0.256483      -0.261452      
397      0.503081      0.017912      0.125539      1.555219      0.258325      -0.263294      
398      0.503081      0.017912      0.125539      1.554952      0.260550      -0.265519      
399      0.503081      0.017912      0.125539      1.554965      0.260440      -0.265409      
400      0.503081      0.017912      0.125539      1.554862      0.261294      -0.266263      
401      0.503081      0.017912      0.125539      1.554513      0.264170      -0.269138      
402      0.503081      0.017912      0.125539      1.554377      0.265282      -0.270251      
403      0.503081      0.017912      0.125539      1.554211      0.266638      -0.271606      
404      0.503081      0.017912      0.125539      1.554083      0.267672      -0.272640      
405      0.503081      0.017912      0.125539      1.554069      0.267782      -0.272750      
406      0.503081      0.017912      0.125539      1.553936      0.268855      -0.273823      
407      0.503081      0.017912      0.125539      1.553954      0.268714      -0.273682      
408      0.503081      0.017912      0.125539      1.553965      0.268620      -0.273588      
409      0.503081      0.017912      0.125539      1.554374      0.265306      -0.270274      
410      0.503081      0.017912      0.125539      1.555090      0.259406      -0.264375      
411      0.503081      0.017912      0.125539      1.556476      0.247558      -0.252527      
412      0.503081      0.017912      0.125539      1.557686      0.236726      -0.241696      
413      0.503081      0.017912      0.125539      1.559746      0.217025      -0.221995      
414      0.503081      0.017912      0.125539      1.561687      0.196635      -0.201605      
415      0.503081      0.017912      0.125539      1.562556      0.186776      -0.191745      
416      0.503081      0.017912      0.125539      1.563482      0.175644      -0.180613      
417      0.503081      0.017912      0.125539      1.564557      0.161749      -0.166717      
418      0.503081      0.017912      0.125539      1.565416      0.149704      -0.154671      
419      0.503081      0.017912      0.125539      1.566435      0.134000      -0.138965      
420      0.503081      0.017912      0.125539      1.567222      0.120453      -0.125416      
421      0.503081      0.017912      0.125539      1.567976      0.105820      -0.110781      
422      0.503081      0.017912      0.125539      1.568374      0.097216      -0.102175      
423      0.503081      0.017912      0.125539      1.569156      0.077447      -0.082402      
424      0.503081      0.017912      0.125539      1.569760      0.057590      -0.062541      
425      0.503081      0.017912      0.125539      1.570196      0.036781      -0.041727      
426      0.503081      0.017912      0.125539      1.570440      0.014683      -0.019623      
427      0.503081      0.017912      0.125539      1.570424      -0.013452      0.008522      
428      0.503081      0.017912      0.125539      1.570313      -0.024917      0.019990      
429      0.503081      0.017912      0.125539      1.570161      -0.035187      0.030264      
430      0.503081      0.017912      0.125539      1.569936      -0.046565      0.041646      
431      0.503081      0.017912      0.125539      1.569816      -0.051652      0.046736      
432      0.503081      0.017912      0.125539      1.569492      -0.063429      0.058517      
433      0.503081      0.017912      0.125539      1.568982      -0.078557      0.073652      
434      0.503081      0.017912      0.125539      1.568166      -0.098095      0.093198      
435      0.503081      0.017912      0.125539      1.567409      -0.113290      0.108400      
436      0.501811      0.017642      0.126659      1.565980      -0.137513      0.132636      
437      0.501131      0.017382      0.127199      1.564416      -0.159926      0.155061      
438      0.500541      0.017212      0.127539      1.563123      -0.176318      0.171462      
439      0.500001      0.017202      0.127899      1.561947      -0.190017      0.185169      
440      0.499311      0.017322      0.128299      1.560925      -0.201158      0.196316      
441      0.498871      0.017422      0.128419      1.560516      -0.205454      0.200615      
442      0.497751      0.017632      0.128989      1.559293      -0.217783      0.212951      
443      0.496621      0.017832      0.129749      1.557529      -0.234434      0.229613      
444      0.495191      0.018002      0.130399      1.556245      -0.245840      0.241027      
445      0.493891      0.018152      0.130999      1.554080      -0.263963      0.259162      
446      0.491911      0.018292      0.131609      1.549733      -0.297010      0.292234      
447      0.490691      0.018332      0.131879      1.547137      -0.315081      0.310318      
448      0.489401      0.018292      0.132229      1.544846      -0.330204      0.325454      
449      0.488671      0.018222      0.132289      1.543543      -0.338498      0.333755      
450      0.487311      0.018142      0.132429      1.540443      -0.357448      0.352720      
451      0.486061      0.018042      0.132689      1.536797      -0.378504      0.373794      
452      0.484771      0.017972      0.132969      1.534034      -0.393694      0.388998      
453      0.483571      0.017882      0.133319      1.530971      -0.409868      0.405186      
454      0.481561      0.017762      0.134219      1.525884      -0.435371      0.430714      
455      0.480291      0.017662      0.134989      1.522200      -0.452917      0.448276      
456      0.478871      0.017612      0.135769      1.518343      -0.470568      0.465945      
457      0.477441      0.017592      0.136319      1.513564      -0.491529      0.486928      
458      0.476651      0.017612      0.136539      1.511340      -0.500976      0.496385      
459      0.475221      0.017682      0.136709      1.505762      -0.523885      0.519318      
460      0.473681      0.017892      0.136639      1.498940      -0.550557      0.546021      
461      0.472161      0.018122      0.136419      1.491486      -0.578229      0.573725      
462      0.470841      0.018332      0.136299      1.484922      -0.601485      0.597008      
463      0.468881      0.018572      0.136039      1.476714      -0.629290      0.624848      
464      0.467561      0.018672      0.136019      1.473266      -0.640586      0.636159      
465      0.466081      0.018702      0.135939      1.469737      -0.651930      0.647517      
466      0.464541      0.018642      0.135769      1.466320      -0.662719      0.658320      
467      0.463721      0.018572      0.135689      1.464141      -0.669499      0.665110      
468      0.462061      0.018462      0.135429      1.459813      -0.682752      0.678380      
469      0.460621      0.018252      0.135209      1.454274      -0.699320      0.694971      
470      0.459161      0.017992      0.135009      1.448253      -0.716857      0.712533      
471      0.457161      0.017562      0.134879      1.439088      -0.742687      0.738399      
472      0.455641      0.017242      0.134959      1.434645      -0.754860      0.750590      
473      0.454031      0.016992      0.135089      1.430258      -0.766672      0.762420      
474      0.452351      0.016802      0.135209      1.427818      -0.773157      0.768914      
475      0.450801      0.016642      0.135259      1.425545      -0.779141      0.774907      
476      0.449951      0.016592      0.135239      1.424536      -0.781783      0.777554      
477      0.448401      0.016542      0.135249      1.422969      -0.785865      0.781642      
478      0.446961      0.016562      0.135159      1.420782      -0.791523      0.787308      
479      0.445551      0.016622      0.135009      1.418072      -0.798471      0.794267      
480      0.443451      0.016532      0.134849      1.416177      -0.803290      0.799093      
481      0.442091      0.016272      0.134909      1.415177      -0.805821      0.801629      
482      0.440851      0.015912      0.135109      1.415292      -0.805531      0.801338      
483      0.440011      0.015492      0.134999      1.411999      -0.813802      0.809622      
484      0.439761      0.015272      0.134969      1.410905      -0.816530      0.812354      
485      0.439201      0.014762      0.134899      1.409727      -0.819456      0.815285      
486      0.438511      0.014302      0.134819      1.408291      -0.823008      0.818842      
487      0.437811      0.013832      0.134689      1.406904      -0.826421      0.822261      
488      0.437091      0.013392      0.134589      1.405922      -0.828826      0.824670      
489      0.435811      0.012702      0.134499      1.402573      -0.836977      0.832833      
490      0.434701      0.012312      0.134359      1.397724      -0.848622      0.844497      
491      0.433681      0.011982      0.134149      1.389411      -0.868175      0.864083      
492      0.432541      0.011672      0.133849      1.379669      -0.890464      0.886410      
493      0.431941      0.011502      0.133699      1.373829      -0.903526      0.899494      
494      0.430711      0.011152      0.133359      1.361400      -0.930621      0.926637      
495      0.429391      0.010802      0.133079      1.356287      -0.941506      0.937541      
496      0.427301      0.010362      0.132629      1.348561      -0.957677      0.953742      
497      0.426041      0.010112      0.132289      1.345113      -0.964792      0.960869      
498      0.424781      0.009822      0.132199      1.343073      -0.968973      0.965059      
499      0.423461      0.009532      0.132269      1.339926      -0.975379      0.971477      
500      0.422181      0.009282      0.132269      1.337760      -0.979761      0.975866      
501      0.421541      0.009152      0.132249      1.336889      -0.981517      0.977626      
502      0.420241      0.008892      0.132339      1.334644      -0.986024      0.982142      
503      0.418501      0.008532      0.132569      1.332599      -0.990108      0.986233      
504      0.417411      0.008322      0.132759      1.330853      -0.993580      0.989711      
505      0.416421      0.008082      0.132889      1.330105      -0.995063      0.991197      
506      0.415431      0.007892      0.133009      1.327134      -1.000926      0.997072      
507      0.414351      0.007862      0.133049      1.325581      -1.003973      1.000125      
508      0.413221      0.007832      0.133019      1.324701      -1.005696      1.001851      
509      0.412611      0.007852      0.132929      1.322890      -1.009230      1.005392      
521      0.403201      0.006782      0.130169      1.320494      -1.013883      1.010054      
522      0.402951      0.006532      0.129709      1.322821      -1.009366      1.005528      
523      0.402811      0.006402      0.129529      1.324036      -1.006997      1.003154      
524      0.402731      0.006382      0.129519      1.323191      -1.008644      1.004804      
525      0.402571      0.006292      0.129529      1.322098      -1.010772      1.006936      
526      0.402231      0.006222      0.129509      1.321149      -1.012613      1.008782      
536      0.398851      0.005062      0.129599      1.321990      -1.010982      1.007147      
537      0.398851      0.005082      0.129599      1.321966      -1.011027      1.007192      
