0      0.013940      1640273006748      
0      0.014490      1640273006777      
0      0.013040      1640273006810      
0      0.022280      1640273006843      
0      0.012250      1640273006876      
0      0.010640      1640273006905      
0      0.008500      1640273006937      
0      0.020160      1640273006987      
0      0.011380      1640273007018      
0      0.012050      1640273007052      
0      0.016800      1640273007080      
0      0.004570      1640273007112      
0      0.015090      1640273007141      
0      0.016840      1640273007173      
0      0.006740      1640273007206      
0      0.012150      1640273007258      
0      0.024240      1640273007286      
0      0.011410      1640273007315      
0      0.012910      1640273007343      
0      0.009400      1640273007375      
0      0.014250      1640273007407      
0      0.012810      1640273007440      
0      0.002940      1640273007477      
0      0.012370      1640273007521      
0      0.025210      1640273007552      
0      0.004310      1640273007584      
0      0.011900      1640273007615      
0      0.013580      1640273007644      
0      0.009560      1640273007686      
0      0.012560      1640273007711      
0      0.012110      1640273007740      
0      0.016940      1640273007775      
0      0.009550      1640273007806      
0      0.017090      1640273007854      
0      0.022090      1640273007887      
0      0.016290      1640273007919      
0      0.012510      1640273007948      
0      0.020450      1640273007977      
0      0.019240      1640273008008      
0      0.019350      1640273008041      
0      0.019510      1640273008076      
0      0.008820      1640273008109      
0      0.020660      1640273008156      
0      0.015910      1640273008186      
0      0.019360      1640273008216      
0      0.018090      1640273008245      
0      0.017860      1640273008277      
0      0.016880      1640273008308      
0      0.021270      1640273008339      
0      0.012960      1640273008389      
0      0.015320      1640273008419      
0      0.016370      1640273008450      
0      0.007530      1640273008482      
0      0.004460      1640273008511      
0      0.010220      1640273008543      
0      0.007270      1640273008575      
0      0.008140      1640273008607      
0      0.012400      1640273008641      
0      0.004400      1640273008694      
0      0.010860      1640273008720      
0      0.005380      1640273008752      
0      0.003190      1640273008783      
0      0.005200      1640273008811      
0      0.004570      1640273008844      
0      0.008490      1640273008875      
0      0.007510      1640273008909      
0      0.001740      1640273008956      
0      0.006370      1640273008989      
0      0.004770      1640273009018      
0      0.006830      1640273009050      
0      0.007880      1640273009083      
0      0.014100      1640273009117      
0      0.008240      1640273009150      
0      0.015410      1640273009174      
0      0.017680      1640273009207      
0      0.004970      1640273009254      
0      0.017210      1640273009285      
0      0.008810      1640273009324      
0      0.011870      1640273009351      
0      0.014440      1640273009382      
0      0.008090      1640273009410      
0      0.010760      1640273009442      
0      0.003660      1640273009474      
0      0.011530      1640273009509      
0      0.008970      1640273009561      
0      0.012460      1640273009586      
0      0.012690      1640273009618      
0      0.015350      1640273009651      
0      0.011840      1640273009683      
0      0.031980      1640273009715      
0      0.008310      1640273009745      
0      -0.000720      1640273009775      
0      0.013030      1640273009807      
0      0.002600      1640273009841      
0      -0.000270      1640273009888      
0      0.000570      1640273009919      
0      -0.000920      1640273009951      
0      0.002690      1640273009982      
0      0.008230      1640273010015      
0      0.005660      1640273010044      
0      0.003050      1640273010077      
0      0.012280      1640273010110      
0      0.007980      1640273010143      
0      0.000190      1640273010174      
0      0.010420      1640273010222      
0      0.013480      1640273010254      
0      -0.004970      1640273010286      
0      0.001530      1640273010319      
0      0.002620      1640273010348      
0      0.000040      1640273010381      
0      0.008640      1640273010411      
0      0.002720      1640273010444      
0      0.006340      1640273010475      
0      0.012890      1640273010507      
0      0.002130      1640273010565      
0      0.001920      1640273010588      
0      0.005410      1640273010619      
0      -0.002600      1640273010650      
0      0.004280      1640273010683      
0      0.004810      1640273010714      
0      0.000850      1640273010750      
0      0.007870      1640273010775      
0      0.003230      1640273010825      
0      0.005200      1640273010854      
0      0.000260      1640273010887      
0      0.000910      1640273010921      
0      0.000660      1640273010954      
0      0.002960      1640273010984      
0      -0.002250      1640273011015      
0      0.002510      1640273011047      
0      0.001250      1640273011075      
0      0.000590      1640273011107      
0      0.006980      1640273011162      
0      0.003660      1640273011188      
0      0.001650      1640273011219      
0      0.005950      1640273011252      
0      0.001930      1640273011282      
0      0.004540      1640273011314      
0      0.008520      1640273011344      
0      -0.002300      1640273011391      
0      0.003050      1640273011423      
0      -0.000400      1640273011457      
0      0.002220      1640273011488      
0      -0.000100      1640273011522      
0      -0.000460      1640273011553      
0      0.006370      1640273011584      
0      0.001390      1640273011615      
0      0.001630      1640273011659      
0      0.005860      1640273011690      
0      0.000740      1640273011724      
0      0.008810      1640273011757      
0      0.001020      1640273011790      
0      -0.002860      1640273011820      
0      0.002630      1640273011851      
0      0.000060      1640273011883      
0      -0.002630      1640273011915      
0      0.004470      1640273011965      
0      -0.003440      1640273012002      
0      0.002940      1640273012027      
0      -0.001260      1640273012059      
0      0.001020      1640273012091      
0      0.003930      1640273012123      
0      0.001350      1640273012166      
0      0.000850      1640273012193      
0      0.009370      1640273012219      
0      0.001690      1640273012251      
0      0.007730      1640273012299      
0      0.005530      1640273012332      
0      0.000190      1640273012365      
0      0.007320      1640273012392      
0      -0.002610      1640273012423      
0      0.000050      1640273012456      
0      0.007020      1640273012487      
0      -0.000880      1640273012520      
0      0.003460      1640273012568      
0      0.001000      1640273012601      
0      0.000830      1640273012627      
0      0.004100      1640273012659      
0      -0.000200      1640273012690      
0      0.003510      1640273012723      
0      0.002620      1640273012757      
0      -0.001490      1640273012795      
0      0.005320      1640273012838      
0      0.003150      1640273012869      
0      0.004900      1640273012901      
0      0.003280      1640273012931      
0      0.000070      1640273012965      
0      0.001330      1640273012995      
0      0.001340      1640273013023      
0      0.000820      1640273013074      
0      0.000390      1640273013104      
0      -0.000510      1640273013136      
0      0.003700      1640273013170      
0      -0.000680      1640273013204      
0      0.001400      1640273013227      
0      0.006900      1640273013259      
0      0.002470      1640273013309      
0      0.010380      1640273013340      
0      -0.000600      1640273013375      
0      0.003720      1640273013409      
0      0.005350      1640273013441      
0      0.001520      1640273013469      
0      0.004790      1640273013502      
0      0.004360      1640273013532      
0      0.005310      1640273013561      
0      0.003440      1640273013615      
0      -0.001240      1640273013643      
0      0.001880      1640273013675      
0      -0.000090      1640273013708      
0      -0.001060      1640273013739      
0      0.000410      1640273013770      
0      0.002280      1640273013805      
0      -0.000530      1640273013835      
0      0.002730      1640273013866      
0      -0.002330      1640273013909      
0      0.001940      1640273013941      
0      -0.000320      1640273013974      
0      -0.002130      1640273014013      
0      0.004630      1640273014040      
0      0.001140      1640273014070      
0      -0.004470      1640273014102      
0      0.000110      1640273014135      
0      0.000040      1640273014183      
0      0.000190      1640273014214      
0      -0.000550      1640273014241      
0      0.003100      1640273014275      
0      0.004330      1640273014308      
0      0.000530      1640273014339      
0      0.002500      1640273014370      
0      0.003900      1640273014422      
0      0.003120      1640273014447      
0      0.003760      1640273014477      
0      0.003770      1640273014509      
0      -0.001320      1640273014542      
0      0.003710      1640273014576      
0      0.000150      1640273014608      
0      0.000710      1640273014638      
0      0.007020      1640273014685      
0      0.004690      1640273014703      
0      0.002840      1640273014734      
0      0.007640      1640273014760      
0      0.002260      1640273014797      
0      0.007080      1640273014832      
0      0.005110      1640273014857      
0      -0.001130      1640273014889      
0      0.005650      1640273014919      
0      0.006420      1640273014951      
0      -0.002880      1640273014983      
0      0.005380      1640273015021      
0      -0.000630      1640273015065      
0      0.002960      1640273015096      
0      -0.000850      1640273015123      
0      0.000280      1640273015156      
0      0.003480      1640273015189      
0      -0.000250      1640273015221      
0      0.002070      1640273015257      
0      0.001100      1640273015285      
0      0.001490      1640273015316      
0      0.000030      1640273015348      
0      -0.000070      1640273015397      
0      0.001460      1640273015432      
0      0.000570      1640273015459      
0      0.001470      1640273015490      
0      -0.000150      1640273015523      
0      0.004260      1640273015555      
0      0.001490      1640273015588      
0      0.004610      1640273015619      
0      0.002920      1640273015651      
0      -0.001490      1640273015683      
0      0.005210      1640273015731      
0      -0.000890      1640273015758      
0      0.003020      1640273015789      
0      0.001250      1640273015821      
0      -0.000120      1640273015855      
0      0.002710      1640273015885      
0      0.001080      1640273015917      
0      -0.001360      1640273015963      
0      0.001730      1640273015992      
0      -0.000710      1640273016029      
0      0.004890      1640273016056      
0      0.000340      1640273016090      
0      0.001660      1640273016122      
0      0.003700      1640273016154      
0      0.005370      1640273016186      
0      0.005230      1640273016219      
0      0.007210      1640273016266      
0      0.005570      1640273016292      
0      0.005050      1640273016325      
0      0.004930      1640273016356      
0      0.001400      1640273016390      
0      0.006020      1640273016425      
0      0.002290      1640273016457      
0      0.003220      1640273016499      
0      0.012930      1640273016530      
0      0.004560      1640273016560      
0      0.008630      1640273016592      
0      0.003300      1640273016625      
0      0.008430      1640273016658      
0      0.009520      1640273016689      
0      0.001440      1640273016722      
0      0.001720      1640273016769      
0      0.000900      1640273016799      
0      0.001140      1640273016833      
0      0.000910      1640273016863      
0      0.001000      1640273016892      
0      0.001410      1640273016923      
0      0.001500      1640273016955      
0      -0.001390      1640273016989      
0      0.002080      1640273017042      
0      0.004800      1640273017072      
0      0.000470      1640273017100      
0      0.006440      1640273017131      
0      0.002050      1640273017163      
0      0.003400      1640273017196      
0      0.001610      1640273017226      
0      0.002770      1640273017264      
0      0.002260      1640273017308      
0      0.003240      1640273017340      
0      0.001320      1640273017374      
0      0.004370      1640273017401      
0      0.005490      1640273017433      
0      -0.002500      1640273017466      
0      -0.013240      1640273017497      
0      -0.019960      1640273017526      
0      -0.019590      1640273017575      
0      -0.065700      1640273017607      
0      -0.044920      1640273017643      
0      -0.016230      1640273017683      
0      -0.035220      1640273017705      
0      -0.036490      1640273017733      
0      -0.041550      1640273017768      
0      -0.038210      1640273017800      
0      -0.023880      1640273017844      
0      -0.027300      1640273017876      
0      -0.021760      1640273017909      
0      -0.009800      1640273017937      
0      -0.006510      1640273017968      
0      -0.006580      1640273018000      
0      -0.023740      1640273018031      
0      -0.020510      1640273018086      
0      -0.056690      1640273018112      
0      -0.044130      1640273018142      
0      -0.036380      1640273018174      
0      -0.042830      1640273018208      
0      -0.036620      1640273018237      
0      -0.015790      1640273018271      
0      -0.032730      1640273018305      
0      -0.021210      1640273018334      
0      -0.033000      1640273018382      
0      -0.024150      1640273018413      
0      -0.013980      1640273018443      
0      -0.019610      1640273018475      
0      -0.005340      1640273018507      
0      -0.004400      1640273018555      
0      -0.019510      1640273018572      
0      -0.023200      1640273018616      
0      -0.036580      1640273018649      
0      -0.032980      1640273018681      
0      -0.039270      1640273018711      
0      -0.041030      1640273018744      
0      -0.027950      1640273018772      
0      -0.013370      1640273018805      
0      -0.029860      1640273018852      
0      -0.015560      1640273018884      
0      -0.019920      1640273018916      
0      -0.017140      1640273018947      
0      -0.015830      1640273018980      
0      -0.027360      1640273019009      
0      -0.027710      1640273019041      
0      -0.026020      1640273019072      
0      -0.016250      1640273019129      
0      -0.041080      1640273019151      
0      -0.032600      1640273019182      
0      -0.036320      1640273019214      
0      -0.034400      1640273019247      
0      -0.030560      1640273019277      
0      -0.011030      1640273019332      
0      -0.028380      1640273019355      
0      -0.014780      1640273019387      
0      -0.038070      1640273019419      
0      -0.039010      1640273019451      
0      -0.038060      1640273019485      
0      -0.028590      1640273019515      
0      -0.013020      1640273019548      
0      -0.026160      1640273019591      
