51      0.427701      0.022702      0.125239      1.326590      -1.001995      0.998143      
52      0.428481      0.023022      0.124609      1.330124      -0.995025      0.991160      
53      0.429591      0.023862      0.123729      1.334527      -0.986258      0.982376      
54      0.431031      0.024632      0.122939      1.341786      -0.971600      0.967690      
55      0.432651      0.025092      0.122169      1.349595      -0.955531      0.951592      
56      0.434891      0.026032      0.120929      1.355348      -0.943488      0.939527      
57      0.436431      0.026442      0.119939      1.358930      -0.935898      0.931924      
58      0.437511      0.027152      0.119289      1.361485      -0.930440      0.926455      
59      0.438181      0.027432      0.118899      1.363339      -0.926456      0.922464      
60      0.439591      0.027912      0.118059      1.368453      -0.915360      0.911349      
61      0.440911      0.028422      0.117379      1.374055      -0.903025      0.898992      
62      0.442471      0.028842      0.116539      1.378796      -0.892432      0.888381      
63      0.443931      0.029392      0.115869      1.380729      -0.888070      0.884012      
64      0.445341      0.029952      0.115299      1.384435      -0.879640      0.875567      
65      0.446691      0.030522      0.114409      1.387702      -0.872132      0.868047      
66      0.447761      0.031212      0.113639      1.389758      -0.867368      0.863274      
67      0.449741      0.031972      0.112319      1.392715      -0.860462      0.856357      
68      0.451031      0.032562      0.111639      1.395509      -0.853880      0.849765      
69      0.451671      0.032722      0.111239      1.396686      -0.851091      0.846971      
70      0.453181      0.033132      0.110319      1.399530      -0.844306      0.840175      
71      0.454481      0.033552      0.109569      1.402876      -0.836244      0.832100      
72      0.455931      0.033842      0.108559      1.407342      -0.825344      0.821183      
73      0.457241      0.034222      0.107959      1.409841      -0.819173      0.815002      
74      0.458591      0.034632      0.107369      1.413565      -0.809881      0.805695      
75      0.459941      0.034952      0.106909      1.417057      -0.801057      0.796857      
76      0.461931      0.035562      0.106689      1.422665      -0.786654      0.782432      
77      0.463261      0.035972      0.106419      1.426208      -0.777402      0.773166      
78      0.464511      0.036472      0.106279      1.428891      -0.770313      0.766066      
79      0.465171      0.036722      0.106179      1.430915      -0.764916      0.760661      
80      0.466651      0.037112      0.105749      1.435933      -0.751353      0.747078      
81      0.467811      0.037622      0.105699      1.438524      -0.744245      0.739960      
82      0.469121      0.038122      0.105389      1.440713      -0.738178      0.733884      
83      0.470441      0.038462      0.104899      1.442903      -0.732056      0.727753      
84      0.472131      0.039082      0.104059      1.447610      -0.718703      0.714381      
85      0.473261      0.039382      0.103379      1.450747      -0.709649      0.705315      
86      0.474221      0.039862      0.102949      1.452832      -0.703562      0.699219      
87      0.475471      0.040262      0.102269      1.456404      -0.692998      0.688640      
88      0.476061      0.040452      0.102059      1.458579      -0.686481      0.682114      
89      0.477091      0.040872      0.101909      1.460207      -0.681557      0.677184      
90      0.478211      0.041242      0.101399      1.461937      -0.676285      0.671904      
91      0.479151      0.041562      0.101049      1.463612      -0.671134      0.666747      
92      0.480141      0.041922      0.100939      1.464820      -0.667394      0.663001      
93      0.481581      0.042282      0.100629      1.466788      -0.661253      0.656852      
94      0.482421      0.042532      0.100579      1.468705      -0.655210      0.650802      
95      0.483321      0.042502      0.100169      1.470622      -0.649104      0.644688      
96      0.484031      0.042652      0.100409      1.471696      -0.645660      0.641240      
97      0.484951      0.042752      0.100609      1.473361      -0.640277      0.635849      
98      0.485441      0.042742      0.100619      1.474592      -0.636268      0.631835      
99      0.486281      0.042932      0.100869      1.476171      -0.631083      0.626643      
100      0.487631      0.043252      0.100579      1.479687      -0.619371      0.614917      
101      0.488281      0.043542      0.100419      1.482112      -0.611157      0.606693      
102      0.489041      0.043852      0.099899      1.483329      -0.606987      0.602517      
103      0.489861      0.044022      0.099419      1.483949      -0.604851      0.600379      
104      0.490591      0.044302      0.099309      1.485566      -0.599248      0.594769      
105      0.491491      0.044572      0.098959      1.487050      -0.594053      0.589568      
106      0.492301      0.044862      0.098549      1.488999      -0.587153      0.582660      
107      0.492691      0.045032      0.098429      1.490153      -0.583033      0.578534      
108      0.493811      0.045382      0.097399      1.494949      -0.565549      0.561030      
109      0.494351      0.045592      0.096779      1.496140      -0.561122      0.556597      
110      0.495121      0.045692      0.096039      1.496571      -0.559509      0.554982      
111      0.495771      0.045662      0.095299      1.498557      -0.552016      0.547481      
112      0.496391      0.045662      0.094989      1.500235      -0.545599      0.541057      
113      0.497201      0.045452      0.094429      1.501999      -0.538770      0.534220      
114      0.497581      0.045362      0.094169      1.502686      -0.536084      0.531531      
115      0.498961      0.045012      0.093729      1.503222      -0.533980      0.529425      
116      0.499751      0.044822      0.093289      1.504332      -0.529593      0.525033      
117      0.500461      0.044552      0.092869      1.505648      -0.524343      0.519777      
118      0.501121      0.044382      0.092289      1.506553      -0.520700      0.516130      
119      0.501591      0.044472      0.092069      1.506895      -0.519317      0.514746      
120      0.502101      0.044612      0.091459      1.507066      -0.518626      0.514054      
121      0.502501      0.044692      0.090549      1.507750      -0.515844      0.511269      
122      0.502861      0.044762      0.089719      1.509023      -0.510623      0.506042      
123      0.503301      0.044782      0.088559      1.510100      -0.506161      0.501576      
124      0.503731      0.044832      0.087659      1.511216      -0.501497      0.496907      
125      0.504231      0.044852      0.086879      1.512119      -0.497688      0.493093      
126      0.504901      0.044632      0.085979      1.512703      -0.495207      0.490610      
127      0.505411      0.044472      0.085419      1.513901      -0.490082      0.485479      
128      0.505901      0.044262      0.084719      1.515308      -0.483991      0.479382      
129      0.506201      0.044112      0.084199      1.516324      -0.479541      0.474927      
130      0.506371      0.043982      0.083779      1.518367      -0.470459      0.465836      
131      0.506391      0.043892      0.083579      1.519324      -0.466147      0.461519      
132      0.506471      0.043662      0.083479      1.520189      -0.462207      0.457576      
133      0.506501      0.043502      0.083449      1.522575      -0.451164      0.446522      
134      0.506641      0.043242      0.083369      1.525002      -0.439634      0.434981      
135      0.506751      0.043062      0.083569      1.526180      -0.433930      0.429271      
136      0.506871      0.042942      0.083359      1.527587      -0.427008      0.422342      
137      0.507071      0.042722      0.083129      1.529009      -0.419890      0.415217      
138      0.507511      0.042412      0.082699      1.530067      -0.414517      0.409839      
139      0.507851      0.042152      0.082209      1.532301      -0.402925      0.398237      
140      0.507971      0.042062      0.082069      1.532987      -0.399297      0.394606      
141      0.508311      0.041762      0.081539      1.535199      -0.387365      0.382663      
142      0.508431      0.041562      0.080929      1.537924      -0.372125      0.367409      
143      0.508471      0.041352      0.080479      1.539445      -0.363330      0.358608      
144      0.508521      0.041092      0.079939      1.541009      -0.354065      0.349335      
145      0.508491      0.040862      0.079649      1.542567      -0.344579      0.339840      
146      0.508551      0.040522      0.079409      1.543904      -0.336216      0.331470      
147      0.508781      0.039892      0.079289      1.545314      -0.327170      0.322418      
148      0.508991      0.039372      0.079119      1.546931      -0.316473      0.311712      
149      0.509311      0.038852      0.078979      1.548063      -0.308753      0.303986      
150      0.509551      0.038362      0.078999      1.549645      -0.297636      0.292860      
151      0.509641      0.038242      0.078969      1.550296      -0.292941      0.288162      
152      0.509801      0.037982      0.078829      1.551360      -0.285092      0.280307      
153      0.509911      0.037752      0.078729      1.551867      -0.281272      0.276484      
154      0.509991      0.037642      0.078659      1.552966      -0.272818      0.268024      
155      0.510081      0.037542      0.078489      1.554793      -0.258137      0.253332      
156      0.510121      0.037582      0.078439      1.555449      -0.252654      0.247846      
157      0.510171      0.037672      0.078299      1.556454      -0.244023      0.239209      
158      0.510201      0.037722      0.078239      1.557771      -0.232224      0.227403      
159      0.510251      0.037862      0.078149      1.558671      -0.223801      0.218974      
160      0.510271      0.037962      0.078059      1.558982      -0.220815      0.215986      
161      0.510211      0.038202      0.077879      1.559770      -0.213064      0.208230      
162      0.510011      0.038552      0.077619      1.560570      -0.204889      0.200050      
163      0.509911      0.038672      0.077429      1.561634      -0.193498      0.188652      
164      0.509881      0.038632      0.077379      1.562016      -0.189241      0.184392      
165      0.509881      0.038522      0.077339      1.562579      -0.182780      0.177927      
166      0.509901      0.038392      0.077379      1.562922      -0.178734      0.173879      
167      0.509891      0.038282      0.077189      1.563215      -0.175205      0.170348      
168      0.509811      0.038222      0.077129      1.563430      -0.172562      0.167703      
169      0.509751      0.038232      0.077069      1.563515      -0.171519      0.166660      
170      0.509661      0.038222      0.076919      1.564059      -0.164609      0.159746      
171      0.509641      0.038122      0.076949      1.564602      -0.157424      0.152557      
172      0.509331      0.038302      0.076639      1.565030      -0.151525      0.146655      
173      0.509181      0.038322      0.076459      1.565119      -0.150270      0.145399      
174      0.509051      0.038272      0.076309      1.565426      -0.145845      0.140972      
175      0.508891      0.038192      0.076089      1.565322      -0.147352      0.142479      
176      0.508761      0.038062      0.075999      1.565344      -0.147038      0.142165      
177      0.508591      0.037962      0.075739      1.565295      -0.147744      0.142872      
178      0.508441      0.037852      0.075429      1.565228      -0.148717      0.143845      
179      0.508351      0.037652      0.075399      1.565387      -0.146410      0.141537      
180      0.508231      0.037602      0.074919      1.565381      -0.146497      0.141624      
181      0.508091      0.037532      0.074689      1.565421      -0.145916      0.141043      
182      0.507981      0.037462      0.074559      1.565766      -0.140793      0.135917      
183      0.507901      0.037442      0.074439      1.566039      -0.136611      0.131733      
184      0.507691      0.037372      0.074199      1.566208      -0.133943      0.129064      
185      0.507441      0.037302      0.074169      1.566624      -0.127164      0.122281      
186      0.507231      0.037252      0.073969      1.567551      -0.110590      0.105699      
187      0.507101      0.037092      0.073779      1.567913      -0.103416      0.098522      
188      0.506961      0.037042      0.073449      1.567931      -0.103048      0.098153      
189      0.506901      0.036992      0.073309      1.568024      -0.101117      0.096221      
190      0.506861      0.036832      0.073289      1.568211      -0.097114      0.092216      
191      0.506751      0.036802      0.073099      1.568376      -0.093440      0.088541      
192      0.506591      0.036782      0.072929      1.568446      -0.091847      0.086947      
193      0.506341      0.036822      0.072969      1.568805      -0.083165      0.078262      
194      0.506301      0.036802      0.072979      1.569020      -0.077521      0.072615      
195      0.506241      0.036802      0.073429      1.569155      -0.073761      0.068853      
196      0.506161      0.036902      0.073489      1.569366      -0.067488      0.062578      
197      0.506121      0.036912      0.073489      1.569538      -0.061875      0.056962      
198      0.506121      0.036932      0.073519      1.569537      -0.061930      0.057017      
199      0.506121      0.036972      0.073439      1.569529      -0.062197      0.057284      
200      0.506131      0.036932      0.073539      1.569535      -0.061993      0.057080      
201      0.506151      0.036922      0.073539      1.569522      -0.062424      0.057512      
202      0.506111      0.036932      0.073669      1.569529      -0.062204      0.057292      
203      0.506111      0.036932      0.073729      1.569504      -0.063021      0.058109      
204      0.506071      0.036962      0.073779      1.569558      -0.061223      0.056310      
205      0.505991      0.036952      0.074079      1.569623      -0.058938      0.054025      
206      0.505921      0.037012      0.074149      1.569714      -0.055617      0.050702      
207      0.505861      0.037042      0.074189      1.569716      -0.055539      0.050624      
208      0.505681      0.037142      0.074279      1.569771      -0.053450      0.048534      
209      0.505481      0.037312      0.074239      1.569820      -0.051472      0.046555      
210      0.505221      0.037472      0.074109      1.569911      -0.047648      0.042730      
211      0.504921      0.037742      0.074049      1.569985      -0.044319      0.039399      
212      0.504631      0.037972      0.073899      1.569989      -0.044146      0.039227      
213      0.504391      0.038232      0.073689      1.570013      -0.042969      0.038048      
214      0.504251      0.038412      0.073669      1.570064      -0.040480      0.035559      
215      0.504161      0.038532      0.073679      1.570122      -0.037370      0.032448      
216      0.504121      0.038572      0.073729      1.570122      -0.037394      0.032472      
217      0.503981      0.038682      0.073669      1.570180      -0.034033      0.029110      
218      0.503831      0.038782      0.073679      1.570242      -0.030084      0.025159      
219      0.503581      0.038912      0.073679      1.570277      -0.027626      0.022700      
220      0.503441      0.038972      0.073599      1.570303      -0.025686      0.020760      
221      0.503351      0.039012      0.073749      1.570329      -0.023566      0.018639      
222      0.503221      0.039122      0.073609      1.570344      -0.022271      0.017343      
223      0.503131      0.039152      0.073589      1.570355      -0.021281      0.016353      
224      0.503021      0.039192      0.073679      1.570398      -0.016766      0.011837      
225      0.502881      0.039302      0.073559      1.570411      -0.015156      0.010226      
226      0.502841      0.039302      0.073599      1.570412      -0.015133      0.010203      
227      0.502711      0.039342      0.073609      1.570463      -0.006377      0.001444      
228      0.502601      0.039362      0.073619      1.570473      -0.003174      -0.001761      
229      0.502521      0.039402      0.073729      1.570478      0.001232      -0.006167      
230      0.502391      0.039502      0.073609      1.570476      0.005370      -0.010307      
231      0.502321      0.039522      0.073639      1.570465      0.009516      -0.014455      
232      0.502311      0.039612      0.073619      1.570438      0.015045      -0.019984      
233      0.502201      0.039702      0.073479      1.570423      0.017377      -0.022317      
234      0.502071      0.039812      0.073399      1.570417      0.018139      -0.023079      
235      0.502061      0.039832      0.073459      1.570409      0.019112      -0.024053      
236      0.501941      0.040012      0.073319      1.570412      0.018782      -0.023723      
237      0.501901      0.040012      0.073329      1.570402      0.019968      -0.024910      
238      0.501831      0.040032      0.073249      1.570409      0.019230      -0.024171      
239      0.501741      0.039992      0.073229      1.570400      0.020267      -0.025208      
240      0.501671      0.039932      0.073279      1.570389      0.021476      -0.026418      
241      0.501541      0.039972      0.073279      1.570357      0.024758      -0.029701      
242      0.501271      0.040042      0.073049      1.570337      0.026588      -0.031531      
243      0.500941      0.040182      0.072709      1.570288      0.030530      -0.035474      
244      0.500731      0.040262      0.072539      1.570288      0.030569      -0.035514      
245      0.500311      0.040392      0.072319      1.570269      0.031967      -0.036912      
246      0.499951      0.040522      0.072099      1.570251      0.033192      -0.038137      
247      0.499661      0.040602      0.071869      1.570241      0.033883      -0.038828      
248      0.499581      0.040562      0.071849      1.570203      0.036357      -0.041303      
249      0.499581      0.040562      0.071839      1.570166      0.038618      -0.043565      
250      0.499641      0.040522      0.071969      1.570107      0.041916      -0.046864      
251      0.499671      0.040552      0.071999      1.570068      0.043981      -0.048929      
252      0.499671      0.040642      0.072049      1.570027      0.046039      -0.050987      
253      0.499651      0.040722      0.072269      1.569967      0.048881      -0.053830      
254      0.499711      0.040792      0.072419      1.569815      0.055399      -0.060349      
255      0.499751      0.040842      0.072569      1.569557      0.064955      -0.069908      
256      0.499821      0.040912      0.072799      1.569433      0.069069      -0.074023      
257      0.499831      0.041112      0.072869      1.569362      0.071299      -0.076253      
258      0.499961      0.041222      0.073049      1.568695      0.089640      -0.094598      
259      0.500651      0.041062      0.073689      1.568228      0.100451      -0.105411      
260      0.500841      0.041062      0.073819      1.568296      0.098959      -0.103919      
261      0.501271      0.041092      0.074109      1.568341      0.097962      -0.102921      
262      0.501651      0.041072      0.074369      1.568404      0.096517      -0.101477      
263      0.501931      0.041082      0.074619      1.568412      0.096353      -0.101312      
264      0.502101      0.041112      0.074939      1.568395      0.096737      -0.101697      
265      0.502331      0.041062      0.075259      1.568334      0.098111      -0.103071      
266      0.502871      0.040882      0.075719      1.568285      0.099210      -0.104170      
267      0.503361      0.040672      0.075979      1.568309      0.098669      -0.103628      
268      0.503841      0.040352      0.076409      1.568127      0.102649      -0.107609      
269      0.504411      0.039872      0.076919      1.567988      0.105577      -0.110538      
270      0.504601      0.039692      0.077039      1.568000      0.105326      -0.110286      
271      0.504851      0.039382      0.077299      1.567849      0.108427      -0.113388      
272      0.504961      0.039122      0.077599      1.567886      0.107689      -0.112650      
273      0.505061      0.038782      0.077559      1.567936      0.106660      -0.111621      
274      0.505211      0.038412      0.077659      1.567970      0.105954      -0.110915      
275      0.505341      0.038072      0.077529      1.568050      0.104290      -0.109250      
276      0.505331      0.037942      0.077559      1.568045      0.104384      -0.109344      
277      0.505301      0.037862      0.077559      1.568004      0.105247      -0.110208      
278      0.505331      0.037762      0.077519      1.568000      0.105326      -0.110286      
279      0.505341      0.037722      0.077519      1.567999      0.105341      -0.110302      
280      0.505341      0.037742      0.077519      1.567893      0.107532      -0.112493      
281      0.505351      0.037742      0.077469      1.567835      0.108717      -0.113678      
282      0.505351      0.037742      0.077499      1.567461      0.116033      -0.120996      
283      0.505411      0.037762      0.077579      1.567119      0.122321      -0.127284      
284      0.505401      0.037812      0.077629      1.566939      0.125508      -0.130471      
285      0.505401      0.037902      0.077679      1.566948      0.125343      -0.130306      
286      0.505411      0.037922      0.077629      1.566902      0.126151      -0.131115      
287      0.505421      0.037942      0.077649      1.566404      0.134518      -0.139483      
288      0.505531      0.037972      0.077819      1.565838      0.143418      -0.148384      
289      0.505601      0.037972      0.077829      1.565926      0.142076      -0.147042      
290      0.505681      0.037972      0.077789      1.565619      0.146714      -0.151680      
291      0.505761      0.037982      0.077889      1.565396      0.149994      -0.154961      
292      0.505771      0.037982      0.077869      1.565421      0.149641      -0.154608      
293      0.505811      0.037952      0.077929      1.565384      0.150175      -0.155142      
294      0.505841      0.037922      0.077979      1.565242      0.152231      -0.157198      
295      0.505851      0.037892      0.077959      1.565266      0.151878      -0.156845      
296      0.505931      0.037802      0.078099      1.564905      0.156986      -0.161953      
297      0.506071      0.037622      0.078199      1.564750      0.159121      -0.164088      
298      0.506121      0.037492      0.078279      1.564577      0.161482      -0.166450      
299      0.506201      0.037462      0.078439      1.564368      0.164283      -0.169251      
300      0.506341      0.037302      0.078539      1.564012      0.168936      -0.173904      
301      0.506461      0.037142      0.078639      1.564072      0.168167      -0.173136      
302      0.506451      0.037092      0.078609      1.564092      0.167901      -0.172869      
303      0.506531      0.036892      0.078689      1.564023      0.168795      -0.173763      
304      0.506591      0.036742      0.078749      1.564181      0.166747      -0.171715      
305      0.506691      0.036592      0.078759      1.564025      0.168771      -0.173740      
306      0.506911      0.036332      0.078919      1.564083      0.168018      -0.172986      
307      0.506941      0.036272      0.078919      1.564171      0.166873      -0.171841      
308      0.506931      0.036232      0.078959      1.564172      0.166857      -0.171825      
309      0.507031      0.036082      0.079079      1.564091      0.167916      -0.172884      
310      0.507011      0.036092      0.079039      1.564112      0.167649      -0.172618      
311      0.506991      0.036102      0.079179      1.564130      0.167414      -0.172382      
312      0.506991      0.036142      0.079139      1.564209      0.166371      -0.171339      
313      0.507001      0.036122      0.079079      1.564368      0.164283      -0.169251      
314      0.507011      0.036122      0.079089      1.564537      0.162024      -0.166991      
315      0.507001      0.036142      0.079039      1.564931      0.156617      -0.161585      
316      0.506901      0.036152      0.079029      1.565503      0.148433      -0.153399      
317      0.506901      0.036132      0.079149      1.565390      0.150089      -0.155055      
318      0.506921      0.036122      0.079219      1.565328      0.150983      -0.155950      
319      0.506871      0.036202      0.079309      1.565309      0.151266      -0.156232      
320      0.506841      0.036262      0.079339      1.565155      0.153463      -0.158430      
321      0.506811      0.036332      0.079249      1.564931      0.156625      -0.161592      
322      0.506821      0.036332      0.079289      1.564780      0.158720      -0.163688      
323      0.506791      0.036412      0.079239      1.564690      0.159944      -0.164912      
324      0.506771      0.036502      0.079259      1.564394      0.163938      -0.168906      
325      0.506801      0.036582      0.079199      1.564395      0.163915      -0.168883      
326      0.506821      0.036622      0.079279      1.564248      0.165868      -0.170836      
327      0.506831      0.036662      0.079349      1.564176      0.166810      -0.171778      
328      0.506801      0.036802      0.079359      1.564038      0.168607      -0.173575      
329      0.506901      0.036822      0.079449      1.563644      0.173628      -0.178597      
330      0.506991      0.036842      0.079519      1.562486      0.187584      -0.192553      
331      0.507091      0.036872      0.079609      1.562467      0.187811      -0.192781      
332      0.507161      0.036922      0.079639      1.562585      0.186439      -0.191408      
333      0.507221      0.036962      0.079509      1.562704      0.185034      -0.190004      
334      0.507261      0.036912      0.079509      1.562775      0.184203      -0.189172      
335      0.507301      0.036912      0.079469      1.562870      0.183073      -0.188042      
336      0.507311      0.036892      0.079459      1.563146      0.179763      -0.184732      
337      0.507361      0.036792      0.079529      1.563224      0.178814      -0.183783      
338      0.507381      0.036802      0.079479      1.563402      0.176633      -0.181601      
339      0.507461      0.036782      0.079639      1.563325      0.177574      -0.182543      
340      0.507531      0.036822      0.079529      1.563504      0.175370      -0.180338      
341      0.507601      0.036752      0.079469      1.563918      0.170152      -0.175121      
342      0.507641      0.036742      0.079499      1.564680      0.160078      -0.165045      
343      0.507641      0.036752      0.079409      1.565298      0.151423      -0.156389      
344      0.507681      0.036752      0.079399      1.566157      0.138474      -0.143439      
345      0.507781      0.036652      0.079589      1.566735      0.129016      -0.133980      
346      0.508061      0.036322      0.079699      1.567925      0.106888      -0.111849      
347      0.508141      0.036212      0.079949      1.569073      0.079779      -0.084735      
348      0.508141      0.036082      0.080069      1.570075      0.043589      -0.048537      
349      0.508011      0.036092      0.079719      1.570434      -0.011976      0.007045      
350      0.507691      0.036242      0.079349      1.569406      -0.066224      0.061313      
351      0.507511      0.036092      0.079079      1.567865      -0.104390      0.099496      
352      0.507511      0.035962      0.079029      1.566570      -0.128066      0.123184      
353      0.507491      0.035682      0.078889      1.562378      -0.185117      0.180265      
354      0.507521      0.035462      0.078809      1.560272      -0.207978      0.203140      
355      0.507611      0.034752      0.079099      1.557401      -0.235601      0.230782      
356      0.507541      0.034302      0.079519      1.555434      -0.252780      0.247972      
357      0.507551      0.033802      0.079779      1.551871      -0.281241      0.276453      
358      0.507541      0.033282      0.080159      1.548801      -0.303621      0.298850      
359      0.507431      0.032782      0.080729      1.547785      -0.310669      0.305904      
360      0.507401      0.032202      0.081569      1.545967      -0.322893      0.318137      
361      0.507461      0.031332      0.082439      1.542535      -0.344774      0.340036      
362      0.507421      0.030912      0.083239      1.540286      -0.358378      0.353651      
363      0.507311      0.030512      0.083679      1.537518      -0.374436      0.369723      
364      0.507151      0.029972      0.084329      1.535182      -0.387458      0.382756      
365      0.507071      0.029782      0.084729      1.534559      -0.390854      0.386155      
366      0.506941      0.029542      0.085179      1.533590      -0.396082      0.391388      
367      0.506861      0.029182      0.085779      1.530309      -0.413277      0.408598      
368      0.506831      0.028802      0.086389      1.526777      -0.431007      0.426345      
369      0.506701      0.028702      0.086579      1.525641      -0.436548      0.431892      
370      0.506511      0.028502      0.087319      1.521945      -0.454108      0.449469      
371      0.506321      0.028392      0.088069      1.516078      -0.480623      0.476010      
372      0.505961      0.028342      0.089019      1.513114      -0.493457      0.488858      
373      0.505691      0.028352      0.089879      1.510633      -0.503938      0.499350      
374      0.505541      0.028432      0.090199      1.510025      -0.506472      0.501887      
375      0.505101      0.028492      0.091179      1.507715      -0.515984      0.511409      
376      0.504821      0.028472      0.092039      1.503486      -0.532940      0.528383      
377      0.504741      0.028472      0.092289      1.500019      -0.546430      0.541889      
378      0.504491      0.028382      0.093009      1.496757      -0.558811      0.554284      
379      0.503951      0.028302      0.093799      1.492059      -0.576153      0.571646      
380      0.503491      0.028162      0.094679      1.487316      -0.593116      0.588630      
381      0.503161      0.028132      0.095299      1.482894      -0.608480      0.604013      
382      0.502711      0.028102      0.095989      1.479149      -0.621181      0.616729      
383      0.502351      0.028022      0.096579      1.474002      -0.638191      0.633761      
384      0.502181      0.028002      0.096709      1.471357      -0.646749      0.642330      
385      0.501651      0.028022      0.096979      1.467821      -0.658004      0.653600      
386      0.501031      0.028112      0.097449      1.466231      -0.662997      0.658598      
387      0.500291      0.028302      0.097769      1.463312      -0.672059      0.667673      
388      0.499561      0.028462      0.098029      1.460047      -0.682043      0.677670      
389      0.498711      0.028432      0.098469      1.457512      -0.689686      0.685324      
390      0.498101      0.028342      0.098819      1.453005      -0.703054      0.698710      
391      0.497781      0.028102      0.098839      1.446911      -0.720702      0.716383      
392      0.497291      0.027852      0.098889      1.443215      -0.731180      0.726875      
393      0.496581      0.027852      0.098949      1.440020      -0.740106      0.735815      
394      0.495911      0.027632      0.099019      1.434125      -0.756272      0.752004      
395      0.495541      0.027532      0.099009      1.430846      -0.765100      0.760845      
396      0.494841      0.027482      0.098889      1.427487      -0.774030      0.769789      
397      0.494061      0.027362      0.099179      1.425045      -0.780451      0.776219      
398      0.493151      0.027372      0.099519      1.422373      -0.787412      0.783191      
399      0.492421      0.026992      0.099499      1.414928      -0.806448      0.802257      
400      0.491911      0.026712      0.099559      1.409758      -0.819380      0.815208      
401      0.491411      0.026622      0.099439      1.405795      -0.829139      0.824983      
402      0.490951      0.026482      0.099789      1.398053      -0.847836      0.843711      
403      0.490731      0.026482      0.099959      1.394161      -0.857065      0.852954      
404      0.490301      0.026582      0.099929      1.389817      -0.867231      0.863137      
405      0.489751      0.026662      0.100229      1.383983      -0.880674      0.876603      
406      0.489291      0.026752      0.100529      1.378894      -0.892211      0.888160      
407      0.488551      0.026982      0.101079      1.372746      -0.905924      0.901896      
408      0.488281      0.027042      0.101479      1.366756      -0.919060      0.915055      
409      0.488131      0.027062      0.101569      1.361018      -0.931439      0.927456      
410      0.487821      0.027122      0.102019      1.355664      -0.942822      0.938860      
411      0.487571      0.027162      0.102439      1.351054      -0.952493      0.948549      
412      0.487131      0.027242      0.102999      1.348134      -0.958561      0.954627      
413      0.486891      0.027212      0.103479      1.343360      -0.968385      0.964469      
414      0.486641      0.027032      0.104219      1.333479      -0.988352      0.984474      
415      0.486171      0.026952      0.104849      1.327696      -0.999820      0.995964      
416      0.485801      0.026952      0.105239      1.323974      -1.007117      1.003275      
417      0.485681      0.026762      0.105179      1.321510      -1.011914      1.008081      
