155      0.006130      1637690185855      
156      0.003770      1637690185874      
157      0.006450      1637690185905      
158      -0.000250      1637690185937      
159      0.006650      1637690185965      
160      0.006090      1637690186016      
161      0.023790      1637690186057      
162      0.003600      1637690186081      
163      0.002970      1637690186111      
164      0.001710      1637690186141      
165      0.004930      1637690186173      
166      0.006190      1637690186206      
167      0.006960      1637690186257      
168      0.018800      1637690186282      
169      0.015160      1637690186314      
170      0.011060      1637690186347      
171      0.006740      1637690186379      
172      0.004790      1637690186412      
173      0.005280      1637690186444      
174      0.002330      1637690186474      
175      0.001260      1637690186519      
176      0.002300      1637690186553      
177      0.004870      1637690186581      
178      0.002440      1637690186613      
179      0.002910      1637690186647      
180      0.002940      1637690186684      
181      0.004310      1637690186712      
182      0.005470      1637690186742      
183      0.002440      1637690186789      
184      0.010400      1637690186820      
185      0.007680      1637690186856      
186      0.004580      1637690186886      
187      0.006050      1637690186914      
188      0.007740      1637690186947      
189      0.003650      1637690186981      
190      0.002340      1637690187010      
191      0.003950      1637690187065      
192      0.009520      1637690187088      
193      0.009930      1637690187120      
194      0.022140      1637690187148      
195      0.001890      1637690187181      
196      -0.002180      1637690187214      
197      -0.000260      1637690187247      
198      -0.004670      1637690187291      
199      -0.006730      1637690187324      
200      -0.002760      1637690187357      
201      -0.000380      1637690187388      
202      -0.002880      1637690187404      
203      -0.001740      1637690187433      
204      -0.002790      1637690187474      
205      0.000580      1637690187496      
206      0.001490      1637690187529      
207      0.003230      1637690187561      
208      0.002810      1637690187592      
209      0.005110      1637690187622      
210      0.009620      1637690187676      
211      0.004210      1637690187700      
212      0.000800      1637690187729      
213      0.004800      1637690187761      
214      0.004240      1637690187794      
215      0.005300      1637690187826      
216      0.003890      1637690187861      
217      0.003790      1637690187892      
218      0.005750      1637690187939      
219      0.014320      1637690187972      
220      0.009610      1637690187999      
221      0.008250      1637690188030      
222      0.012450      1637690188074      
223      0.007830      1637690188106      
224      0.013300      1637690188138      
225      0.030300      1637690188165      
226      0.012840      1637690188194      
227      0.010430      1637690188238      
228      0.002110      1637690188280      
229      0.003830      1637690188304      
230      0.004910      1637690188329      
231      0.004960      1637690188362      
232      0.003060      1637690188395      
233      0.004240      1637690188427      
234      0.005060      1637690188458      
235      0.007790      1637690188504      
236      0.017910      1637690188536      
237      0.008700      1637690188563      
238      0.008180      1637690188596      
239      0.003190      1637690188629      
240      0.001070      1637690188660      
241      0.002080      1637690188695      
242      0.005530      1637690188739      
243      0.010200      1637690188769      
244      0.005420      1637690188800      
245      0.005540      1637690188831      
246      0.020450      1637690188863      
247      0.013480      1637690188899      
248      0.002490      1637690188927      
249      0.005940      1637690188959      
250      0.004620      1637690189007      
251      0.012190      1637690189039      
252      0.007410      1637690189072      
253      0.006840      1637690189108      
254      0.009290      1637690189129      
255      0.011410      1637690189162      
256      0.009180      1637690189194      
257      0.005770      1637690189227      
258      0.008300      1637690189286      
259      0.009920      1637690189313      
260      0.007470      1637690189339      
261      0.009270      1637690189371      
262      0.009180      1637690189403      
263      0.007190      1637690189436      
264      0.025160      1637690189465      
265      0.019360      1637690189505      
266      0.012960      1637690189532      
267      0.006310      1637690189576      
268      0.002600      1637690189609      
269      0.005880      1637690189643      
270      0.007120      1637690189673      
271      0.004340      1637690189722      
272      0.005920      1637690189755      
273      0.004290      1637690189787      
274      0.002110      1637690189814      
275      0.003600      1637690189847      
276      0.002750      1637690189876      
277      0.002480      1637690189909      
278      0.005820      1637690189942      
279      0.002640      1637690189972      
280      0.001180      1637690190003      
281      0.006400      1637690190033      
282      0.005690      1637690190081      
283      0.008450      1637690190113      
284      0.007810      1637690190146      
285      0.005910      1637690190181      
286      0.003220      1637690190209      
287      0.003520      1637690190241      
288      0.002180      1637690190273      
289      0.006110      1637690190311      
290      0.005280      1637690190335      
291      0.005470      1637690190382      
292      0.014140      1637690190414      
293      0.010170      1637690190447      
294      0.013740      1637690190477      
295      0.003850      1637690190521      
296      0.004620      1637690190541      
297      0.005980      1637690190573      
298      0.004540      1637690190604      
299      0.006290      1637690190652      
300      0.010530      1637690190681      
301      0.004360      1637690190721      
302      0.008480      1637690190743      
303      0.004170      1637690190774      
304      0.007110      1637690190809      
305      0.008320      1637690190855      
306      0.010030      1637690190886      
307      0.005490      1637690190925      
308      0.011350      1637690190954      
309      0.025950      1637690190979      
310      0.008290      1637690191012      
311      0.005740      1637690191043      
312      0.008720      1637690191074      
313      0.008720      1637690191128      
314      0.013330      1637690191159      
315      0.010520      1637690191187      
316      0.006570      1637690191215      
317      0.004760      1637690191245      
318      0.005840      1637690191278      
319      0.004480      1637690191331      
320      0.008250      1637690191359      
321      0.004080      1637690191389      
322      0.003820      1637690191420      
323      0.002430      1637690191452      
324      -0.000020      1637690191486      
325      0.004870      1637690191514      
326      0.002080      1637690191545      
327      0.005150      1637690191578      
328      0.005360      1637690191628      
329      0.006150      1637690191660      
330      0.007940      1637690191691      
331      0.009390      1637690191725      
332      0.009280      1637690191758      
333      0.010810      1637690191788      
334      0.004540      1637690191821      
335      0.003170      1637690191848      
336      0.006480      1637690191898      
337      0.001290      1637690191930      
338      0.007520      1637690191971      
339      0.005990      1637690191995      
340      0.009160      1637690192024      
341      0.008080      1637690192057      
342      0.009770      1637690192089      
343      0.010130      1637690192124      
344      0.001170      1637690192159      
345      0.002110      1637690192187      
346      0.000940      1637690192230      
347      0.001850      1637690192261      
348      0.004670      1637690192298      
349      0.006280      1637690192328      
350      0.005630      1637690192371      
351      0.006200      1637690192393      
352      0.005770      1637690192421      
353      0.010370      1637690192464      
354      0.008390      1637690192496      
355      0.011090      1637690192536      
356      0.001030      1637690192572      
357      0.000420      1637690192597      
358      0.000100      1637690192626      
359      0.002220      1637690192657      
360      0.001210      1637690192702      
361      0.004980      1637690192737      
362      0.003750      1637690192763      
363      0.003030      1637690192796      
364      0.002760      1637690192830      
365      0.002850      1637690192861      
366      0.007170      1637690192892      
367      0.007090      1637690192938      
368      0.004650      1637690192973      
369      0.002300      1637690192997      
370      0.004010      1637690193029      
371      0.006950      1637690193046      
372      -0.000460      1637690193061      
373      0.002610      1637690193079      
374      0.001420      1637690193110      
375      0.002950      1637690193141      
376      0.010110      1637690193173      
377      0.010470      1637690193207      
378      0.000620      1637690193237      
379      0.003200      1637690193268      
380      0.004500      1637690193314      
381      0.003260      1637690193347      
382      0.000640      1637690193381      
383      -0.000820      1637690193420      
384      -0.002780      1637690193443      
385      -0.002660      1637690193479      
386      0.002070      1637690193506      
387      0.004890      1637690193538      
388      0.004290      1637690193570      
389      0.005050      1637690193605      
390      0.004230      1637690193648      
391      0.011090      1637690193680      
392      0.009050      1637690193712      
393      0.006440      1637690193743      
394      0.014270      1637690193774      
395      0.008270      1637690193813      
396      0.001340      1637690193840      
397      0.002230      1637690193869      
398      0.007200      1637690193916      
399      -0.001660      1637690193946      
400      -0.002970      1637690193977      
401      -0.000110      1637690194018      
402      -0.001200      1637690194045      
403      -0.000550      1637690194073      
404      0.000600      1637690194104      
405      -0.000150      1637690194148      
406      0.005710      1637690194178      
407      0.003880      1637690194222      
408      0.003380      1637690194246      
409      0.001400      1637690194274      
410      0.002290      1637690194306      
411      0.001640      1637690194350      
412      -0.000330      1637690194381      
413      0.002670      1637690194413      
414      0.003150      1637690194445      
415      0.003180      1637690194477      
416      0.002630      1637690194509      
417      0.001530      1637690194541      
418      0.001650      1637690194573      
419      0.001170      1637690194607      
420      0.001230      1637690194652      
421      0.001820      1637690194683      
422      0.003830      1637690194714      
423      0.005140      1637690194746      
424      -0.000170      1637690194778      
425      0.002810      1637690194812      
426      0.000570      1637690194846      
427      0.003470      1637690194876      
428      0.000850      1637690194908      
429      0.000260      1637690194938      
430      0.002540      1637690194986      
431      0.001460      1637690195023      
432      0.002370      1637690195047      
433      -0.000350      1637690195078      
434      0.003050      1637690195111      
435      0.003290      1637690195144      
436      0.000560      1637690195176      
437      0.002180      1637690195208      
438      0.001810      1637690195264      
439      0.003680      1637690195287      
440      0.001910      1637690195314      
441      0.002980      1637690195346      
442      0.001890      1637690195377      
443      0.001340      1637690195410      
444      0.002130      1637690195446      
445      0.000620      1637690195494      
446      0.000300      1637690195521      
447      -0.000590      1637690195554      
448      0.002230      1637690195585      
449      -0.000200      1637690195618      
450      0.000610      1637690195654      
451      -0.000090      1637690195679      
452      0.002830      1637690195711      
453      0.004300      1637690195760      
454      0.004220      1637690195792      
455      0.001660      1637690195824      
456      0.003250      1637690195859      
457      0.004260      1637690195886      
458      0.001400      1637690195918      
459      0.002030      1637690195946      
460      -0.000320      1637690195995      
461      0.001000      1637690196030      
462      -0.000170      1637690196061      
463      0.001690      1637690196093      
464      0.000920      1637690196123      
465      0.002650      1637690196155      
466      0.002380      1637690196186      
467      0.001050      1637690196219      
468      0.003190      1637690196257      
469      0.001560      1637690196295      
470      0.004760      1637690196328      
471      0.000140      1637690196362      
472      -0.000800      1637690196394      
473      0.002320      1637690196426      
474      0.004210      1637690196456      
475      -0.001510      1637690196489      
476      0.000680      1637690196518      
477      0.002460      1637690196568      
478      0.001280      1637690196596      
479      0.000000      1637690196628      
480      0.001290      1637690196662      
481      -0.000710      1637690196696      
482      0.002340      1637690196721      
483      0.001300      1637690196769      
484      0.002060      1637690196801      
485      0.005580      1637690196838      
486      0.003950      1637690196863      
487      0.001180      1637690196896      
488      0.001160      1637690196929      
489      0.001320      1637690196957      
490      0.001170      1637690196987      
491      0.002380      1637690197036      
492      -0.000260      1637690197071      
493      0.003870      1637690197105      
494      0.001740      1637690197129      
495      0.002790      1637690197162      
496      0.001290      1637690197195      
497      0.000610      1637690197224      
498      0.003170      1637690197257      
499      0.000970      1637690197308      
500      0.003010      1637690197337      
501      0.002330      1637690197369      
502      0.003030      1637690197399      
503      0.003790      1637690197430      
504      0.001390      1637690197461      
505      0.005370      1637690197496      
506      -0.000950      1637690197528      
507      0.002400      1637690197574      
508      0.003050      1637690197606      
509      0.001030      1637690197637      
510      0.000930      1637690197669      
511      -0.000830      1637690197702      
512      0.001620      1637690197730      
513      0.004840      1637690197761      
514      0.003230      1637690197810      
515      -0.001460      1637690197840      
516      0.001400      1637690197873      
517      -0.000270      1637690197906      
518      0.000020      1637690197940      
519      -0.000230      1637690197968      
520      0.001280      1637690198001      
521      -0.001390      1637690198044      
522      0.005460      1637690198077      
523      0.000950      1637690198113      
524      0.003170      1637690198151      
525      -0.000320      1637690198176      
526      0.000710      1637690198205      
527      0.002450      1637690198236      
528      0.000130      1637690198269      
529      0.002580      1637690198302      
530      -0.000950      1637690198354      
531      0.002430      1637690198376      
532      0.000920      1637690198410      
533      -0.001150      1637690198443      
534      0.000370      1637690198474      
535      0.000730      1637690198508      
536      0.000920      1637690198540      
537      0.001310      1637690198569      
538      -0.000250      1637690198601      
539      0.002840      1637690198646      
540      0.004190      1637690198678      
541      0.003500      1637690198710      
542      0.001290      1637690198739      
543      0.001630      1637690198761      
544      0.000230      1637690198793      
545      0.003050      1637690198824      
546      0.002430      1637690198857      
547      -0.000580      1637690198887      
548      0.001290      1637690198920      
549      0.000600      1637690198954      
550      0.001380      1637690198995      
551      0.000980      1637690199028      
552      0.003710      1637690199059      
553      -0.000350      1637690199093      
554      0.000010      1637690199127      
555      0.000930      1637690199162      
556      0.000000      1637690199187      
557      0.000970      1637690199219      
558      0.002450      1637690199252      
559      0.000650      1637690199281      
560      -0.004460      1637690199313      
561      -0.007680      1637690199369      
562      -0.019180      1637690199394      
563      -0.015030      1637690199426      
564      -0.007370      1637690199456      
565      -0.002520      1637690199489      
566      -0.004490      1637690199520      
567      -0.006220      1637690199559      
568      -0.008100      1637690199589      
569      -0.009570      1637690199629      
570      -0.021800      1637690199661      
571      -0.016660      1637690199692      
572      -0.006180      1637690199725      
573      -0.013340      1637690199771      
574      -0.010760      1637690199810      
575      -0.018370      1637690199839      
576      -0.011990      1637690199870      
577      -0.011220      1637690199896      
578      -0.010000      1637690199927      
579      -0.015390      1637690199959      
580      -0.005460      1637690199993      
581      -0.010970      1637690200023      
582      -0.022930      1637690200053      
583      -0.024550      1637690200085      
584      -0.021920      1637690200117      
585      -0.022490      1637690200161      
586      -0.015040      1637690200193      
587      -0.013270      1637690200225      
588      -0.007560      1637690200260      
589      -0.012680      1637690200291      
590      -0.013100      1637690200323      
591      -0.011370      1637690200358      
592      -0.008380      1637690200389      
593      -0.009220      1637690200418      
594      -0.013070      1637690200462      
595      -0.018610      1637690200495      
596      -0.011810      1637690200527      
597      -0.013550      1637690200562      
598      -0.015310      1637690200595      
599      -0.007530      1637690200624      
600      -0.014390      1637690200655      
601      -0.022360      1637690200687      
602      -0.025950      1637690200720      
603      -0.027820      1637690200751      
604      -0.034840      1637690200798      
605      -0.042740      1637690200828      
606      -0.021550      1637690200861      
607      -0.021530      1637690200892      
608      -0.011120      1637690200924      
609      -0.018210      1637690200955      
610      -0.011320      1637690200995      
611      -0.015030      1637690201036      
612      -0.018320      1637690201063      
613      -0.015090      1637690201095      
614      -0.013880      1637690201127      
615      -0.013390      1637690201160      
616      -0.005850      1637690201195      
617      -0.013070      1637690201227      
618      -0.008480      1637690201254      
619      -0.009870      1637690201302      
620      -0.021100      1637690201330      
621      -0.015630      1637690201363      
622      -0.017210      1637690201403      
623      -0.016040      1637690201426      
624      -0.011050      1637690201459      
625      -0.007640      1637690201493      
626      -0.015680      1637690201540      
627      -0.012810      1637690201574      
628      -0.016500      1637690201605      
629      -0.016440      1637690201633      
630      -0.009870      1637690201663      
631      -0.014150      1637690201695      
632      -0.018070      1637690201727      
633      -0.019050      1637690201760      
634      -0.015500      1637690201813      
635      -0.019770      1637690201840      
636      -0.016490      1637690201872      
637      -0.012970      1637690201906      
638      -0.009670      1637690201935      
639      -0.007030      1637690201960      
640      -0.012010      1637690202020      
641      -0.012250      1637690202042      
642      -0.005180      1637690202074      
643      -0.009150      1637690202106      
644      -0.013390      1637690202135      
645      -0.010350      1637690202167      
646      -0.010060      1637690202205      
647      -0.009490      1637690202245      
648      -0.021750      1637690202278      
649      -0.011900      1637690202310      
650      -0.004740      1637690202342      
651      -0.013540      1637690202374      
652      -0.014290      1637690202412      
653      -0.006960      1637690202443      
654      -0.008170      1637690202472      
655      -0.010900      1637690202501      
656      -0.008160      1637690202530      
657      -0.008910      1637690202579      
658      -0.015590      1637690202619      
659      -0.013500      1637690202644      
660      -0.007520      1637690202674      
661      -0.010790      1637690202705      
662      -0.011170      1637690202737      
663      -0.014680      1637690202768      
664      -0.010820      1637690202822      
665      -0.016740      1637690202847      
666      -0.011000      1637690202885      
667      -0.009900      1637690202913      
668      -0.003320      1637690202944      
669      -0.011340      1637690202975      
670      -0.010590      1637690203008      
671      -0.014800      1637690203040      
672      -0.015560      1637690203084      
673      -0.013780      1637690203113      
674      -0.012160      1637690203145      
675      -0.013020      1637690203178      
676      -0.009540      1637690203220      
677      -0.007040      1637690203242      
678      -0.009070      1637690203272      
679      -0.010540      1637690203319      
680      -0.016130      1637690203352      
681      -0.008350      1637690203381      
682      -0.008260      1637690203413      
683      -0.006760      1637690203454      
684      -0.004950      1637690203479      
685      -0.008250      1637690203509      
686      -0.012280      1637690203555      
687      -0.013460      1637690203586      
688      -0.012200      1637690203619      
689      -0.006550      1637690203654      
690      -0.005500      1637690203677      
691      -0.007550      1637690203710      
692      -0.006150      1637690203744      
