54      0.443811      0.027372      0.136129      1.326632      -1.001912      0.998060      
55      0.445051      0.028412      0.136559      1.333853      -0.987607      0.983727      
56      0.446461      0.029402      0.136789      1.341660      -0.971856      0.967947      
57      0.447971      0.030182      0.137079      1.349199      -0.956355      0.952417      
58      0.449611      0.031012      0.137169      1.353118      -0.948177      0.944224      
59      0.451201      0.031832      0.136839      1.357141      -0.939698      0.935730      
60      0.452751      0.032602      0.136849      1.357098      -0.939788      0.935821      
61      0.454391      0.033122      0.136749      1.359370      -0.934960      0.930983      
62      0.455761      0.033872      0.136489      1.362607      -0.928031      0.924042      
63      0.457611      0.034962      0.136459      1.366348      -0.919947      0.915943      
64      0.458231      0.035232      0.136369      1.367970      -0.916414      0.912405      
65      0.459231      0.035992      0.136399      1.370695      -0.910446      0.906426      
66      0.460231      0.036622      0.136489      1.374202      -0.902698      0.898665      
67      0.461361      0.037112      0.136559      1.379127      -0.891687      0.887635      
68      0.462641      0.037582      0.136599      1.384605      -0.879252      0.875179      
69      0.464091      0.038012      0.136639      1.391179      -0.864056      0.859957      
70      0.465421      0.038552      0.136689      1.392521      -0.860919      0.856815      
71      0.467641      0.039202      0.136249      1.396538      -0.851442      0.847322      
72      0.468821      0.039912      0.136159      1.400559      -0.841836      0.837700      
73      0.469431      0.040222      0.136039      1.401475      -0.839631      0.835492      
74      0.470731      0.040802      0.135669      1.405307      -0.830330      0.826176      
75      0.471961      0.041402      0.135619      1.408294      -0.823000      0.818834      
76      0.473591      0.041702      0.135649      1.413059      -0.811150      0.806965      
77      0.475141      0.042002      0.135579      1.415824      -0.804185      0.799990      
78      0.476401      0.042632      0.135259      1.418545      -0.797262      0.793056      
79      0.477791      0.042832      0.134709      1.423940      -0.783338      0.779111      
80      0.478821      0.043272      0.134379      1.427060      -0.775157      0.770917      
81      0.480001      0.043652      0.133889      1.430313      -0.766526      0.762274      
82      0.481131      0.043892      0.133509      1.434673      -0.754784      0.750514      
83      0.481901      0.044362      0.133449      1.438242      -0.745021      0.740736      
84      0.482791      0.044642      0.133029      1.441636      -0.735605      0.731307      
85      0.483461      0.044842      0.132749      1.443902      -0.729243      0.724936      
86      0.484111      0.045062      0.132349      1.446940      -0.720618      0.716299      
87      0.484751      0.045212      0.131809      1.451466      -0.707556      0.703219      
88      0.485691      0.045502      0.131309      1.453767      -0.700814      0.696467      
89      0.486631      0.045312      0.130589      1.459513      -0.683661      0.679290      
90      0.487021      0.045252      0.130339      1.462067      -0.675884      0.671503      
91      0.487901      0.045142      0.129779      1.464649      -0.667926      0.663534      
92      0.489001      0.044802      0.128659      1.467095      -0.660288      0.655887      
93      0.490051      0.044452      0.127659      1.471693      -0.645668      0.641247      
94      0.491211      0.044202      0.126779      1.475737      -0.632513      0.628075      
95      0.492361      0.044052      0.125719      1.478294      -0.624041      0.619593      
96      0.493321      0.044122      0.125099      1.478973      -0.621768      0.617317      
97      0.494871      0.044072      0.123989      1.484077      -0.604410      0.599937      
98      0.495211      0.044122      0.123849      1.485352      -0.599991      0.595513      
99      0.496071      0.044142      0.123749      1.487553      -0.592280      0.587793      
100      0.497021      0.044052      0.123359      1.490806      -0.580685      0.576184      
101      0.497771      0.044092      0.123379      1.493382      -0.571324      0.566812      
102      0.498711      0.044102      0.123319      1.495693      -0.562789      0.558266      
103      0.499741      0.044002      0.122909      1.499296      -0.549200      0.544662      
104      0.500771      0.043722      0.122709      1.502033      -0.538638      0.534088      
105      0.501991      0.043722      0.121959      1.507353      -0.517461      0.512887      
106      0.502821      0.043552      0.121259      1.509225      -0.509791      0.505209      
107      0.503431      0.043602      0.120639      1.510914      -0.502764      0.498175      
108      0.503681      0.043642      0.120309      1.512555      -0.495837      0.491240      
109      0.504231      0.043612      0.119799      1.515685      -0.482342      0.477731      
110      0.504851      0.043452      0.119439      1.517060      -0.476288      0.471671      
111      0.505421      0.043292      0.118779      1.519279      -0.466349      0.461722      
112      0.505891      0.043082      0.118459      1.520931      -0.458804      0.454170      
113      0.506371      0.042822      0.118159      1.522427      -0.451858      0.447216      
114      0.506991      0.042392      0.117649      1.525251      -0.438434      0.433779      
115      0.507491      0.042032      0.117309      1.525688      -0.436322      0.431666      
116      0.507701      0.041902      0.116989      1.526462      -0.432550      0.427890      
117      0.508341      0.041512      0.116019      1.527739      -0.426252      0.421585      
118      0.508831      0.041292      0.115309      1.529221      -0.418821      0.414148      
119      0.509131      0.041232      0.114629      1.529769      -0.416037      0.411361      
120      0.509451      0.041122      0.113809      1.530347      -0.413082      0.408403      
121      0.509661      0.040982      0.113109      1.533036      -0.399040      0.394348      
122      0.509731      0.040732      0.112989      1.535392      -0.386303      0.381600      
123      0.509791      0.040512      0.112789      1.535899      -0.383508      0.378803      
124      0.509711      0.040112      0.112279      1.536873      -0.378075      0.373365      
125      0.509471      0.039672      0.112039      1.538235      -0.370344      0.365627      
126      0.509431      0.038952      0.111819      1.540135      -0.359276      0.354550      
127      0.509301      0.038372      0.111649      1.541474      -0.351260      0.346527      
128      0.509351      0.037482      0.111259      1.543383      -0.339499      0.334756      
129      0.509591      0.036962      0.111039      1.544329      -0.333519      0.328771      
130      0.509781      0.036602      0.110699      1.544516      -0.332323      0.327574      
131      0.510011      0.036342      0.110219      1.544369      -0.333261      0.328513      
132      0.510101      0.036292      0.109939      1.544389      -0.333136      0.328388      
133      0.510141      0.036262      0.109409      1.545066      -0.328781      0.324030      
134      0.510091      0.036222      0.108859      1.545179      -0.328046      0.323294      
135      0.509871      0.036242      0.108379      1.545255      -0.327554      0.322801      
136      0.509471      0.036402      0.108049      1.545795      -0.324027      0.319272      
137      0.509071      0.036432      0.107749      1.546412      -0.319945      0.315187      
138      0.508661      0.036302      0.107389      1.546886      -0.316770      0.312009      
139      0.508501      0.036232      0.107249      1.547617      -0.311819      0.307054      
140      0.508331      0.036192      0.107139      1.548410      -0.306351      0.301582      
141      0.508271      0.036242      0.107089      1.548988      -0.302307      0.297535      
142      0.508221      0.036462      0.106759      1.549801      -0.296517      0.291740      
143      0.508201      0.036742      0.106399      1.550513      -0.291352      0.286572      
144      0.508141      0.037182      0.105899      1.551746      -0.282188      0.277401      
145      0.508131      0.037592      0.105059      1.552471      -0.276654      0.271862      
146      0.508231      0.038022      0.103939      1.553670      -0.267251      0.262453      
147      0.508441      0.038122      0.103249      1.554831      -0.257823      0.253019      
148      0.508511      0.038162      0.103019      1.556006      -0.247908      0.243097      
149      0.508571      0.038232      0.102939      1.556934      -0.239793      0.234976      
150      0.508551      0.038342      0.102839      1.557310      -0.236416      0.231597      
151      0.508461      0.038492      0.102709      1.558116      -0.229028      0.224204      
152      0.508441      0.038532      0.102759      1.558403      -0.226340      0.221514      
153      0.508461      0.038562      0.102779      1.558857      -0.222014      0.217186      
154      0.508401      0.038742      0.102819      1.559531      -0.215439      0.210606      
155      0.508381      0.038962      0.102649      1.560085      -0.209882      0.205046      
156      0.508291      0.039192      0.102629      1.560524      -0.205367      0.200528      
157      0.508261      0.039252      0.102639      1.560840      -0.202067      0.197226      
158      0.508221      0.039392      0.102609      1.561503      -0.194933      0.190088      
159      0.508201      0.039432      0.102599      1.562243      -0.186661      0.181811      
160      0.508171      0.039402      0.102559      1.562633      -0.182145      0.177292      
161      0.508161      0.039312      0.102619      1.563009      -0.177691      0.172835      
162      0.508181      0.039302      0.102579      1.563234      -0.174970      0.170112      
163      0.508231      0.039222      0.102479      1.563592      -0.170554      0.165694      
164      0.508201      0.039192      0.102539      1.563723      -0.168907      0.164047      
165      0.508211      0.039192      0.102519      1.564319      -0.161205      0.156340      
166      0.508251      0.039022      0.102509      1.564811      -0.154569      0.149700      
167      0.508341      0.038702      0.102649      1.565116      -0.150301      0.145431      
168      0.508431      0.038442      0.102669      1.565676      -0.142150      0.137275      
169      0.508591      0.037932      0.103079      1.566458      -0.129910      0.125029      
170      0.508791      0.037652      0.103009      1.566610      -0.127407      0.122524      
171      0.508991      0.037332      0.102949      1.566730      -0.125383      0.120499      
172      0.509281      0.036992      0.103059      1.566887      -0.122683      0.117798      
173      0.509481      0.036802      0.103179      1.566955      -0.121514      0.116628      
174      0.509941      0.036332      0.103459      1.567138      -0.118265      0.113378      
175      0.510461      0.035772      0.103729      1.567282      -0.115644      0.110755      
176      0.510811      0.035442      0.103969      1.567553      -0.110551      0.105660      
177      0.511001      0.035222      0.104049      1.567672      -0.108251      0.103359      
178      0.510951      0.035312      0.104019      1.567924      -0.103189      0.098294      
179      0.510861      0.035422      0.104029      1.568291      -0.095363      0.090465      
180      0.510781      0.035582      0.104159      1.568533      -0.089830      0.084929      
181      0.510761      0.035682      0.104099      1.568626      -0.087608      0.082707      
182      0.510781      0.035792      0.103849      1.568632      -0.087459      0.082557      
183      0.510771      0.035942      0.103759      1.568702      -0.085764      0.080861      
184      0.510761      0.036022      0.103769      1.568959      -0.079177      0.074272      
185      0.510741      0.036042      0.103759      1.569001      -0.078031      0.073125      
186      0.510701      0.036012      0.103659      1.569129      -0.074491      0.069583      
187      0.510641      0.035862      0.103609      1.569272      -0.070338      0.065429      
188      0.510591      0.035762      0.103589      1.569405      -0.066248      0.061337      
189      0.510541      0.035752      0.103539      1.569479      -0.063877      0.058965      
190      0.510441      0.035702      0.103389      1.569620      -0.059033      0.054119      
191      0.510401      0.035622      0.103479      1.569785      -0.052877      0.047961      
192      0.510401      0.035622      0.103309      1.569884      -0.048842      0.043924      
193      0.510371      0.035582      0.103279      1.570075      -0.039875      0.034954      
194      0.510381      0.035592      0.103189      1.570291      -0.026613      0.021687      
195      0.510371      0.035632      0.103159      1.570357      -0.021085      0.016157      
196      0.510391      0.035652      0.103199      1.570383      -0.018407      0.013478      
197      0.510431      0.035662      0.103019      1.570389      -0.017787      0.012858      
198      0.510481      0.035582      0.102849      1.570409      -0.015510      0.010580      
199      0.510481      0.035542      0.102919      1.570429      -0.012793      0.007862      
200      0.510481      0.035522      0.102939      1.570477      -0.000676      -0.004259      
201      0.510501      0.035552      0.103079      1.570478      0.001868      -0.006804      
202      0.510551      0.035632      0.102779      1.570478      0.001428      -0.006364      
203      0.510551      0.035582      0.102869      1.570476      0.005205      -0.010142      
204      0.510561      0.035582      0.102889      1.570476      0.005166      -0.010103      
205      0.510601      0.035602      0.102839      1.570475      0.005676      -0.010613      
206      0.510651      0.035592      0.102889      1.570472      0.007153      -0.012090      
207      0.510741      0.035612      0.102929      1.570453      0.012375      -0.017314      
208      0.510761      0.035612      0.102909      1.570447      0.013435      -0.018374      
209      0.510751      0.035612      0.102959      1.570411      0.018940      -0.023881      
210      0.510841      0.035522      0.103009      1.570212      0.035776      -0.040721      
211      0.511101      0.035172      0.103129      1.570100      0.042301      -0.047248      
212      0.511351      0.034922      0.103039      1.570137      0.040267      -0.045214      
213      0.511501      0.034742      0.102939      1.570140      0.040079      -0.045026      
214      0.511941      0.034192      0.103029      1.570065      0.044123      -0.049071      
215      0.512531      0.033422      0.103369      1.569909      0.051449      -0.056399      
216      0.513081      0.032712      0.103569      1.569780      0.056781      -0.061732      
217      0.513391      0.032052      0.103659      1.569750      0.057951      -0.062902      
218      0.513411      0.031812      0.103609      1.569673      0.060864      -0.065816      
219      0.513371      0.031682      0.103579      1.569604      0.063322      -0.068274      
220      0.513301      0.031642      0.103459      1.569626      0.062544      -0.067496      
221      0.513311      0.031612      0.103429      1.569594      0.063691      -0.068643      
222      0.513301      0.031612      0.103469      1.569562      0.064798      -0.069751      
223      0.513281      0.031712      0.103399      1.569544      0.065387      -0.070340      
224      0.513311      0.031732      0.103339      1.569479      0.067577      -0.072531      
225      0.513371      0.031772      0.103509      1.569387      0.070522      -0.075476      
226      0.513491      0.031852      0.103409      1.569140      0.077902      -0.082858      
227      0.513651      0.031932      0.103579      1.569007      0.081600      -0.086557      
228      0.513611      0.032142      0.103439      1.568962      0.082802      -0.087758      
229      0.513651      0.032212      0.103489      1.568438      0.095756      -0.100715      
230      0.513831      0.032192      0.103899      1.567921      0.106959      -0.111920      
231      0.513971      0.032282      0.103739      1.567910      0.107186      -0.112147      
232      0.513971      0.032372      0.103629      1.567880      0.107799      -0.112760      
233      0.513931      0.032532      0.103579      1.567741      0.110609      -0.115571      
234      0.513921      0.032702      0.103439      1.567795      0.109534      -0.114495      
235      0.513811      0.032862      0.103399      1.567695      0.111504      -0.116466      
236      0.513831      0.032882      0.103439      1.567616      0.113058      -0.118020      
237      0.513891      0.032882      0.103279      1.567616      0.113050      -0.118012      
238      0.513861      0.032802      0.103369      1.567351      0.118090      -0.123053      
239      0.513951      0.032712      0.103409      1.567153      0.121708      -0.126672      
240      0.513931      0.032722      0.103299      1.567081      0.122988      -0.127951      
241      0.513901      0.032752      0.103339      1.567017      0.124134      -0.129098      
242      0.513911      0.032772      0.103289      1.566825      0.127470      -0.132434      
243      0.513861      0.032802      0.103429      1.566431      0.134079      -0.139043      
244      0.513891      0.032812      0.103469      1.566199      0.137799      -0.142764      
245      0.513951      0.032832      0.103379      1.565851      0.143222      -0.148188      
246      0.513931      0.032952      0.103389      1.565740      0.144901      -0.149867      
247      0.513981      0.032982      0.103259      1.565522      0.148158      -0.153124      
248      0.514101      0.032962      0.103389      1.565328      0.150991      -0.155958      
249      0.514141      0.033032      0.103379      1.565262      0.151941      -0.156907      
250      0.514231      0.033192      0.103119      1.564676      0.160141      -0.165108      
251      0.514431      0.033232      0.103309      1.564285      0.165374      -0.170342      
252      0.514491      0.033302      0.103349      1.563705      0.172859      -0.177828      
253      0.514561      0.033372      0.103449      1.562971      0.181865      -0.186834      
254      0.514671      0.033462      0.103379      1.562198      0.190902      -0.195871      
255      0.514791      0.033442      0.103449      1.561792      0.195467      -0.200436      
256      0.514861      0.033502      0.103489      1.561267      0.201223      -0.206193      
257      0.514911      0.033512      0.103529      1.560976      0.204345      -0.209315      
258      0.515001      0.033512      0.103629      1.560224      0.212187      -0.217157      
259      0.514991      0.033572      0.103629      1.559344      0.221016      -0.225986      
260      0.515011      0.033582      0.103659      1.559073      0.223658      -0.228628      
261      0.515021      0.033602      0.103629      1.558792      0.226370      -0.231340      
262      0.515011      0.033602      0.103609      1.558320      0.230847      -0.235817      
263      0.515031      0.033602      0.103589      1.557913      0.234641      -0.239611      
264      0.515011      0.033602      0.103499      1.557534      0.238113      -0.243083      
265      0.515021      0.033602      0.103509      1.557114      0.241907      -0.246877      
266      0.515021      0.033652      0.103379      1.556483      0.247503      -0.252472      
267      0.515021      0.033682      0.103359      1.556102      0.250810      -0.255779      
268      0.514961      0.033842      0.103279      1.556082      0.250982      -0.255952      
269      0.514941      0.033852      0.103269      1.555820      0.253239      -0.258209      
270      0.514951      0.033982      0.103129      1.556076      0.251037      -0.256007      
271      0.514931      0.034042      0.102969      1.555601      0.255104      -0.260073      
272      0.514921      0.034072      0.102999      1.555215      0.258356      -0.263325      
273      0.514981      0.034112      0.102909      1.555225      0.258270      -0.263239      
274      0.514981      0.034142      0.102939      1.554433      0.264828      -0.269796      
275      0.514981      0.034202      0.102859      1.554087      0.267641      -0.272609      
276      0.514991      0.034202      0.102899      1.553682      0.270892      -0.275860      
277      0.514981      0.034212      0.102959      1.553551      0.271934      -0.276901      
278      0.514971      0.034352      0.102839      1.553401      0.273124      -0.278092      
279      0.514971      0.034402      0.102839      1.552846      0.277487      -0.282455      
280      0.514851      0.034632      0.102709      1.552590      0.279477      -0.284444      
281      0.514741      0.034732      0.102689      1.552262      0.281999      -0.286966      
282      0.514741      0.034772      0.102629      1.552258      0.282030      -0.286997      
283      0.514751      0.034822      0.102519      1.552033      0.283745      -0.288712      
284      0.514841      0.034762      0.102769      1.551518      0.287645      -0.292612      
285      0.514941      0.034722      0.102809      1.551406      0.288483      -0.293450      
286      0.515031      0.034742      0.102809      1.551001      0.291498      -0.296464      
287      0.515121      0.034742      0.102949      1.550231      0.297151      -0.302117      
288      0.515191      0.034762      0.102859      1.549792      0.300322      -0.305287      
289      0.515211      0.034812      0.102819      1.548947      0.306335      -0.311299      
290      0.515221      0.034832      0.102779      1.548474      0.309646      -0.314610      
291      0.515221      0.034822      0.102799      1.547998      0.312949      -0.317912      
292      0.515221      0.034792      0.102799      1.547517      0.316244      -0.321207      
293      0.515231      0.034792      0.102779      1.546943      0.320134      -0.325096      
294      0.515221      0.034792      0.102799      1.546615      0.322332      -0.327295      
295      0.515281      0.034792      0.102689      1.546457      0.323389      -0.328351      
296      0.515311      0.034802      0.102609      1.546206      0.325056      -0.330017      
297      0.515381      0.034822      0.102669      1.545912      0.326996      -0.331957      
298      0.515431      0.034842      0.102629      1.545764      0.327974      -0.332935      
299      0.515521      0.034862      0.102769      1.545154      0.331957      -0.336917      
300      0.515571      0.034882      0.102759      1.544838      0.333998      -0.338959      
301      0.515611      0.034892      0.102909      1.544099      0.338731      -0.343690      
302      0.515711      0.034912      0.102939      1.544245      0.337800      -0.342760      
303      0.515741      0.034952      0.102869      1.544337      0.337214      -0.342173      
304      0.515781      0.035002      0.102959      1.543587      0.341969      -0.346928      
305      0.515871      0.034992      0.103029      1.543554      0.342173      -0.347132      
306      0.515981      0.034972      0.103019      1.543949      0.339678      -0.344637      
307      0.516131      0.035002      0.103339      1.544336      0.337221      -0.342181      
308      0.516221      0.035082      0.103309      1.544630      0.335336      -0.340296      
309      0.516371      0.035112      0.103399      1.544890      0.333662      -0.338622      
310      0.516521      0.035122      0.103519      1.545816      0.327630      -0.332591      
311      0.516591      0.035142      0.103609      1.546619      0.322309      -0.327271      
312      0.516641      0.035122      0.103679      1.547226      0.318224      -0.323187      
313      0.516691      0.035172      0.103729      1.549548      0.302068      -0.307033      
314      0.516711      0.035232      0.103809      1.552463      0.280456      -0.285423      
315      0.516731      0.035182      0.103869      1.556870      0.244086      -0.249055      
316      0.516661      0.035122      0.103789      1.559091      0.223485      -0.228455      
317      0.516721      0.034762      0.104179      1.560813      0.206070      -0.211040      
318      0.516751      0.034412      0.104509      1.561654      0.196996      -0.201966      
319      0.516831      0.033932      0.104839      1.562793      0.183991      -0.188960      
320      0.516861      0.033622      0.105089      1.564431      0.163444      -0.168412      
321      0.516881      0.033262      0.105189      1.565746      0.144815      -0.149781      
322      0.516971      0.032812      0.105269      1.566846      0.127117      -0.132081      
323      0.516941      0.032512      0.105299      1.568133      0.102507      -0.107468      
324      0.516871      0.032072      0.105419      1.569073      0.079795      -0.084751      
325      0.516851      0.031542      0.105649      1.569795      0.056215      -0.061166      
326      0.516771      0.031102      0.105679      1.570333      0.026918      -0.031861      
327      0.516521      0.030822      0.105969      1.570468      -0.004940      0.000007      
328      0.516041      0.030692      0.106199      1.570250      -0.029550      0.024625      
329      0.515571      0.030382      0.106649      1.569910      -0.047727      0.042808      
330      0.515001      0.030172      0.107239      1.569255      -0.070840      0.065931      
331      0.514461      0.030022      0.107749      1.568613      -0.087922      0.083021      
332      0.513981      0.029902      0.108009      1.568025      -0.101085      0.096190      
333      0.513621      0.029782      0.108249      1.567371      -0.113996      0.109107      
334      0.513251      0.029802      0.108249      1.566417      -0.130585      0.125704      
335      0.512981      0.029752      0.108039      1.565146      -0.149886      0.145015      
336      0.512711      0.029752      0.107939      1.563422      -0.172664      0.167805      
337      0.512341      0.029662      0.107769      1.561188      -0.198351      0.193508      
338      0.512221      0.029662      0.107699      1.560336      -0.207311      0.202473      
339      0.511971      0.029622      0.107759      1.558390      -0.226465      0.221640      
340      0.511781      0.029542      0.107889      1.556502      -0.243600      0.238785      
341      0.511591      0.029432      0.108179      1.554315      -0.262060      0.257258      
342      0.511281      0.029382      0.108509      1.551427      -0.284591      0.279805      
343      0.511031      0.029242      0.108639      1.548466      -0.305960      0.301191      
344      0.510751      0.029042      0.108929      1.545369      -0.326811      0.322058      
345      0.510081      0.028902      0.109539      1.540447      -0.357425      0.352697      
346      0.509671      0.028672      0.109869      1.538248      -0.370266      0.365549      
347      0.509421      0.028572      0.110149      1.537542      -0.374296      0.369582      
348      0.508901      0.028412      0.110529      1.537144      -0.376552      0.371841      
349      0.508481      0.028162      0.110709      1.536055      -0.382642      0.377936      
350      0.508041      0.027922      0.110919      1.534241      -0.392578      0.387881      
351      0.507411      0.027562      0.110699      1.529830      -0.415725      0.411049      
352      0.506801      0.027292      0.110879      1.525722      -0.436158      0.431502      
353      0.506351      0.027002      0.110769      1.523852      -0.445135      0.440487      
354      0.506091      0.026802      0.110769      1.523087      -0.448757      0.444113      
355      0.505491      0.026552      0.111099      1.521703      -0.455230      0.450592      
356      0.505051      0.026362      0.111059      1.521020      -0.458392      0.453757      
357      0.504511      0.026202      0.110919      1.519562      -0.465064      0.460436      
358      0.503871      0.026072      0.110929      1.516730      -0.477751      0.473136      
359      0.503131      0.025982      0.110909      1.514625      -0.486955      0.482349      
360      0.502021      0.025642      0.111269      1.510389      -0.504957      0.500370      
361      0.501331      0.025312      0.111429      1.506228      -0.522013      0.517444      
362      0.500441      0.025032      0.111809      1.502926      -0.535144      0.530591      
363      0.500021      0.024902      0.112059      1.500578      -0.544280      0.539737      
364      0.499141      0.024522      0.112689      1.495584      -0.563192      0.558670      
365      0.498081      0.024262      0.113509      1.490864      -0.580476      0.575974      
366      0.496791      0.023892      0.114519      1.488714      -0.588168      0.583676      
367      0.495881      0.023702      0.115329      1.486317      -0.596624      0.592141      
368      0.495121      0.023422      0.115709      1.483507      -0.606376      0.601905      
369      0.494431      0.022982      0.116109      1.480289      -0.617345      0.612888      
370      0.493821      0.022572      0.116579      1.475264      -0.634066      0.629630      
371      0.493561      0.022252      0.116709      1.473099      -0.641127      0.636700      
372      0.493071      0.021622      0.117129      1.469951      -0.651250      0.646837      
373      0.492571      0.021142      0.117679      1.468573      -0.655627      0.651219      
374      0.492171      0.020492      0.117809      1.466482      -0.662210      0.657810      
375      0.491621      0.020072      0.117919      1.464572      -0.668165      0.663774      
376      0.491031      0.019752      0.118019      1.462941      -0.673201      0.668816      
377      0.490631      0.019232      0.117989      1.460291      -0.681303      0.676929      
378      0.490051      0.018892      0.118039      1.456180      -0.693668      0.689311      
379      0.489691      0.018772      0.118139      1.454323      -0.699174      0.694825      
380      0.489011      0.018492      0.118389      1.450554      -0.710211      0.705877      
381      0.488441      0.018072      0.118689      1.444963      -0.726245      0.721934      
382      0.488001      0.017542      0.118959      1.440606      -0.738478      0.734184      
383      0.487481      0.016712      0.119479      1.433762      -0.757254      0.752988      
384      0.487241      0.016232      0.119819      1.424245      -0.782542      0.778313      
385      0.486901      0.015962      0.119979      1.415319      -0.805462      0.801269      
386      0.486741      0.015762      0.119979      1.412904      -0.811540      0.807356      
387      0.486271      0.015622      0.120179      1.409656      -0.819632      0.815461      
388      0.485721      0.015632      0.120349      1.404353      -0.832658      0.828508      
389      0.485301      0.015452      0.120269      1.399552      -0.844253      0.840122      
390      0.484661      0.015452      0.120459      1.394564      -0.856113      0.852001      
391      0.484121      0.015322      0.120709      1.390144      -0.866469      0.862375      
392      0.483431      0.014882      0.120889      1.383796      -0.881100      0.877030      
393      0.482931      0.014592      0.121019      1.377185      -0.896047      0.892003      
394      0.482591      0.014142      0.121039      1.372513      -0.906440      0.902413      
395      0.482371      0.013962      0.121169      1.368463      -0.915337      0.911326      
396      0.481801      0.013802      0.121469      1.359431      -0.934831      0.930854      
397      0.481291      0.013402      0.121579      1.354012      -0.946301      0.942345      
398      0.480321      0.013242      0.121849      1.344952      -0.965124      0.961202      
399      0.479741      0.013162      0.121729      1.343862      -0.967358      0.963441      
400      0.479131      0.013102      0.121869      1.337517      -0.980251      0.976357      
401      0.478671      0.012882      0.122079      1.327497      -1.000211      0.996356      
402      0.478191      0.012742      0.122279      1.323153      -1.008719      1.004880      
