211      0.494161      0.031642      0.133099      1.323326      -1.008381      1.004541      
212      0.494341      0.031552      0.132829      1.324166      -1.006741      1.002898      
213      0.494471      0.031422      0.132549      1.324567      -1.005959      1.002115      
214      0.494791      0.031222      0.132209      1.324590      -1.005914      1.002069      
215      0.495131      0.031122      0.131999      1.323307      -1.008418      1.004578      
216      0.495311      0.031102      0.131839      1.323912      -1.007238      1.003396      
217      0.495791      0.031112      0.131449      1.323662      -1.007727      1.003885      
218      0.496061      0.031152      0.130939      1.326264      -1.002634      0.998783      
219      0.496211      0.031212      0.130499      1.327990      -0.999241      0.995383      
220      0.496291      0.031262      0.130139      1.329918      -0.995432      0.991567      
221      0.496401      0.031292      0.129969      1.332270      -0.990763      0.986889      
222      0.496571      0.031322      0.129839      1.334971      -0.985369      0.981485      
223      0.496811      0.031392      0.129769      1.338828      -0.977604      0.973706      
224      0.497141      0.031492      0.129729      1.342507      -0.970128      0.966216      
225      0.497231      0.031502      0.129719      1.344705      -0.965630      0.961709      
226      0.497251      0.031482      0.129619      1.347349      -0.960185      0.956254      
227      0.497281      0.031502      0.129569      1.348280      -0.958259      0.954325      
228      0.497371      0.031512      0.129479      1.351094      -0.952410      0.948465      
229      0.497381      0.031522      0.129449      1.353681      -0.946997      0.943042      
230      0.497381      0.031522      0.129429      1.356190      -0.941710      0.937746      
231      0.497381      0.031502      0.129439      1.358157      -0.937541      0.933569      
232      0.497401      0.031472      0.129469      1.359629      -0.934407      0.930430      
233      0.497401      0.031472      0.129499      1.361117      -0.931227      0.927244      
234      0.497411      0.031462      0.129489      1.364034      -0.924956      0.920961      
235      0.497411      0.031462      0.129429      1.367003      -0.918522      0.914516      
236      0.497421      0.031452      0.129419      1.367984      -0.916384      0.912374      
237      0.497411      0.031442      0.129439      1.368991      -0.914185      0.910172      
238      0.497521      0.031442      0.129549      1.370025      -0.911917      0.907900      
239      0.497621      0.031402      0.129589      1.371726      -0.908177      0.904154      
240      0.497691      0.031352      0.129619      1.373028      -0.905301      0.901273      
241      0.497621      0.031282      0.129499      1.375233      -0.900406      0.896369      
242      0.497621      0.031282      0.129499      1.375761      -0.899229      0.895190      
243      0.497621      0.031282      0.129499      1.375243      -0.900383      0.896346      
244      0.497621      0.031282      0.129499      1.375042      -0.900831      0.896794      
245      0.497621      0.031282      0.129499      1.373850      -0.903480      0.899448      
246      0.497621      0.031282      0.129499      1.372846      -0.905704      0.901676      
247      0.497621      0.031282      0.129499      1.370909      -0.909975      0.905955      
248      0.497621      0.031282      0.129499      1.371220      -0.909293      0.905271      
249      0.497621      0.031282      0.129499      1.371729      -0.908170      0.904146      
250      0.497621      0.031282      0.129499      1.375465      -0.899889      0.895851      
251      0.497621      0.031282      0.129499      1.380151      -0.889377      0.885321      
252      0.497621      0.031282      0.129499      1.386603      -0.874665      0.870584      
253      0.497621      0.031282      0.129499      1.393147      -0.859449      0.855343      
254      0.497621      0.031282      0.129499      1.398133      -0.847646      0.843520      
255      0.497621      0.031282      0.129499      1.400366      -0.842301      0.838166      
256      0.497621      0.031282      0.129499      1.401272      -0.840119      0.835981      
257      0.497621      0.031282      0.129499      1.400829      -0.841187      0.837051      
258      0.497621      0.031282      0.129499      1.400689      -0.841523      0.837387      
259      0.497621      0.031282      0.129499      1.400521      -0.841927      0.837792      
260      0.497621      0.031282      0.129499      1.402299      -0.837640      0.833498      
261      0.497621      0.031282      0.129499      1.406437      -0.827566      0.823408      
262      0.497621      0.031282      0.129499      1.409672      -0.819593      0.815422      
263      0.497621      0.031282      0.129499      1.413887      -0.809071      0.804883      
264      0.497621      0.031282      0.129499      1.416059      -0.803588      0.799392      
265      0.497621      0.031282      0.129499      1.418850      -0.796482      0.792275      
266      0.497621      0.031282      0.129499      1.420532      -0.792166      0.787952      
267      0.497621      0.031282      0.129499      1.420951      -0.791086      0.786871      
268      0.497621      0.031282      0.129499      1.423146      -0.785406      0.781182      
269      0.497621      0.031282      0.129499      1.424254      -0.782519      0.778290      
270      0.497621      0.031282      0.129499      1.427127      -0.774981      0.770741      
271      0.497621      0.031282      0.129499      1.431599      -0.763083      0.758826      
272      0.497621      0.031282      0.129499      1.435444      -0.752689      0.748416      
273      0.497621      0.031282      0.129499      1.437735      -0.746418      0.742136      
274      0.497621      0.031282      0.129499      1.440451      -0.738908      0.734615      
275      0.497621      0.031282      0.129499      1.442177      -0.734092      0.729792      
276      0.497621      0.031282      0.129499      1.443856      -0.729374      0.725067      
277      0.497621      0.031282      0.129499      1.443709      -0.729789      0.725482      
278      0.497621      0.031282      0.129499      1.444104      -0.728674      0.724366      
279      0.497621      0.031282      0.129499      1.445864      -0.723686      0.719371      
280      0.497621      0.031282      0.129499      1.446763      -0.721125      0.716807      
281      0.497621      0.031282      0.129499      1.447400      -0.719303      0.714982      
282      0.497621      0.031282      0.129499      1.449507      -0.713242      0.708912      
283      0.497621      0.031282      0.129499      1.452633      -0.704147      0.699805      
284      0.497621      0.031282      0.129499      1.455941      -0.694377      0.690021      
285      0.497621      0.031282      0.129499      1.460745      -0.679923      0.675547      
286      0.497621      0.031282      0.129499      1.464427      -0.668612      0.664221      
287      0.497621      0.031282      0.129499      1.467247      -0.659810      0.655408      
288      0.497621      0.031282      0.129499      1.468309      -0.656461      0.652054      
289      0.497621      0.031282      0.129499      1.468873      -0.654678      0.650269      
290      0.497621      0.031282      0.129499      1.468697      -0.655234      0.650825      
291      0.497621      0.031282      0.129499      1.468400      -0.656175      0.651768      
292      0.497621      0.031282      0.129499      1.468292      -0.656515      0.652108      
293      0.497621      0.031282      0.129499      1.468156      -0.656947      0.652541      
294      0.497621      0.031282      0.129499      1.468773      -0.654994      0.650586      
295      0.497621      0.031282      0.129499      1.468941      -0.654462      0.650052      
296      0.497621      0.031282      0.129499      1.467149      -0.660119      0.655717      
297      0.497621      0.031282      0.129499      1.464151      -0.669468      0.665079      
298      0.497621      0.031282      0.129499      1.461018      -0.679091      0.674714      
299      0.497621      0.031282      0.129499      1.457828      -0.688738      0.684375      
300      0.497621      0.031282      0.129499      1.452323      -0.705055      0.700714      
301      0.497621      0.031282      0.129499      1.452764      -0.703762      0.699419      
302      0.497621      0.031282      0.129499      1.458302      -0.687313      0.682948      
303      0.497621      0.031282      0.129499      1.462653      -0.674087      0.669704      
304      0.497621      0.031282      0.129499      1.469473      -0.652771      0.648360      
305      0.497621      0.031282      0.129499      1.473858      -0.638663      0.634233      
306      0.497851      0.031162      0.129569      1.477837      -0.625564      0.621118      
307      0.498231      0.031072      0.129699      1.480424      -0.616889      0.612431      
308      0.498441      0.031022      0.129769      1.481332      -0.613810      0.609349      
309      0.498931      0.030952      0.130019      1.483911      -0.604983      0.600511      
310      0.499521      0.030872      0.130319      1.486034      -0.597615      0.593133      
311      0.500311      0.030632      0.130559      1.488463      -0.589059      0.584567      
312      0.500741      0.030502      0.130609      1.490282      -0.582568      0.578069      
313      0.500901      0.030362      0.130549      1.492818      -0.573386      0.568876      
314      0.501051      0.030252      0.130589      1.495027      -0.565262      0.560743      
315      0.501091      0.030222      0.130599      1.495884      -0.562075      0.557552      
316      0.501111      0.030132      0.130509      1.498236      -0.553234      0.548701      
317      0.501111      0.030052      0.130349      1.500879      -0.543116      0.538571      
318      0.501011      0.029992      0.129959      1.504489      -0.528972      0.524411      
319      0.501041      0.029972      0.129099      1.509388      -0.509115      0.504533      
320      0.501021      0.029962      0.128509      1.512365      -0.496646      0.492050      
321      0.501011      0.029932      0.127989      1.514973      -0.485446      0.480839      
322      0.501011      0.029902      0.127769      1.516753      -0.477650      0.473035      
323      0.501061      0.029822      0.127799      1.517199      -0.475674      0.471056      
324      0.501091      0.029732      0.127759      1.517715      -0.473378      0.468758      
325      0.501121      0.029682      0.127749      1.517963      -0.472273      0.467652      
326      0.501191      0.029592      0.127769      1.517668      -0.473588      0.468968      
327      0.501231      0.029512      0.127759      1.517656      -0.473642      0.469023      
328      0.501241      0.029402      0.127669      1.517204      -0.475650      0.471033      
329      0.501261      0.029142      0.127529      1.516384      -0.479276      0.474663      
330      0.501311      0.028912      0.127469      1.516463      -0.478926      0.474312      
331      0.501441      0.028642      0.127369      1.515955      -0.481159      0.476548      
332      0.501511      0.028312      0.127069      1.515365      -0.483742      0.479133      
333      0.501311      0.028002      0.126559      1.516179      -0.480179      0.475566      
334      0.501311      0.027872      0.126259      1.516281      -0.479728      0.475114      
335      0.501421      0.027622      0.125709      1.516064      -0.480685      0.476072      
336      0.501361      0.027352      0.125109      1.516617      -0.478249      0.473634      
337      0.501531      0.027022      0.124619      1.517111      -0.476063      0.471446      
338      0.501651      0.026762      0.124449      1.517596      -0.473907      0.469288      
339      0.501851      0.026482      0.124459      1.518004      -0.472086      0.467465      
340      0.502051      0.026192      0.124489      1.518392      -0.470350      0.465727      
341      0.502261      0.025902      0.124539      1.519243      -0.466512      0.461886      
342      0.502461      0.025622      0.124589      1.520095      -0.462635      0.458005      
343      0.502601      0.025302      0.124569      1.520555      -0.460533      0.455900      
344      0.502681      0.025132      0.124569      1.521072      -0.458150      0.453515      
345      0.502861      0.024722      0.124539      1.521305      -0.457076      0.452439      
346      0.502951      0.024182      0.124419      1.521986      -0.453914      0.449274      
347      0.503301      0.023392      0.124469      1.522415      -0.451912      0.447271      
348      0.503551      0.022852      0.124439      1.522885      -0.449708      0.445064      
349      0.503821      0.022342      0.124429      1.523062      -0.448874      0.444230      
350      0.504031      0.021962      0.124469      1.523910      -0.444862      0.440214      
351      0.504191      0.021662      0.124499      1.524330      -0.442860      0.438210      
352      0.504291      0.021422      0.124469      1.525227      -0.438551      0.433896      
353      0.504381      0.021242      0.124469      1.525435      -0.437546      0.432890      
354      0.504401      0.021182      0.124449      1.525892      -0.435332      0.430675      
355      0.504411      0.020972      0.124389      1.527103      -0.429401      0.424738      
356      0.504371      0.020772      0.124299      1.527484      -0.427515      0.422849      
357      0.504321      0.020592      0.124249      1.528303      -0.423437      0.418768      
358      0.504311      0.020412      0.124229      1.528607      -0.421917      0.417246      
359      0.504321      0.020262      0.124219      1.528909      -0.420396      0.415725      
360      0.504271      0.020152      0.124179      1.529246      -0.418696      0.414023      
361      0.504191      0.020092      0.124119      1.529584      -0.416981      0.412306      
362      0.504021      0.019982      0.123979      1.529861      -0.415569      0.410893      
363      0.503601      0.019882      0.123759      1.530670      -0.411420      0.406740      
364      0.503251      0.019792      0.123599      1.530714      -0.411194      0.406514      
365      0.502871      0.019672      0.123429      1.531476      -0.407247      0.402563      
366      0.502641      0.019512      0.123389      1.531620      -0.406498      0.401814      
367      0.502301      0.019342      0.123399      1.532365      -0.402590      0.397901      
368      0.502081      0.019192      0.123369      1.533127      -0.398556      0.393864      
369      0.501961      0.019132      0.123339      1.533492      -0.396605      0.391911      
370      0.501961      0.019132      0.123339      1.533727      -0.395349      0.390654      
371      0.501961      0.019132      0.123339      1.533762      -0.395161      0.390466      
372      0.501961      0.019132      0.123339      1.533842      -0.394732      0.390037      
373      0.501961      0.019132      0.123339      1.533895      -0.394444      0.389748      
374      0.501961      0.019132      0.123339      1.533847      -0.394701      0.390006      
375      0.501961      0.019132      0.123339      1.533685      -0.395575      0.390880      
376      0.501961      0.019132      0.123339      1.534037      -0.393679      0.388982      
377      0.501961      0.019132      0.123339      1.534702      -0.390081      0.385381      
378      0.501961      0.019132      0.123339      1.534411      -0.391657      0.386959      
379      0.501961      0.019132      0.123339      1.534865      -0.389191      0.384491      
380      0.501961      0.019132      0.123339      1.536078      -0.382517      0.377811      
381      0.501961      0.019132      0.123339      1.537131      -0.376622      0.371911      
382      0.501961      0.019132      0.123339      1.538642      -0.368001      0.363282      
383      0.501961      0.019132      0.123339      1.541233      -0.352714      0.347982      
384      0.501961      0.019132      0.123339      1.543780      -0.337005      0.332260      
385      0.501961      0.019132      0.123339      1.546338      -0.320438      0.315680      
386      0.501961      0.019132      0.123339      1.548922      -0.302768      0.297997      
387      0.501961      0.019132      0.123339      1.550670      -0.290202      0.285421      
388      0.501961      0.019132      0.123339      1.551612      -0.283197      0.278411      
389      0.501961      0.019132      0.123339      1.552511      -0.276348      0.271557      
390      0.501961      0.019132      0.123339      1.553293      -0.270250      0.265454      
391      0.501961      0.019132      0.123339      1.554372      -0.261590      0.256788      
392      0.501961      0.019132      0.123339      1.555588      -0.251480      0.246671      
393      0.501961      0.019132      0.123339      1.556346      -0.244963      0.240149      
394      0.501961      0.019132      0.123339      1.557120      -0.238132      0.233314      
395      0.501961      0.019132      0.123339      1.557483      -0.234849      0.230029      
396      0.501961      0.019132      0.123339      1.557734      -0.232561      0.227740      
397      0.501961      0.019132      0.123339      1.557964      -0.230446      0.225623      
398      0.501961      0.019132      0.123339      1.558309      -0.227225      0.222400      
399      0.501961      0.019132      0.123339      1.558649      -0.224013      0.219185      
400      0.501961      0.019132      0.123339      1.558985      -0.220784      0.215955      
401      0.501961      0.019132      0.123339      1.559212      -0.218582      0.213751      
402      0.501961      0.019132      0.123339      1.559539      -0.215361      0.210528      
403      0.501961      0.019132      0.123339      1.559529      -0.215463      0.210630      
404      0.501961      0.019132      0.123339      1.559760      -0.213166      0.208332      
405      0.501961      0.019132      0.123339      1.560518      -0.205438      0.200599      
406      0.501961      0.019132      0.123339      1.561357      -0.196532      0.191688      
407      0.501961      0.019132      0.123339      1.562182      -0.187359      0.182509      
408      0.501961      0.019132      0.123339      1.562946      -0.178444      0.173588      
409      0.501961      0.019132      0.123339      1.563489      -0.171833      0.166974      
410      0.501961      0.019132      0.123339      1.564019      -0.165127      0.160264      
411      0.501961      0.019132      0.123339      1.564515      -0.158601      0.153734      
412      0.501961      0.019132      0.123339      1.564737      -0.155589      0.150721      
413      0.501961      0.019132      0.123339      1.565112      -0.150356      0.145485      
414      0.501961      0.019132      0.123339      1.565242      -0.148513      0.143641      
415      0.501961      0.019132      0.123339      1.565654      -0.142472      0.137597      
416      0.501961      0.019132      0.123339      1.566074      -0.136062      0.131183      
417      0.501961      0.019132      0.123339      1.566299      -0.132500      0.127619      
418      0.501961      0.019132      0.123339      1.566689      -0.126073      0.121190      
419      0.501961      0.019132      0.123339      1.566826      -0.123743      0.118858      
420      0.501961      0.019132      0.123339      1.567223      -0.116727      0.111839      
421      0.501961      0.019132      0.123339      1.567257      -0.116099      0.111211      
422      0.501961      0.019132      0.123339      1.567311      -0.115103      0.110214      
423      0.501961      0.019132      0.123339      1.567537      -0.110865      0.105974      
424      0.501961      0.019132      0.123339      1.567570      -0.110221      0.105330      
425      0.501961      0.019132      0.123339      1.567736      -0.106980      0.102087      
426      0.501961      0.019132      0.123339      1.567751      -0.106689      0.101796      
427      0.501961      0.019132      0.123339      1.568078      -0.099979      0.095083      
428      0.501961      0.019132      0.123339      1.568402      -0.092860      0.087960      
429      0.501961      0.019132      0.123339      1.568522      -0.090073      0.085172      
430      0.501961      0.019132      0.123339      1.568802      -0.083259      0.078356      
431      0.501961      0.019132      0.123339      1.568881      -0.081218      0.076314      
432      0.501961      0.019132      0.123339      1.569141      -0.074169      0.069261      
433      0.501961      0.019132      0.123339      1.569198      -0.072513      0.067604      
434      0.501961      0.019132      0.123339      1.569346      -0.068093      0.063182      
435      0.501961      0.019132      0.123339      1.569448      -0.064874      0.059962      
436      0.501961      0.019132      0.123339      1.569615      -0.059229      0.054315      
437      0.501961      0.019132      0.123339      1.569712      -0.055704      0.050789      
438      0.501961      0.019132      0.123339      1.569807      -0.052014      0.047097      
439      0.501961      0.019132      0.123339      1.569857      -0.049957      0.045039      
440      0.501961      0.019132      0.123339      1.569939      -0.046408      0.041489      
441      0.501961      0.019132      0.123339      1.570007      -0.043259      0.038339      
442      0.501961      0.019132      0.123339      1.570072      -0.040040      0.035119      
443      0.501961      0.019132      0.123339      1.570091      -0.039051      0.034129      
444      0.501961      0.019132      0.123339      1.570189      -0.033539      0.028615      
445      0.501961      0.019132      0.123339      1.570239      -0.030319      0.025394      
446      0.501961      0.019132      0.123339      1.570300      -0.025898      0.020972      
447      0.501961      0.019132      0.123339      1.570353      -0.021470      0.016542      
448      0.501961      0.019132      0.123339      1.570431      -0.012471      0.007540      
449      0.501961      0.019132      0.123339      1.570470      -0.004210      -0.000724      
450      0.501961      0.019132      0.123339      1.570478      0.000140      -0.005076      
451      0.501961      0.019132      0.123339      1.570475      0.005739      -0.010676      
452      0.501961      0.019132      0.123339      1.570458      0.011346      -0.016285      
453      0.501961      0.019132      0.123339      1.570426      0.016859      -0.021799      
454      0.501961      0.019132      0.123339      1.570426      0.016866      -0.021807      
455      0.501961      0.019132      0.123339      1.570426      0.016866      -0.021807      
456      0.501961      0.019132      0.123339      1.570426      0.016866      -0.021807      
457      0.501961      0.019132      0.123339      1.570427      0.016780      -0.021720      
458      0.501961      0.019132      0.123339      1.570426      0.016866      -0.021807      
459      0.501961      0.019132      0.123339      1.570434      0.015751      -0.020691      
460      0.501961      0.019132      0.123339      1.570428      0.016670      -0.021610      
461      0.501961      0.019132      0.123339      1.570440      0.014731      -0.019670      
462      0.501961      0.019132      0.123339      1.570446      0.013710      -0.018649      
463      0.501961      0.019132      0.123339      1.570446      0.013615      -0.018555      
464      0.501961      0.019132      0.123339      1.570457      0.011566      -0.016505      
465      0.501961      0.019132      0.123339      1.570464      0.009736      -0.014674      
466      0.501961      0.019132      0.123339      1.570474      0.006257      -0.011195      
467      0.501961      0.019132      0.123339      1.570478      0.002103      -0.007039      
468      0.501961      0.019132      0.123339      1.570440      -0.010979      0.006047      
469      0.501961      0.019132      0.123339      1.569510      -0.062825      0.057912      
470      0.501961      0.019132      0.123339      1.567337      -0.114632      0.109743      
471      0.501961      0.019132      0.123339      1.564354      -0.160750      0.155885      
472      0.501961      0.019132      0.123339      1.563454      -0.172264      0.167405      
473      0.501961      0.019132      0.123339      1.563332      -0.173770      0.168912      
474      0.501961      0.019132      0.123339      1.564302      -0.161440      0.156575      
475      0.501961      0.019132      0.123339      1.565658      -0.142417      0.137542      
476      0.501961      0.019132      0.123339      1.566496      -0.129283      0.124401      
477      0.501961      0.019132      0.123339      1.566214      -0.133849      0.128970      
478      0.501961      0.019132      0.123339      1.566401      -0.130836      0.125955      
479      0.501961      0.019132      0.123339      1.566525      -0.128804      0.123922      
480      0.501961      0.019132      0.123339      1.567100      -0.118948      0.114061      
481      0.501961      0.019132      0.123339      1.567806      -0.105591      0.100697      
482      0.502221      0.019182      0.123429      1.568143      -0.098582      0.093685      
483      0.502161      0.019152      0.123099      1.568369      -0.093613      0.088714      
484      0.502191      0.019072      0.123029      1.568515      -0.090254      0.085353      
485      0.502261      0.019012      0.123059      1.568813      -0.082969      0.078065      
486      0.502251      0.018862      0.122929      1.568953      -0.079334      0.074429      
487      0.502121      0.018572      0.122729      1.569244      -0.071178      0.066269      
488      0.502201      0.018372      0.122739      1.569386      -0.066852      0.061942      
489      0.502461      0.017892      0.122779      1.569576      -0.060595      0.055682      
490      0.502661      0.017492      0.122769      1.569748      -0.054322      0.049406      
491      0.502911      0.017162      0.122819      1.569916      -0.047460      0.042541      
492      0.503061      0.016852      0.122749      1.569909      -0.047750      0.042832      
493      0.503131      0.016742      0.122789      1.569932      -0.046753      0.041834      
494      0.503221      0.016672      0.122819      1.569922      -0.047185      0.042266      
495      0.503281      0.016612      0.122839      1.569943      -0.046258      0.041340      
496      0.503321      0.016522      0.122839      1.570036      -0.041846      0.036925      
497      0.503381      0.016512      0.122899      1.570073      -0.040016      0.035095      
498      0.503541      0.016492      0.123019      1.570174      -0.034394      0.029471      
499      0.503601      0.016502      0.123049      1.570254      -0.029306      0.024381      
500      0.503581      0.016512      0.123029      1.570352      -0.021478      0.016550      
501      0.503571      0.016522      0.123009      1.570404      -0.016036      0.011106      
502      0.503561      0.016562      0.123089      1.570477      -0.000653      -0.004282      
503      0.503691      0.016582      0.123259      1.570474      0.006053      -0.010990      
504      0.503601      0.016592      0.123189      1.570442      0.014330      -0.019270      
505      0.503561      0.016592      0.123169      1.570419      0.017911      -0.022852      
506      0.503551      0.016622      0.123179      1.570360      0.024452      -0.029395      
507      0.503541      0.016652      0.123259      1.570296      0.029925      -0.034870      
508      0.503521      0.016702      0.123279      1.570236      0.034229      -0.039174      
509      0.503511      0.016692      0.123279      1.570251      0.033231      -0.038176      
510      0.503481      0.016732      0.123269      1.570181      0.037715      -0.042661      
511      0.503451      0.016762      0.123259      1.570123      0.041021      -0.045968      
512      0.503461      0.016762      0.123299      1.570082      0.043220      -0.048167      
513      0.503451      0.016742      0.123279      1.570079      0.043400      -0.048348      
514      0.503381      0.016732      0.123209      1.570026      0.046078      -0.051026      
515      0.503481      0.016772      0.123319      1.569923      0.050852      -0.055802      
516      0.503481      0.016772      0.123319      1.569901      0.051787      -0.056736      
517      0.503441      0.016812      0.123299      1.569791      0.056372      -0.061323      
518      0.503491      0.016832      0.123369      1.569655      0.061508      -0.066460      
519      0.503521      0.016862      0.123399      1.569506      0.066690      -0.071643      
520      0.503511      0.016862      0.123389      1.569401      0.070090      -0.075044      
521      0.503511      0.016862      0.123459      1.569299      0.073254      -0.078209      
522      0.503471      0.016862      0.123409      1.569215      0.075751      -0.080706      
523      0.503431      0.016822      0.123379      1.569125      0.078318      -0.083274      
524      0.503421      0.016822      0.123399      1.569044      0.080595      -0.085552      
525      0.503401      0.016812      0.123399      1.568826      0.086358      -0.091316      
526      0.503461      0.016802      0.123439      1.568663      0.090409      -0.095368      
527      0.503461      0.016782      0.123439      1.568621      0.091438      -0.096396      
528      0.503441      0.016772      0.123409      1.568332      0.098158      -0.103118      
529      0.503491      0.016722      0.123459      1.568088      0.103481      -0.108441      
530      0.503501      0.016712      0.123459      1.567934      0.106692      -0.111653      
531      0.503501      0.016712      0.123439      1.567934      0.106700      -0.111661      
532      0.503511      0.016682      0.123459      1.567771      0.110005      -0.114966      
533      0.503581      0.016652      0.123509      1.567678      0.111841      -0.116803      
534      0.503611      0.016652      0.123569      1.567575      0.113843      -0.118805      
535      0.503671      0.016662      0.123609      1.567598      0.113404      -0.118366      
536      0.503681      0.016642      0.123659      1.567656      0.112273      -0.117235      
537      0.503691      0.016622      0.123739      1.567719      0.111041      -0.116002      
538      0.503701      0.016572      0.123769      1.567545      0.114416      -0.119378      
539      0.503821      0.016492      0.123809      1.567625      0.112878      -0.117840      
540      0.503671      0.016372      0.123659      1.567617      0.113035      -0.117997      
541      0.503681      0.016302      0.123659      1.567497      0.115335      -0.120297      
542      0.503611      0.016272      0.123549      1.567408      0.117014      -0.121977      
543      0.503501      0.016202      0.123409      1.567355      0.118019      -0.122982      
544      0.503481      0.016162      0.123399      1.567341      0.118278      -0.123241      
545      0.503521      0.016102      0.123439      1.567346      0.118176      -0.123139      
546      0.503581      0.016062      0.123389      1.567178      0.121261      -0.126224      
547      0.503891      0.016052      0.123579      1.567224      0.120413      -0.125376      
548      0.504041      0.016002      0.123649      1.567214      0.120610      -0.125573      
549      0.504241      0.015762      0.123709      1.567312      0.118812      -0.123775      
550      0.504471      0.015362      0.123769      1.567103      0.122611      -0.127575      
551      0.505051      0.014862      0.124009      1.567064      0.123294      -0.128258      
552      0.505381      0.014322      0.124039      1.566859      0.126881      -0.131845      
553      0.505881      0.013912      0.124249      1.566931      0.125633      -0.130597      
554      0.505951      0.013692      0.124189      1.566732      0.129055      -0.134020      
555      0.506071      0.013652      0.124239      1.566899      0.126198      -0.131162      
556      0.505951      0.013762      0.124169      1.566740      0.128930      -0.133894      
557      0.506081      0.013912      0.124289      1.566674      0.130036      -0.135001      
558      0.506081      0.013962      0.124279      1.566687      0.129817      -0.134781      
559      0.506101      0.013952      0.124289      1.566561      0.131936      -0.136900      
560      0.506311      0.013962      0.124419      1.566453      0.133718      -0.138682      
561      0.506391      0.013972      0.124409      1.566140      0.138733      -0.143698      
562      0.506451      0.014052      0.124409      1.565891      0.142602      -0.147568      
563      0.506551      0.014152      0.124429      1.565881      0.142767      -0.147732      
564      0.506521      0.014252      0.124359      1.565519      0.148197      -0.153164      
565      0.506861      0.014402      0.124629      1.565479      0.148794      -0.153760      
566      0.506891      0.014542      0.124659      1.565133      0.153777      -0.158744      
567      0.507001      0.014682      0.124769      1.564902      0.157025      -0.161993      
568      0.507081      0.014772      0.124829      1.564713      0.159638      -0.164606      
569      0.507221      0.014892      0.124909      1.564641      0.160619      -0.165587      
570      0.507261      0.014962      0.124939      1.564514      0.162330      -0.167298      
571      0.507291      0.015032      0.124929      1.564545      0.161906      -0.166874      
572      0.507281      0.015092      0.124879      1.564297      0.165225      -0.170193      
573      0.507371      0.015192      0.124949      1.564112      0.167649      -0.172618      
574      0.507411      0.015282      0.124979      1.563900      0.170380      -0.175348      
575      0.507421      0.015342      0.124929      1.563652      0.173526      -0.178495      
576      0.507561      0.015422      0.125019      1.563484      0.175621      -0.180589      
577      0.507581      0.015462      0.125019      1.563052      0.180892      -0.185862      
578      0.507581      0.015442      0.124999      1.562860      0.183199      -0.188168      
579      0.507551      0.015432      0.124979      1.562572      0.186588      -0.191557      
580      0.507551      0.015432      0.124979      1.562382      0.188792      -0.193761      
581      0.507521      0.015442      0.124979      1.562179      0.191114      -0.196083      
582      0.507491      0.015442      0.124949      1.561864      0.194667      -0.199636      
583      0.507491      0.015442      0.124949      1.561774      0.195671      -0.200640      
584      0.507491      0.015442      0.124949      1.561474      0.198980      -0.203950      
585      0.507491      0.015442      0.124949      1.561261      0.201286      -0.206256      
586      0.507491      0.015442      0.124949      1.560841      0.205772      -0.210742      
587      0.507491      0.015442      0.124949      1.560958      0.204541      -0.209511      
588      0.507491      0.015442      0.124949      1.560598      0.208329      -0.213299      
589      0.507491      0.015442      0.124949      1.560614      0.208156      -0.213126      
590      0.507491      0.015442      0.124949      1.560407      0.210305      -0.215275      
591      0.507491      0.015442      0.124949      1.560408      0.210297      -0.215267      
592      0.507491      0.015442      0.124949      1.560243      0.211999      -0.216969      
593      0.507491      0.015442      0.124949      1.560071      0.213755      -0.218725      
594      0.507491      0.015442      0.124949      1.560127      0.213183      -0.218153      
595      0.507491      0.015442      0.124949      1.559834      0.216147      -0.221117      
596      0.507491      0.015442      0.124949      1.559550      0.218977      -0.223947      
597      0.507491      0.015442      0.124949      1.559378      0.220678      -0.225649      
598      0.507491      0.015442      0.124949      1.559259      0.221847      -0.226817      
599      0.507491      0.015442      0.124949      1.559415      0.220318      -0.225288      
600      0.507491      0.015442      0.124949      1.559155      0.222858      -0.227828      
601      0.507491      0.015442      0.124949      1.558739      0.226872      -0.231842      
602      0.507491      0.015442      0.124949      1.558905      0.225281      -0.230251      
603      0.507491      0.015442      0.124949      1.558540      0.228769      -0.233739      
604      0.507491      0.015442      0.124949      1.558528      0.228887      -0.233857      
605      0.507491      0.015442      0.124949      1.558417      0.229937      -0.234907      
606      0.507491      0.015442      0.124949      1.558319      0.230855      -0.235825      
607      0.507491      0.015442      0.124949      1.558467      0.229459      -0.234429      
608      0.507491      0.015442      0.124949      1.558119      0.232728      -0.237698      
609      0.507491      0.015442      0.124949      1.557994      0.233888      -0.238858      
610      0.507491      0.015442      0.124949      1.557795      0.235730      -0.240700      
611      0.507491      0.015442      0.124949      1.557645      0.237102      -0.242072      
612      0.507491      0.015442      0.124949      1.557577      0.237721      -0.242691      
613      0.507491      0.015442      0.124949      1.557255      0.240645      -0.245615      
614      0.507491      0.015442      0.124949      1.556800      0.244705      -0.249675      
615      0.507491      0.015442      0.124949      1.556695      0.245638      -0.250607      
616      0.507491      0.015442      0.124949      1.556523      0.247150      -0.252120      
617      0.507491      0.015442      0.124949      1.555763      0.253725      -0.258694      
618      0.507491      0.015442      0.124949      1.555485      0.256084      -0.261053      
619      0.507491      0.015442      0.124949      1.555464      0.256264      -0.261233      
620      0.507491      0.015442      0.124949      1.555322      0.257455      -0.262424      
621      0.507491      0.015442      0.124949      1.555013      0.260041      -0.265010      
622      0.507491      0.015442      0.124949      1.554871      0.261224      -0.266193      
623      0.507491      0.015442      0.124949      1.554484      0.264413      -0.269381      
624      0.507491      0.015442      0.124949      1.554381      0.265251      -0.270220      
625      0.507491      0.015442      0.124949      1.554557      0.263809      -0.268778      
626      0.507491      0.015442      0.124949      1.554232      0.266465      -0.271434      
627      0.507491      0.015442      0.124949      1.554269      0.266160      -0.271128      
628      0.507491      0.015442      0.124949      1.554135      0.267249      -0.272217      
629      0.507491      0.015442      0.124949      1.554158      0.267069      -0.272037      
630      0.507491      0.015442      0.124949      1.554173      0.266943      -0.271912      
631      0.507491      0.015442      0.124949      1.553928      0.268918      -0.273886      
632      0.507491      0.015442      0.124949      1.553933      0.268878      -0.273847      
633      0.507491      0.015442      0.124949      1.553718      0.270602      -0.275570      
634      0.507491      0.015442      0.124949      1.553510      0.272263      -0.277230      
635      0.507491      0.015442      0.124949      1.552950      0.276673      -0.281640      
636      0.507491      0.015442      0.124949      1.552601      0.279391      -0.284358      
637      0.507491      0.015442      0.124949      1.551816      0.285398      -0.290364      
638      0.507491      0.015442      0.124949      1.551098      0.290778      -0.295744      
639      0.507491      0.015442      0.124949      1.550678      0.293886      -0.298852      
640      0.507491      0.015442      0.124949      1.550350      0.296282      -0.301248      
641      0.507491      0.015442      0.124949      1.550338      0.296368      -0.301334      
642      0.507491      0.015442      0.124949      1.549170      0.304761      -0.309726      
643      0.507491      0.015442      0.124949      1.548936      0.306413      -0.311377      
644      0.507491      0.015442      0.124949      1.548313      0.310765      -0.315729      
645      0.507491      0.015442      0.124949      1.547693      0.315039      -0.320002      
646      0.507491      0.015442      0.124949      1.546364      0.324007      -0.328969      
647      0.507491      0.015442      0.124949      1.546325      0.324265      -0.329227      
648      0.507491      0.015442      0.124949      1.546162      0.325345      -0.330307      
649      0.507491      0.015442      0.124949      1.546685      0.321863      -0.326825      
650      0.507491      0.015442      0.124949      1.546994      0.319789      -0.324752      
651      0.507491      0.015442      0.124949      1.547468      0.316581      -0.321543      
652      0.507491      0.015442      0.124949      1.547594      0.315720      -0.320683      
653      0.507491      0.015442      0.124949      1.547456      0.316659      -0.321622      
654      0.507491      0.015442      0.124949      1.547450      0.316698      -0.321661      
655      0.507491      0.015442      0.124949      1.547439      0.316776      -0.321739      
656      0.507491      0.015442      0.124949      1.547949      0.313286      -0.318249      
657      0.507491      0.015442      0.124949      1.548865      0.306914      -0.311878      
658      0.507491      0.015442      0.124949      1.549962      0.299101      -0.304066      
659      0.507491      0.015442      0.124949      1.551140      0.290472      -0.295439      
660      0.507491      0.015442      0.124949      1.551640      0.286729      -0.291696      
661      0.507491      0.015442      0.124949      1.551724      0.286095      -0.291061      
662      0.507491      0.015442      0.124949      1.551953      0.284356      -0.289323      
663      0.507491      0.015442      0.124949      1.551743      0.285946      -0.290913      
664      0.507491      0.015442      0.124949      1.551451      0.288147      -0.293113      
665      0.507491      0.015442      0.124949      1.551598      0.287042      -0.292009      
666      0.507491      0.015442      0.124949      1.551633      0.286776      -0.291743      
667      0.507491      0.015442      0.124949      1.551588      0.287121      -0.292087      
668      0.507491      0.015442      0.124949      1.552082      0.283377      -0.288344      
669      0.507491      0.015442      0.124949      1.554921      0.260809      -0.265777      
670      0.507491      0.015442      0.124949      1.558409      0.230008      -0.234978      
671      0.507491      0.015442      0.124949      1.560428      0.210093      -0.215063      
672      0.507491      0.015442      0.124949      1.563169      0.179480      -0.184449      
673      0.507491      0.015442      0.124949      1.564745      0.159199      -0.164166      
674      0.507491      0.015442      0.124949      1.565540      0.147891      -0.152858      
675      0.507491      0.015442      0.124949      1.566223      0.137422      -0.142387      
676      0.507491      0.015442      0.124949      1.566656      0.130350      -0.135315      
677      0.507491      0.015442      0.124949      1.566974      0.124880      -0.129843      
678      0.507491      0.015442      0.124949      1.567795      0.109534      -0.114495      
679      0.507491      0.015442      0.124949      1.568173      0.101652      -0.106612      
680      0.507491      0.015442      0.124949      1.568642      0.090935      -0.095894      
681      0.507491      0.015442      0.124949      1.569155      0.077470      -0.082426      
682      0.507491      0.015442      0.124949      1.569638      0.062112      -0.067065      
683      0.507491      0.015442      0.124949      1.570038      0.045473      -0.050422      
684      0.507491      0.015442      0.124949      1.570378      0.022670      -0.027612      
685      0.507491      0.015442      0.124949      1.570464      -0.005961      0.001028      
686      0.507491      0.015442      0.124949      1.570284      -0.027163      0.022237      
687      0.507491      0.015442      0.124949      1.569969      -0.045081      0.040161      
688      0.507491      0.015442      0.124949      1.569725      -0.055193      0.050278      
689      0.507491      0.015442      0.124949      1.569227      -0.071673      0.066764      
690      0.507491      0.015442      0.124949      1.568693      -0.085975      0.081073      
691      0.507491      0.015442      0.124949      1.568214      -0.097043      0.092146      
692      0.507491      0.015442      0.124949      1.567874      -0.104209      0.099315      
693      0.507491      0.015442      0.124949      1.567632      -0.109036      0.104144      
694      0.507491      0.015442      0.124949      1.566414      -0.130632      0.125751      
695      0.507491      0.015442      0.124949      1.565760      -0.140879      0.136003      
696      0.507491      0.015442      0.124949      1.565105      -0.150466      0.145595      
697      0.507491      0.015442      0.124949      1.563122      -0.176334      0.171478      
698      0.507491      0.015442      0.124949      1.561718      -0.192573      0.187726      
699      0.507491      0.015442      0.124949      1.560971      -0.200680      0.195838      
700      0.507491      0.015442      0.124949      1.560312      -0.207562      0.202724      
701      0.507491      0.015442      0.124949      1.559595      -0.214804      0.209971      
702      0.507491      0.015442      0.124949      1.559032      -0.220330      0.215500      
703      0.507491      0.015442      0.124949      1.558288      -0.227421      0.222596      
704      0.507491      0.015442      0.124949      1.555390      -0.253156      0.248348      
705      0.507491      0.015442      0.124949      1.554282      -0.262326      0.257525      
706      0.507201      0.015442      0.125169      1.552004      -0.280231      0.275442      
707      0.506771      0.015392      0.125459      1.550170      -0.293857      0.289078      
708      0.506241      0.015302      0.125879      1.547719      -0.311123      0.306358      
709      0.505301      0.015152      0.126119      1.545214      -0.327819      0.323067      
710      0.503931      0.015032      0.126709      1.540794      -0.355354      0.350625      
711      0.502931      0.014892      0.127209      1.537948      -0.371984      0.367269      
712      0.502211      0.014792      0.127239      1.537250      -0.375951      0.371239      
713      0.501331      0.014692      0.127439      1.534486      -0.391252      0.386553      
714      0.500671      0.014602      0.127709      1.530264      -0.413510      0.408832      
715      0.499551      0.014462      0.127799      1.528877      -0.420560      0.415888      
716      0.498501      0.014312      0.128519      1.522478      -0.451616      0.446974      
717      0.497321      0.014132      0.128819      1.519555      -0.465096      0.460467      
718      0.496251      0.013962      0.129199      1.516081      -0.480607      0.475995      
719      0.495781      0.013882      0.129439      1.513679      -0.491039      0.486437      
720      0.494741      0.013652      0.129939      1.508124      -0.514314      0.509737      
721      0.493511      0.013422      0.130369      1.503133      -0.534329      0.529775      
722      0.492241      0.013162      0.130789      1.497992      -0.554157      0.549625      
723      0.491161      0.012972      0.131019      1.493863      -0.569557      0.565042      
724      0.490101      0.012782      0.131029      1.490256      -0.582661      0.578162      
725      0.489051      0.012632      0.130899      1.485272      -0.600270      0.595792      
726      0.488471      0.012542      0.130929      1.482802      -0.608798      0.604330      
727      0.487961      0.012422      0.131049      1.479215      -0.620956      0.616504      
728      0.487661      0.012352      0.131079      1.477120      -0.627945      0.623502      
729      0.486881      0.012172      0.131029      1.473981      -0.638261      0.633831      
730      0.486011      0.011982      0.130939      1.470299      -0.650139      0.645724      
731      0.485221      0.011872      0.130839      1.465239      -0.666090      0.661696      
732      0.484401      0.011722      0.130659      1.460560      -0.680486      0.676111      
733      0.483611      0.011582      0.130519      1.456412      -0.692975      0.688617      
734      0.482511      0.011502      0.130629      1.451099      -0.708626      0.704290      
735      0.481691      0.011432      0.130709      1.448558      -0.715981      0.711655      
736      0.481301      0.011402      0.130729      1.446690      -0.721333      0.717015      
737      0.480421      0.011382      0.130789      1.442977      -0.731848      0.727545      
738      0.479421      0.011352      0.130909      1.440285      -0.739369      0.735076      
739      0.478391      0.011332      0.131139      1.437467      -0.747155      0.742874      
740      0.477321      0.011292      0.131279      1.434034      -0.756518      0.752250      
741      0.476091      0.011232      0.131369      1.430428      -0.766220      0.761967      
742      0.473811      0.011062      0.131409      1.424099      -0.782925      0.778697      
743      0.472201      0.011002      0.131699      1.419710      -0.794278      0.790067      
744      0.471381      0.011012      0.131889      1.417508      -0.799909      0.795707      
745      0.469691      0.010992      0.132119      1.414109      -0.808512      0.804324      
746      0.468181      0.010952      0.132059      1.411221      -0.815743      0.811566      
747      0.466721      0.010902      0.131879      1.408399      -0.822740      0.818574      
748      0.465471      0.010822      0.131769      1.405885      -0.828918      0.824761      
749      0.464361      0.010672      0.131699      1.402624      -0.836854      0.832711      
750      0.463341      0.010502      0.131569      1.399208      -0.845076      0.840946      
751      0.462391      0.010352      0.131429      1.395139      -0.854756      0.850642      
752      0.461001      0.010142      0.131059      1.387530      -0.872528      0.868443      
753      0.460141      0.010042      0.130849      1.381759      -0.885737      0.881675      
754      0.459331      0.009952      0.130659      1.375220      -0.900436      0.896399      
755      0.458921      0.009902      0.130549      1.371925      -0.907737      0.903713      
756      0.458081      0.009742      0.130349      1.364816      -0.923266      0.919269      
757      0.457181      0.009592      0.130129      1.359321      -0.935066      0.931089      
758      0.456171      0.009422      0.129909      1.354469      -0.945341      0.941383      
759      0.455131      0.009242      0.129769      1.350071      -0.954541      0.950600      
760      0.454001      0.009032      0.129549      1.345396      -0.964210      0.960287      
761      0.452171      0.008702      0.129179      1.336795      -0.981706      0.977815      
762      0.450901      0.008472      0.128909      1.331831      -0.991637      0.987765      
763      0.449511      0.008252      0.128599      1.325466      -1.004199      1.000351      
764      0.448841      0.008152      0.128489      1.321320      -1.012283      1.008450      
