99      0.440031      0.022952      0.123829      1.321122      -1.012666      1.008834      
100      0.440571      0.023392      0.123339      1.324763      -1.005576      1.001730      
101      0.441321      0.023842      0.122679      1.327803      -0.999609      0.995753      
102      0.442251      0.024452      0.122049      1.333479      -0.988352      0.984474      
103      0.442841      0.024772      0.121759      1.334459      -0.986394      0.982512      
104      0.443481      0.025172      0.121489      1.336304      -0.982693      0.978804      
105      0.444141      0.025592      0.121109      1.340328      -0.974565      0.970660      
106      0.444731      0.025992      0.120699      1.342596      -0.969947      0.966034      
107      0.445501      0.026502      0.120059      1.347261      -0.960366      0.956436      
108      0.446441      0.027102      0.119439      1.351065      -0.952471      0.948526      
109      0.447141      0.027532      0.118959      1.354073      -0.946173      0.942217      
110      0.447691      0.027902      0.118509      1.357295      -0.939372      0.935404      
111      0.448381      0.028222      0.118099      1.359200      -0.935323      0.931347      
112      0.449041      0.028652      0.117699      1.362353      -0.928577      0.924589      
113      0.450151      0.029192      0.117049      1.365726      -0.921296      0.917295      
114      0.450861      0.029542      0.116759      1.367713      -0.916975      0.912967      
115      0.451591      0.029942      0.116519      1.369534      -0.912994      0.908979      
116      0.452211      0.030282      0.116219      1.370209      -0.911515      0.907497      
117      0.452821      0.030762      0.115839      1.373908      -0.903351      0.899319      
118      0.453441      0.031072      0.115519      1.375100      -0.900702      0.896665      
119      0.454191      0.031522      0.115139      1.377961      -0.894308      0.890260      
120      0.454831      0.031892      0.114749      1.381997      -0.885197      0.881134      
121      0.455411      0.032162      0.114479      1.383713      -0.881290      0.877220      
122      0.456311      0.032632      0.114019      1.387735      -0.872056      0.867970      
123      0.456861      0.032892      0.113719      1.389889      -0.867063      0.862969      
124      0.457561      0.033212      0.113289      1.393290      -0.859114      0.855007      
125      0.458161      0.033452      0.112929      1.395847      -0.853080      0.848963      
126      0.458951      0.033832      0.112489      1.398204      -0.847478      0.843352      
127      0.459901      0.034242      0.112009      1.401560      -0.839425      0.835286      
128      0.460611      0.034532      0.111729      1.402851      -0.836305      0.832161      
129      0.461281      0.034802      0.111479      1.403716      -0.834207      0.830059      
130      0.461791      0.035032      0.111279      1.406119      -0.828345      0.824188      
131      0.462401      0.035412      0.110969      1.407953      -0.823840      0.819676      
132      0.463071      0.035672      0.110629      1.409783      -0.819318      0.815147      
133      0.464001      0.036072      0.110219      1.412910      -0.811524      0.807341      
134      0.464891      0.036362      0.109899      1.414728      -0.806953      0.802762      
135      0.465511      0.036572      0.109749      1.416286      -0.803015      0.798818      
136      0.466411      0.036852      0.109449      1.417631      -0.799596      0.795393      
137      0.467151      0.037152      0.109239      1.418246      -0.798027      0.793823      
138      0.467991      0.037532      0.108979      1.421254      -0.790306      0.786089      
139      0.468811      0.037882      0.108759      1.422526      -0.787014      0.782792      
140      0.469491      0.038172      0.108589      1.424225      -0.782595      0.778367      
141      0.470151      0.038412      0.108489      1.426088      -0.777716      0.773480      
142      0.470951      0.038662      0.108409      1.426050      -0.777815      0.773580      
143      0.471841      0.038932      0.108209      1.427623      -0.773670      0.769428      
144      0.473031      0.039242      0.108029      1.429320      -0.769171      0.764922      
145      0.473671      0.039452      0.107889      1.430709      -0.765468      0.761214      
146      0.474141      0.039642      0.107709      1.432899      -0.759586      0.755323      
147      0.474781      0.039892      0.107389      1.434518      -0.755206      0.750936      
148      0.475281      0.040092      0.107129      1.436296      -0.750363      0.746087      
149      0.476081      0.040372      0.106639      1.439563      -0.741373      0.737084      
150      0.476701      0.040572      0.106309      1.441578      -0.735766      0.731469      
151      0.477221      0.040772      0.106019      1.444338      -0.728013      0.723705      
152      0.477881      0.040922      0.105709      1.446359      -0.722279      0.717962      
153      0.478541      0.041072      0.105429      1.447290      -0.719618      0.715298      
154      0.479411      0.041332      0.105049      1.451128      -0.708541      0.704205      
155      0.479951      0.041512      0.104759      1.452294      -0.705140      0.700799      
156      0.480681      0.041782      0.104369      1.454023      -0.700059      0.695711      
157      0.480991      0.041902      0.104189      1.456053      -0.694046      0.689689      
158      0.481421      0.041982      0.104099      1.457677      -0.689193      0.684830      
159      0.481881      0.042022      0.104119      1.458980      -0.685271      0.680903      
160      0.482341      0.041952      0.104269      1.463147      -0.672568      0.668183      
161      0.482771      0.041922      0.104219      1.465410      -0.665558      0.661163      
162      0.483051      0.041912      0.104049      1.468958      -0.654408      0.649998      
163      0.483321      0.041962      0.103859      1.470770      -0.648633      0.644216      
164      0.483621      0.042112      0.103509      1.474261      -0.637349      0.632918      
165      0.483691      0.042162      0.103329      1.477834      -0.625572      0.621125      
166      0.484171      0.042292      0.103079      1.481207      -0.614236      0.609775      
167      0.484351      0.042332      0.103049      1.485406      -0.599805      0.595327      
168      0.484681      0.042352      0.103109      1.487829      -0.591304      0.586816      
169      0.485161      0.042442      0.103019      1.489627      -0.584915      0.580419      
170      0.485331      0.042562      0.102859      1.493676      -0.570247      0.565733      
171      0.485541      0.042672      0.102749      1.495230      -0.564510      0.559990      
172      0.485861      0.042882      0.102619      1.498025      -0.554033      0.549500      
173      0.486011      0.043042      0.102629      1.499223      -0.549479      0.544941      
174      0.486311      0.043142      0.102679      1.499870      -0.547004      0.542463      
175      0.486351      0.043162      0.102729      1.501490      -0.540749      0.536201      
176      0.486491      0.043182      0.102759      1.503187      -0.534120      0.529565      
177      0.486701      0.043172      0.102679      1.505140      -0.526378      0.521814      
178      0.486721      0.043112      0.102649      1.508067      -0.514547      0.509970      
179      0.487051      0.043052      0.102279      1.510856      -0.503005      0.498417      
180      0.487181      0.043052      0.101969      1.512961      -0.494111      0.489512      
181      0.487421      0.043082      0.101549      1.514002      -0.489646      0.485043      
182      0.487781      0.043122      0.101229      1.514537      -0.487336      0.482731      
183      0.487951      0.043162      0.101019      1.515716      -0.482210      0.477599      
184      0.488451      0.043232      0.100989      1.516257      -0.479837      0.475223      
185      0.488861      0.043302      0.101009      1.517706      -0.473417      0.468797      
186      0.489021      0.043322      0.101049      1.518515      -0.469797      0.465174      
187      0.489471      0.043442      0.100949      1.520007      -0.463040      0.458410      
188      0.489791      0.043492      0.100919      1.521285      -0.457169      0.452533      
189      0.490151      0.043592      0.100879      1.522122      -0.453283      0.448643      
190      0.490511      0.043702      0.100739      1.524065      -0.444122      0.439473      
191      0.491111      0.043862      0.100479      1.525604      -0.436727      0.432071      
192      0.491551      0.043942      0.100269      1.527051      -0.429658      0.424995      
193      0.491961      0.044062      0.100059      1.528272      -0.423593      0.418924      
194      0.492411      0.044132      0.099909      1.528940      -0.420240      0.415568      
195      0.492891      0.044262      0.099819      1.529945      -0.415140      0.410464      
196      0.493241      0.044342      0.099779      1.530268      -0.413487      0.408809      
197      0.493881      0.044532      0.099599      1.531988      -0.404571      0.399885      
198      0.494101      0.044532      0.099509      1.532870      -0.399921      0.395231      
199      0.494481      0.044622      0.099479      1.534165      -0.392992      0.388295      
200      0.494761      0.044602      0.099379      1.535330      -0.386647      0.381944      
201      0.495031      0.044622      0.099289      1.536171      -0.382002      0.377295      
202      0.495571      0.044692      0.098949      1.537384      -0.375193      0.370481      
203      0.495901      0.044782      0.098749      1.538635      -0.368040      0.363321      
204      0.496161      0.044792      0.098579      1.539611      -0.362362      0.357638      
205      0.496571      0.044802      0.098379      1.540090      -0.359542      0.354816      
206      0.496781      0.044832      0.098219      1.540660      -0.356151      0.351422      
207      0.497101      0.044812      0.098029      1.540856      -0.354979      0.350249      
208      0.497461      0.044822      0.097849      1.540784      -0.355409      0.350679      
209      0.497981      0.044932      0.097489      1.541184      -0.353010      0.348279      
210      0.498331      0.045022      0.097259      1.542000      -0.348056      0.343321      
211      0.498451      0.045052      0.097069      1.543555      -0.338420      0.333676      
212      0.498631      0.045102      0.096939      1.544535      -0.332198      0.327449      
213      0.498941      0.045182      0.096739      1.545650      -0.324973      0.320219      
214      0.498991      0.045212      0.096569      1.546817      -0.317239      0.312479      
215      0.499231      0.045342      0.096259      1.547687      -0.311342      0.306577      
216      0.499281      0.045392      0.096129      1.548040      -0.308917      0.304150      
217      0.499351      0.045462      0.095949      1.548341      -0.306829      0.302060      
218      0.499441      0.045562      0.095769      1.548580      -0.305170      0.300400      
219      0.499521      0.045752      0.095639      1.548880      -0.303066      0.298294      
220      0.499601      0.045892      0.095529      1.549251      -0.300445      0.295671      
221      0.499751      0.046262      0.095229      1.549766      -0.296767      0.291991      
222      0.499831      0.046432      0.095069      1.550295      -0.292949      0.288170      
223      0.500041      0.046742      0.094819      1.550301      -0.292902      0.288123      
224      0.500121      0.047002      0.094559      1.551150      -0.286657      0.281873      
225      0.500031      0.047412      0.094229      1.551579      -0.283448      0.278662      
226      0.500021      0.047562      0.094059      1.551594      -0.283338      0.278552      
227      0.499871      0.047862      0.093799      1.552062      -0.279793      0.275004      
228      0.499771      0.048112      0.093659      1.552013      -0.280168      0.275380      
229      0.499761      0.048492      0.093339      1.552442      -0.276881      0.272090      
230      0.499631      0.048772      0.093169      1.553231      -0.270735      0.265940      
231      0.499531      0.049042      0.092989      1.553497      -0.268629      0.263832      
232      0.499371      0.049362      0.092679      1.554751      -0.258481      0.253677      
233      0.499371      0.049502      0.092489      1.554935      -0.256962      0.252157      
234      0.499341      0.049692      0.092259      1.555262      -0.254229      0.249422      
235      0.499291      0.049792      0.092079      1.555831      -0.249412      0.244601      
236      0.499331      0.049912      0.091859      1.556001      -0.247955      0.243144      
237      0.499351      0.050052      0.091549      1.556658      -0.242229      0.237414      
238      0.499281      0.050152      0.091289      1.557010      -0.239111      0.234294      
239      0.499311      0.050212      0.091029      1.557310      -0.236424      0.231605      
240      0.499261      0.050362      0.090599      1.558222      -0.228040      0.223216      
241      0.499301      0.050432      0.090309      1.558618      -0.224303      0.219476      
242      0.499261      0.050512      0.090089      1.559140      -0.219279      0.214449      
243      0.499191      0.050552      0.089909      1.559454      -0.216207      0.211375      
244      0.499091      0.050602      0.089799      1.559846      -0.212304      0.207469      
245      0.498971      0.050682      0.089599      1.560381      -0.206857      0.202019      
246      0.498921      0.050742      0.089469      1.561040      -0.199935      0.195092      
247      0.498861      0.050762      0.089379      1.561516      -0.194792      0.189947      
248      0.498891      0.050792      0.089229      1.562112      -0.188151      0.183302      
249      0.498791      0.050832      0.089089      1.562676      -0.181651      0.176798      
250      0.498761      0.050892      0.088999      1.562992      -0.177902      0.173047      
251      0.498751      0.050922      0.088919      1.563270      -0.174538      0.169681      
252      0.498761      0.050932      0.088849      1.563541      -0.171189      0.166330      
253      0.498811      0.050952      0.088799      1.563696      -0.169244      0.164384      
254      0.498811      0.050962      0.088669      1.563992      -0.165472      0.160609      
255      0.498801      0.050982      0.088439      1.564375      -0.160468      0.155602      
256      0.498821      0.050992      0.088359      1.564538      -0.158287      0.153421      
257      0.498761      0.050982      0.088269      1.564829      -0.154318      0.149449      
258      0.498711      0.050962      0.088219      1.565090      -0.150678      0.145807      
259      0.498701      0.050922      0.088199      1.565403      -0.146183      0.141310      
260      0.498621      0.050892      0.088149      1.566021      -0.136878      0.132000      
261      0.498631      0.050872      0.088039      1.566003      -0.137160      0.132282      
262      0.498521      0.050852      0.087969      1.566166      -0.134610      0.129731      
263      0.498491      0.050832      0.087939      1.566283      -0.132751      0.127871      
264      0.498411      0.050802      0.087869      1.566517      -0.128945      0.124063      
265      0.498341      0.050792      0.087819      1.566691      -0.126034      0.121150      
266      0.498261      0.050762      0.087749      1.566790      -0.124363      0.119478      
267      0.498131      0.050712      0.087629      1.567216      -0.116845      0.111957      
268      0.498051      0.050682      0.087559      1.567442      -0.112670      0.107780      
269      0.497971      0.050642      0.087499      1.567594      -0.109774      0.104882      
270      0.497771      0.050602      0.087349      1.567841      -0.104876      0.099983      
271      0.497651      0.050592      0.087229      1.567839      -0.104931      0.100037      
272      0.497461      0.050512      0.087059      1.568071      -0.100120      0.095224      
273      0.497331      0.050442      0.086939      1.568229      -0.096729      0.091832      
274      0.497211      0.050342      0.086819      1.568420      -0.092444      0.087544      
275      0.497031      0.050232      0.086699      1.568714      -0.085450      0.080547      
276      0.496911      0.050162      0.086609      1.568971      -0.078840      0.073934      
277      0.496831      0.050092      0.086559      1.569069      -0.076179      0.071272      
278      0.496661      0.050022      0.086529      1.569261      -0.070683      0.065774      
279      0.496541      0.049982      0.086449      1.569461      -0.064450      0.059538      
280      0.496431      0.049932      0.086389      1.569730      -0.055013      0.050097      
281      0.496391      0.049922      0.086379      1.569835      -0.050883      0.045966      
282      0.496331      0.049872      0.086389      1.569988      -0.044170      0.039250      
283      0.496281      0.049872      0.086429      1.570028      -0.042286      0.037365      
284      0.496281      0.049872      0.086419      1.570072      -0.040071      0.035150      
285      0.496251      0.049882      0.086399      1.570156      -0.035486      0.030563      
286      0.496261      0.049882      0.086369      1.570142      -0.036287      0.031364      
287      0.496221      0.049832      0.086359      1.570280      -0.027430      0.022504      
288      0.496221      0.049812      0.086339      1.570300      -0.025946      0.021019      
289      0.496161      0.049792      0.086319      1.570353      -0.021431      0.016502      
290      0.496121      0.049752      0.086329      1.570367      -0.020111      0.015183      
291      0.496111      0.049692      0.086299      1.570398      -0.016743      0.011813      
292      0.496021      0.049572      0.086319      1.570423      -0.013570      0.008640      
293      0.496011      0.049492      0.086279      1.570433      -0.012204      0.007273      
294      0.495921      0.049332      0.086189      1.570461      -0.006825      0.001892      
295      0.495911      0.049272      0.086169      1.570469      -0.004548      -0.000386      
296      0.495841      0.049242      0.086169      1.570478      0.000611      -0.005547      
297      0.495851      0.049212      0.086169      1.570478      0.001813      -0.006749      
298      0.495791      0.049192      0.086139      1.570467      0.008739      -0.013677      
299      0.495741      0.049172      0.086129      1.570439      0.014864      -0.019804      
300      0.495741      0.049152      0.086159      1.570415      0.018453      -0.023394      
301      0.495681      0.049132      0.086289      1.570288      0.030561      -0.035506      
302      0.495741      0.049152      0.086349      1.570286      0.030726      -0.035671      
303      0.495711      0.049162      0.086389      1.570186      0.037409      -0.042355      
304      0.495651      0.049152      0.086389      1.570136      0.040307      -0.045253      
305      0.495651      0.049152      0.086329      1.570116      0.041437      -0.046384      
306      0.495611      0.049122      0.086299      1.569978      0.048379      -0.053328      
307      0.495641      0.049052      0.086299      1.569927      0.050680      -0.055629      
308      0.495651      0.049012      0.086319      1.569795      0.056192      -0.061143      
309      0.495591      0.048982      0.086259      1.569630      0.062403      -0.067355      
310      0.495521      0.048952      0.086189      1.569490      0.067216      -0.072169      
311      0.495331      0.048902      0.086019      1.569280      0.073812      -0.078766      
312      0.495331      0.048842      0.085909      1.569150      0.077620      -0.082575      
313      0.495301      0.048812      0.085859      1.568967      0.082668      -0.087625      
314      0.495321      0.048762      0.085859      1.568918      0.083964      -0.088920      
315      0.495291      0.048702      0.085829      1.568825      0.086382      -0.091339      
316      0.495271      0.048642      0.085819      1.568716      0.089122      -0.094080      
317      0.495291      0.048632      0.085829      1.568662      0.090441      -0.095399      
318      0.495241      0.048612      0.085799      1.568467      0.095073      -0.100032      
319      0.495291      0.048562      0.085799      1.568297      0.098935      -0.103895      
320      0.495311      0.048552      0.085799      1.568154      0.102060      -0.107020      
321      0.495321      0.048532      0.085799      1.568051      0.104266      -0.109227      
322      0.495331      0.048482      0.085819      1.567828      0.108866      -0.113828      
323      0.495321      0.048412      0.085859      1.567430      0.116614      -0.121577      
324      0.495351      0.048332      0.085859      1.567241      0.120115      -0.125078      
325      0.495251      0.048292      0.085769      1.566702      0.129573      -0.134538      
326      0.495261      0.048212      0.085739      1.566608      0.131143      -0.136108      
327      0.495281      0.048102      0.085739      1.566466      0.133506      -0.138470      
328      0.495301      0.048042      0.085669      1.566323      0.135829      -0.140794      
329      0.495241      0.047982      0.085589      1.565851      0.143222      -0.148188      
330      0.495261      0.047942      0.085589      1.565759      0.144619      -0.149585      
331      0.495231      0.047892      0.085579      1.565246      0.152176      -0.157143      
332      0.495241      0.047782      0.085539      1.564683      0.160039      -0.165006      
333      0.495291      0.047702      0.085519      1.564606      0.161082      -0.166050      
334      0.495301      0.047512      0.085539      1.564093      0.167885      -0.172853      
335      0.495291      0.047432      0.085489      1.563896      0.170427      -0.175395      
336      0.495231      0.047322      0.085409      1.563657      0.173463      -0.178432      
337      0.495151      0.047222      0.085369      1.563348      0.177299      -0.182268      
338      0.495161      0.047112      0.085319      1.563222      0.178837      -0.183806      
339      0.495141      0.047022      0.085299      1.562853      0.183277      -0.188246      
340      0.495121      0.046972      0.085269      1.562620      0.186023      -0.190992      
341      0.495101      0.046962      0.085259      1.562356      0.189082      -0.194051      
342      0.495071      0.046952      0.085269      1.562037      0.192721      -0.197691      
343      0.495061      0.046912      0.085259      1.560924      0.204894      -0.209864      
344      0.495061      0.046902      0.085259      1.560369      0.210697      -0.215667      
345      0.495051      0.046862      0.085259      1.559933      0.215151      -0.220121      
346      0.495091      0.046822      0.085279      1.559496      0.219510      -0.224480      
347      0.495121      0.046722      0.085319      1.558935      0.224998      -0.229968      
348      0.495151      0.046662      0.085329      1.558610      0.228103      -0.233073      
349      0.495161      0.046632      0.085349      1.558262      0.231396      -0.236365      
350      0.495171      0.046602      0.085409      1.558005      0.233786      -0.238756      
351      0.495201      0.046572      0.085409      1.557440      0.238976      -0.243945      
352      0.495271      0.046482      0.085459      1.556964      0.243255      -0.248225      
353      0.495311      0.046422      0.085469      1.556405      0.248185      -0.253154      
354      0.495301      0.046352      0.085469      1.555868      0.252824      -0.257793      
355      0.495341      0.046282      0.085469      1.555419      0.256640      -0.261609      
356      0.495341      0.046202      0.085469      1.553112      0.275404      -0.280371      
357      0.495371      0.046162      0.085549      1.552535      0.279900      -0.284867      
358      0.495481      0.046102      0.085619      1.552555      0.279743      -0.284710      
359      0.495511      0.046092      0.085639      1.552433      0.280683      -0.285650      
360      0.495571      0.046082      0.085659      1.552617      0.279265      -0.284233      
361      0.495691      0.046052      0.085709      1.552700      0.278623      -0.283590      
362      0.495731      0.046002      0.085789      1.552773      0.278051      -0.283019      
363      0.495851      0.045942      0.085899      1.552720      0.278466      -0.283434      
364      0.495871      0.045862      0.085929      1.552310      0.281631      -0.286598      
365      0.495951      0.045762      0.085969      1.552326      0.281505      -0.286472      
366      0.496041      0.045642      0.086029      1.551938      0.284474      -0.289440      
367      0.496111      0.045492      0.086029      1.551642      0.286713      -0.291680      
368      0.496181      0.045392      0.086019      1.551622      0.286862      -0.291829      
369      0.496201      0.045312      0.086079      1.551242      0.289713      -0.294679      
370      0.496211      0.045262      0.086109      1.551096      0.290793      -0.295760      
371      0.496231      0.045212      0.086109      1.550364      0.296181      -0.301146      
372      0.496291      0.045162      0.086139      1.549959      0.299117      -0.304082      
373      0.496411      0.045062      0.086219      1.549557      0.302006      -0.306970      
374      0.496411      0.045052      0.086289      1.549248      0.304205      -0.309170      
375      0.496421      0.045052      0.086249      1.549065      0.305505      -0.310469      
376      0.496421      0.045052      0.086269      1.548261      0.311125      -0.316089      
377      0.496431      0.045042      0.086279      1.547954      0.313246      -0.318210      
378      0.496421      0.045052      0.086299      1.547169      0.318607      -0.323570      
379      0.496431      0.045042      0.086299      1.546798      0.321104      -0.326066      
380      0.496421      0.045032      0.086319      1.545658      0.328670      -0.333632      
381      0.496421      0.045032      0.086319      1.545274      0.331174      -0.336135      
382      0.496411      0.045052      0.086329      1.544813      0.334163      -0.339123      
383      0.496411      0.045052      0.086359      1.544253      0.337746      -0.342705      
384      0.496411      0.045052      0.086409      1.543925      0.339834      -0.344793      
385      0.496361      0.045032      0.086419      1.542973      0.345810      -0.350768      
386      0.496381      0.045042      0.086349      1.542979      0.345771      -0.350729      
387      0.496381      0.045042      0.086379      1.542627      0.347953      -0.352910      
388      0.496391      0.044992      0.086379      1.542736      0.347280      -0.352238      
389      0.496391      0.045002      0.086379      1.542113      0.351120      -0.356077      
390      0.496371      0.045002      0.086419      1.541875      0.352574      -0.357531      
391      0.496371      0.045012      0.086439      1.541367      0.355655      -0.360611      
392      0.496321      0.045032      0.086449      1.540251      0.362340      -0.367294      
393      0.496361      0.045032      0.086469      1.540033      0.363629      -0.368584      
394      0.496361      0.045032      0.086529      1.539680      0.365709      -0.370663      
395      0.496411      0.044992      0.086609      1.539927      0.364255      -0.369209      
396      0.496501      0.045042      0.086739      1.542045      0.351534      -0.356491      
397      0.496411      0.045012      0.086949      1.544079      0.338856      -0.343816      
398      0.496331      0.044962      0.087209      1.546740      0.321495      -0.326457      
399      0.496261      0.044922      0.087479      1.549152      0.304886      -0.309851      
400      0.496221      0.044922      0.087679      1.550649      0.294098      -0.299064      
401      0.496131      0.044892      0.087999      1.553932      0.268886      -0.273854      
402      0.496071      0.044872      0.088219      1.556388      0.248326      -0.253295      
403      0.495991      0.044832      0.088459      1.559568      0.218805      -0.223775      
404      0.495881      0.044802      0.088679      1.561143      0.202557      -0.207527      
405      0.495791      0.044782      0.088869      1.562660      0.185560      -0.190529      
406      0.495791      0.044782      0.088999      1.565087      0.154436      -0.159403      
407      0.495621      0.044732      0.089149      1.566425      0.134173      -0.139138      
408      0.495541      0.044702      0.089279      1.567800      0.109431      -0.114393      
409      0.495481      0.044622      0.089549      1.569302      0.073144      -0.078099      
410      0.495371      0.044552      0.089749      1.569855      0.053750      -0.058700      
411      0.495361      0.044512      0.089859      1.570221      0.035218      -0.040164      
412      0.495151      0.044432      0.090049      1.570380      0.022434      -0.027376      
413      0.495051      0.044392      0.090169      1.570478      0.003281      -0.008218      
414      0.494981      0.044312      0.090299      1.570442      -0.010743      0.005812      
415      0.494901      0.044252      0.090389      1.570389      -0.017842      0.012913      
416      0.494831      0.044132      0.090459      1.570248      -0.029699      0.024774      
417      0.494711      0.044092      0.090499      1.570190      -0.033429      0.028505      
418      0.494641      0.044062      0.090509      1.569949      -0.045992      0.041073      
419      0.494581      0.044042      0.090499      1.569686      -0.056662      0.051747      
420      0.494461      0.043982      0.090659      1.569338      -0.068336      0.063426      
421      0.494381      0.043912      0.090769      1.568883      -0.081171      0.076267      
422      0.494271      0.043822      0.090879      1.568223      -0.096847      0.091949      
423      0.494171      0.043782      0.091009      1.567557      -0.110472      0.105581      
424      0.494111      0.043762      0.091129      1.566409      -0.130718      0.125837      
425      0.493961      0.043702      0.091349      1.564823      -0.154396      0.149528      
426      0.493941      0.043692      0.091419      1.562877      -0.179267      0.174412      
427      0.493831      0.043632      0.091439      1.562071      -0.188614      0.183765      
428      0.493711      0.043612      0.091469      1.560851      -0.201942      0.197101      
429      0.493691      0.043602      0.091429      1.559718      -0.213582      0.208748      
430      0.493561      0.043502      0.091419      1.559131      -0.219366      0.214535      
431      0.493451      0.043462      0.091319      1.557624      -0.233572      0.228751      
432      0.493271      0.043412      0.091199      1.556822      -0.240780      0.235963      
433      0.493091      0.043372      0.091129      1.555624      -0.251174      0.246365      
434      0.492841      0.043352      0.091029      1.553593      -0.267870      0.263072      
435      0.492611      0.043372      0.091029      1.552602      -0.275644      0.270852      
436      0.492491      0.043372      0.091029      1.550134      -0.294115      0.289336      
437      0.492301      0.043342      0.090969      1.548956      -0.302534      0.297762      
438      0.492041      0.043312      0.090929      1.548043      -0.308894      0.304127      
439      0.491691      0.043212      0.090829      1.543939      -0.335997      0.331251      
440      0.491401      0.043142      0.090859      1.542425      -0.345454      0.340716      
441      0.491041      0.043042      0.090899      1.539785      -0.361339      0.356614      
442      0.490691      0.042922      0.090999      1.537995      -0.371719      0.367003      
443      0.490191      0.042842      0.091169      1.535021      -0.388340      0.383639      
444      0.489781      0.042732      0.091339      1.532201      -0.403456      0.398768      
445      0.489181      0.042552      0.091619      1.529995      -0.414883      0.410206      
446      0.488381      0.042352      0.091879      1.525437      -0.437538      0.432882      
447      0.487831      0.042202      0.092009      1.523542      -0.446607      0.441961      
448      0.487081      0.042012      0.092229      1.521094      -0.458049      0.453414      
449      0.486481      0.041872      0.092439      1.517025      -0.476444      0.471827      
450      0.485691      0.041622      0.092679      1.513948      -0.489880      0.485277      
451      0.485031      0.041482      0.092889      1.511915      -0.498551      0.493957      
452      0.484401      0.041292      0.092879      1.509194      -0.509915      0.505334      
453      0.483291      0.041122      0.092979      1.506761      -0.519861      0.515290      
454      0.482731      0.040972      0.093039      1.504293      -0.529748      0.525188      
455      0.481981      0.040762      0.093109      1.503323      -0.533584      0.529028      
456      0.481381      0.040622      0.093269      1.501052      -0.542449      0.537903      
457      0.480841      0.040492      0.093319      1.496722      -0.558943      0.554416      
458      0.480271      0.040342      0.093419      1.495759      -0.562541      0.558018      
459      0.479591      0.040122      0.093659      1.493718      -0.570092      0.565578      
460      0.479191      0.040052      0.093729      1.489529      -0.585264      0.580768      
461      0.478461      0.039882      0.093929      1.487423      -0.592737      0.588250      
462      0.477611      0.039682      0.094399      1.484026      -0.604588      0.600116      
463      0.476891      0.039552      0.094829      1.482300      -0.610515      0.606050      
464      0.476181      0.039402      0.095239      1.481353      -0.613741      0.609280      
465      0.475371      0.039242      0.095709      1.478490      -0.623384      0.618935      
466      0.474661      0.039062      0.096049      1.476994      -0.628362      0.623919      
467      0.473491      0.038812      0.096739      1.471945      -0.644857      0.640435      
468      0.472761      0.038682      0.097049      1.469055      -0.654099      0.649689      
469      0.471781      0.038542      0.097449      1.466460      -0.662279      0.657880      
470      0.471001      0.038472      0.097719      1.463284      -0.672144      0.667758      
471      0.470041      0.038342      0.097999      1.459979      -0.682251      0.677878      
472      0.469321      0.038242      0.098249      1.454133      -0.699736      0.695387      
473      0.468571      0.038082      0.098509      1.448389      -0.716465      0.712140      
474      0.467611      0.037942      0.098889      1.442933      -0.731971      0.727668      
475      0.466881      0.037742      0.099109      1.437846      -0.746111      0.741828      
476      0.466001      0.037562      0.099429      1.434772      -0.754515      0.750245      
477      0.465401      0.037412      0.099599      1.432159      -0.761580      0.757320      
478      0.464771      0.037292      0.099729      1.428457      -0.771463      0.767218      
479      0.464081      0.037192      0.099829      1.426924      -0.775517      0.771278      
480      0.463231      0.037012      0.099859      1.423963      -0.783277      0.779050      
481      0.462611      0.036912      0.099939      1.420154      -0.793138      0.788925      
482      0.461691      0.036772      0.100189      1.416783      -0.801753      0.797554      
483      0.460561      0.036542      0.100539      1.411690      -0.814574      0.810395      
484      0.459661      0.036312      0.100959      1.408065      -0.823565      0.819401      
485      0.458921      0.036142      0.101409      1.403332      -0.835138      0.830992      
486      0.458211      0.035882      0.101849      1.396278      -0.852059      0.847940      
487      0.457401      0.035682      0.102299      1.392124      -0.861848      0.857746      
488      0.456401      0.035422      0.102849      1.383043      -0.882818      0.878751      
489      0.455391      0.035152      0.103409      1.372389      -0.906713      0.902687      
490      0.454561      0.035042      0.103729      1.369250      -0.913616      0.909602      
491      0.453541      0.034832      0.103979      1.362106      -0.929107      0.925120      
492      0.452811      0.034662      0.104149      1.357562      -0.938805      0.934835      
493      0.451701      0.034362      0.104379      1.355043      -0.944131      0.940171      
494      0.450401      0.034032      0.104579      1.348663      -0.957466      0.953530      
495      0.449251      0.033722      0.104579      1.344999      -0.965026      0.961104      
496      0.448301      0.033502      0.104599      1.343357      -0.968392      0.964477      
497      0.447241      0.033172      0.104669      1.339115      -0.977023      0.973124      
498      0.446431      0.032902      0.104819      1.336428      -0.982444      0.978555      
499      0.445661      0.032582      0.105079      1.332482      -0.990341      0.986467      
500      0.444411      0.032132      0.105509      1.326969      -1.001250      0.997396      
501      0.443531      0.031872      0.105719      1.322048      -1.010869      1.007034      
