29      0.403040      0.008095      0.131905      1.319141      -1.015949      1.010118      
30      0.403420      0.008575      0.132185      1.323342      -1.007805      1.001953      
31      0.403980      0.009095      0.132435      1.331790      -0.991180      0.985287      
32      0.404640      0.009745      0.132695      1.338494      -0.977748      0.971823      
33      0.405310      0.010535      0.132545      1.344045      -0.966458      0.960506      
34      0.406080      0.011185      0.132225      1.352917      -0.948084      0.942089      
35      0.406820      0.011795      0.131815      1.357442      -0.938549      0.932532      
36      0.408040      0.012295      0.131965      1.366120      -0.919940      0.913881      
37      0.408370      0.012545      0.132155      1.369980      -0.911519      0.905441      
38      0.408980      0.013065      0.132515      1.377593      -0.894645      0.888530      
39      0.409600      0.013515      0.133045      1.385003      -0.877862      0.871710      
40      0.410160      0.014055      0.133545      1.394690      -0.855352      0.849154      
41      0.410800      0.014585      0.133925      1.399069      -0.844952      0.838732      
42      0.411330      0.015185      0.134345      1.404000      -0.833064      0.826819      
43      0.411870      0.015625      0.134695      1.410857      -0.816208      0.809930      
44      0.412700      0.016305      0.135205      1.418052      -0.798094      0.791780      
45      0.412980      0.016545      0.135465      1.422130      -0.787619      0.781286      
46      0.413480      0.017025      0.136045      1.428242      -0.771622      0.765258      
47      0.413990      0.017455      0.136555      1.432333      -0.760707      0.754323      
48      0.414410      0.017865      0.137165      1.440259      -0.739053      0.732630      
49      0.414820      0.018215      0.137715      1.450292      -0.710603      0.704129      
50      0.415410      0.018685      0.138615      1.461639      -0.676855      0.670325      
51      0.415840      0.019045      0.139205      1.469276      -0.653078      0.646510      
52      0.416320      0.019455      0.139725      1.472634      -0.642324      0.635739      
53      0.416910      0.019875      0.140445      1.479801      -0.618704      0.612082      
54      0.417340      0.020045      0.140885      1.484949      -0.601122      0.594475      
55      0.418140      0.020355      0.141565      1.489861      -0.583827      0.577155      
56      0.418760      0.020855      0.142075      1.490529      -0.581434      0.574758      
57      0.419460      0.021345      0.142445      1.490899      -0.580102      0.573424      
58      0.420150      0.021925      0.142485      1.490626      -0.581086      0.574409      
59      0.421200      0.022855      0.142475      1.493819      -0.569487      0.562794      
60      0.421760      0.023365      0.142455      1.496285      -0.560355      0.553650      
61      0.422120      0.023835      0.142265      1.497247      -0.556750      0.550040      
62      0.422470      0.024125      0.142115      1.499232      -0.549234      0.542514      
63      0.422900      0.024225      0.142135      1.503355      -0.533264      0.526522      
64      0.423030      0.024335      0.142105      1.504782      -0.527620      0.520871      
65      0.423310      0.024535      0.141915      1.506134      -0.522215      0.515459      
66      0.423630      0.024695      0.141565      1.507200      -0.517912      0.511151      
67      0.424030      0.024895      0.141075      1.508353      -0.513212      0.506445      
68      0.425200      0.024805      0.140305      1.512664      -0.495234      0.488445      
69      0.425800      0.024975      0.139745      1.515872      -0.481407      0.474600      
70      0.426280      0.025265      0.139255      1.519168      -0.466754      0.459931      
71      0.426540      0.025585      0.138925      1.522138      -0.453137      0.446298      
72      0.426810      0.025625      0.138865      1.524877      -0.440191      0.433337      
73      0.427060      0.025525      0.139035      1.526849      -0.430621      0.423758      
74      0.427110      0.025505      0.139105      1.528704      -0.421415      0.414542      
75      0.427200      0.025465      0.139145      1.531842      -0.405359      0.398468      
76      0.427470      0.025395      0.139225      1.534726      -0.390004      0.383098      
77      0.427590      0.025435      0.139315      1.535302      -0.386858      0.379950      
78      0.427700      0.025525      0.139345      1.535678      -0.384798      0.377887      
79      0.427940      0.025725      0.139275      1.536137      -0.382261      0.375348      
80      0.428280      0.025985      0.139165      1.538032      -0.371604      0.364680      
81      0.428740      0.026525      0.138805      1.539972      -0.360365      0.353431      
82      0.429300      0.026865      0.138495      1.540981      -0.354374      0.347434      
83      0.429770      0.027365      0.138225      1.542143      -0.347349      0.340404      
84      0.429970      0.027645      0.138055      1.542837      -0.343083      0.336133      
85      0.430500      0.028065      0.137685      1.543854      -0.336729      0.329773      
86      0.431060      0.028485      0.137275      1.545850      -0.323900      0.316934      
87      0.431640      0.028925      0.136735      1.547744      -0.311231      0.304254      
88      0.432580      0.029215      0.136015      1.548512      -0.305943      0.298962      
89      0.432800      0.029375      0.135735      1.548825      -0.303761      0.296778      
90      0.432970      0.029325      0.135645      1.549014      -0.302431      0.295447      
91      0.433010      0.029285      0.135635      1.549550      -0.298644      0.291657      
92      0.432890      0.029305      0.135595      1.550212      -0.293895      0.286904      
93      0.433030      0.029185      0.135555      1.550733      -0.290100      0.283106      
94      0.433140      0.029125      0.135505      1.551245      -0.286328      0.279331      
95      0.433160      0.029115      0.135375      1.551437      -0.284896      0.277898      
96      0.433310      0.028865      0.135365      1.552122      -0.279738      0.272736      
97      0.433140      0.028765      0.135265      1.552154      -0.279495      0.272493      
98      0.432800      0.028555      0.135065      1.553800      -0.266680      0.259669      
99      0.432410      0.028445      0.134835      1.554777      -0.258771      0.251755      
100      0.432230      0.028335      0.134725      1.555074      -0.256320      0.249302      
101      0.431900      0.028095      0.134605      1.555936      -0.249068      0.242044      
102      0.431340      0.028105      0.134325      1.557365      -0.236550      0.229518      
103      0.431180      0.028035      0.134185      1.557604      -0.234396      0.227362      
104      0.431080      0.027805      0.134015      1.557902      -0.231677      0.224642      
105      0.430580      0.027675      0.133785      1.557482      -0.235493      0.228460      
106      0.430480      0.027355      0.133505      1.557229      -0.237772      0.230741      
107      0.430280      0.027075      0.133265      1.557705      -0.233471      0.226437      
108      0.430150      0.026505      0.133245      1.557602      -0.234411      0.227378      
109      0.430130      0.026165      0.133225      1.557534      -0.235022      0.227990      
110      0.430110      0.025585      0.133025      1.558098      -0.229867      0.222831      
111      0.430210      0.025095      0.132745      1.558378      -0.227266      0.220228      
112      0.430670      0.024345      0.132455      1.558857      -0.222736      0.215696      
113      0.430960      0.024105      0.132255      1.559577      -0.215754      0.208709      
114      0.431330      0.023955      0.131955      1.559862      -0.212932      0.205885      
115      0.431430      0.023895      0.131885      1.559866      -0.212893      0.205846      
116      0.431470      0.023835      0.131845      1.559622      -0.215307      0.208262      
117      0.431730      0.023595      0.131825      1.560089      -0.210652      0.203603      
118      0.431860      0.023335      0.131755      1.561059      -0.200626      0.193572      
119      0.431870      0.023125      0.131745      1.561067      -0.200540      0.193485      
120      0.432060      0.022855      0.131765      1.561705      -0.193664      0.186606      
121      0.431930      0.022895      0.131675      1.562163      -0.188568      0.181507      
122      0.431930      0.022885      0.131655      1.562360      -0.186341      0.179279      
123      0.431940      0.022825      0.131695      1.563039      -0.178437      0.171370      
124      0.431830      0.022825      0.131735      1.563566      -0.172053      0.164983      
125      0.431900      0.022775      0.131685      1.564178      -0.164327      0.157253      
126      0.431840      0.022865      0.131665      1.564516      -0.159911      0.152835      
127      0.431820      0.022895      0.131685      1.564634      -0.158335      0.151258      
128      0.431830      0.022845      0.131725      1.564774      -0.156452      0.149374      
129      0.431810      0.022825      0.131725      1.564835      -0.155613      0.148534      
130      0.431900      0.022715      0.131645      1.564695      -0.157519      0.150442      
131      0.431880      0.022645      0.131635      1.564861      -0.155260      0.148181      
132      0.431740      0.022535      0.131675      1.565105      -0.151894      0.144814      
133      0.431790      0.022325      0.131745      1.565201      -0.150545      0.143464      
134      0.431700      0.022275      0.131555      1.565731      -0.142903      0.135819      
135      0.431570      0.022195      0.131485      1.565764      -0.142409      0.135325      
136      0.431470      0.022095      0.131305      1.565465      -0.146795      0.139712      
137      0.431340      0.021995      0.130995      1.565625      -0.144457      0.137373      
138      0.431180      0.021785      0.130835      1.565671      -0.143790      0.136706      
139      0.431020      0.021685      0.130645      1.565914      -0.140165      0.133080      
140      0.430800      0.021695      0.130495      1.566497      -0.131063      0.123974      
141      0.430620      0.021655      0.130465      1.566973      -0.123161      0.116068      
142      0.430580      0.021625      0.130485      1.567104      -0.120878      0.113784      
143      0.430550      0.021615      0.130505      1.567276      -0.117840      0.110745      
144      0.430480      0.021685      0.130425      1.567643      -0.111083      0.103985      
145      0.430250      0.021775      0.130345      1.567932      -0.105456      0.098356      
146      0.430110      0.021715      0.130235      1.568416      -0.095322      0.088218      
147      0.430010      0.021595      0.130065      1.568516      -0.093101      0.085996      
148      0.430100      0.021465      0.130015      1.568627      -0.090557      0.083452      
149      0.430000      0.021565      0.130015      1.569116      -0.078429      0.071319      
150      0.429840      0.021715      0.130075      1.569285      -0.073805      0.066694      
151      0.429880      0.021785      0.130105      1.569396      -0.070593      0.063481      
152      0.429800      0.021875      0.130115      1.569415      -0.070052      0.062940      
153      0.429830      0.021855      0.130105      1.569488      -0.067846      0.060733      
154      0.429750      0.021875      0.130115      1.569686      -0.061478      0.054363      
155      0.429680      0.021895      0.130125      1.569703      -0.060928      0.053814      
156      0.429690      0.021915      0.130165      1.569935      -0.052464      0.045347      
157      0.429570      0.022015      0.130235      1.569947      -0.051985      0.044868      
158      0.429520      0.022025      0.130285      1.569890      -0.054200      0.047083      
159      0.429370      0.022015      0.130325      1.569764      -0.058824      0.051709      
160      0.429170      0.021905      0.130425      1.569575      -0.065129      0.058015      
161      0.429110      0.021585      0.130665      1.569525      -0.066707      0.059594      
162      0.428950      0.021475      0.130835      1.569594      -0.064524      0.057411      
163      0.428820      0.021375      0.130945      1.569516      -0.066974      0.059861      
164      0.428630      0.021205      0.131085      1.569372      -0.071300      0.064188      
165      0.428520      0.021055      0.131175      1.569248      -0.074849      0.067738      
166      0.428530      0.020865      0.131235      1.569127      -0.078154      0.071044      
167      0.428520      0.020365      0.131525      1.569119      -0.078366      0.071256      
168      0.428260      0.020035      0.131635      1.569000      -0.081475      0.074366      
169      0.427990      0.019685      0.131615      1.568927      -0.083327      0.076220      
170      0.427770      0.019375      0.131655      1.569108      -0.078641      0.071531      
171      0.427450      0.019105      0.131955      1.569155      -0.077385      0.070275      
172      0.427180      0.018855      0.132105      1.569256      -0.074613      0.067502      
173      0.427090      0.018805      0.131975      1.569368      -0.071426      0.064314      
174      0.427060      0.018705      0.131865      1.569375      -0.071229      0.064118      
175      0.427070      0.018675      0.131855      1.569424      -0.069761      0.062649      
176      0.427040      0.018745      0.131815      1.569662      -0.062302      0.055188      
177      0.427060      0.018865      0.131715      1.569663      -0.062271      0.055157      
178      0.427140      0.018965      0.131545      1.569698      -0.061101      0.053986      
179      0.427140      0.019035      0.131415      1.569701      -0.060983      0.053869      
180      0.427050      0.018985      0.131255      1.569739      -0.059672      0.052557      
181      0.426950      0.018875      0.131095      1.569771      -0.058565      0.051450      
182      0.427040      0.018565      0.130965      1.569846      -0.055848      0.048732      
183      0.426980      0.018365      0.130845      1.569939      -0.052331      0.045214      
184      0.426880      0.018265      0.130755      1.569945      -0.052087      0.044970      
185      0.426870      0.018225      0.130695      1.569946      -0.052032      0.044915      
186      0.426850      0.018125      0.130625      1.570005      -0.049669      0.042551      
187      0.426790      0.018105      0.130585      1.570033      -0.048483      0.041365      
188      0.426820      0.017995      0.130515      1.570112      -0.045020      0.037901      
189      0.426780      0.017895      0.130415      1.570186      -0.041542      0.034422      
190      0.426840      0.017615      0.130285      1.570240      -0.038848      0.031728      
191      0.426820      0.017555      0.130285      1.570213      -0.040207      0.033087      
192      0.426850      0.017565      0.130275      1.570276      -0.036948      0.029827      
193      0.426850      0.017595      0.130295      1.570300      -0.035574      0.028452      
194      0.426840      0.017595      0.130305      1.570314      -0.034789      0.027667      
195      0.426850      0.017565      0.130295      1.570314      -0.034765      0.027643      
196      0.426840      0.017615      0.130285      1.570314      -0.034781      0.027659      
197      0.426810      0.017565      0.130265      1.570365      -0.031734      0.024612      
198      0.426780      0.017505      0.130145      1.570397      -0.029622      0.022499      
199      0.426720      0.017305      0.129875      1.570460      -0.025130      0.018006      
200      0.426710      0.017125      0.129765      1.570467      -0.024596      0.017472      
201      0.426650      0.017055      0.129655      1.570469      -0.024431      0.017307      
202      0.426580      0.017005      0.129555      1.570484      -0.023159      0.016034      
203      0.426560      0.016985      0.129535      1.570488      -0.022829      0.015705      
204      0.426520      0.016995      0.129525      1.570525      -0.019468      0.012343      
205      0.426480      0.017045      0.129525      1.570544      -0.017544      0.010418      
206      0.426490      0.017055      0.129505      1.570555      -0.016397      0.009272      
207      0.426540      0.017025      0.129475      1.570607      -0.008984      0.001857      
208      0.426520      0.017055      0.129465      1.570601      -0.010083      0.002956      
209      0.426510      0.017065      0.129425      1.570612      -0.008151      0.001024      
210      0.426500      0.017025      0.129445      1.570630      -0.003392      -0.003736      
211      0.426460      0.017025      0.129475      1.570637      -0.000086      -0.007043      
212      0.426390      0.017125      0.129475      1.570637      -0.000054      -0.007074      
213      0.426400      0.017135      0.129495      1.570637      0.005412      -0.012541      
214      0.426380      0.017155      0.129535      1.570636      0.006464      -0.013593      
215      0.426400      0.017155      0.129555      1.570635      0.006951      -0.014080      
216      0.426440      0.017125      0.129545      1.570633      0.007744      -0.014874      
217      0.426490      0.017075      0.129535      1.570633      0.007775      -0.014905      
218      0.426510      0.017025      0.129555      1.570630      0.008844      -0.015973      
219      0.426530      0.017025      0.129565      1.570621      0.011380      -0.018510      
220      0.426540      0.017035      0.129565      1.570618      0.012118      -0.019249      
221      0.426510      0.017045      0.129615      1.570610      0.013791      -0.020922      
222      0.426450      0.017005      0.129695      1.570610      0.013807      -0.020937      
223      0.426460      0.016965      0.129695      1.570593      0.016823      -0.023954      
224      0.426430      0.016935      0.129755      1.570585      0.017914      -0.025045      
225      0.426440      0.016935      0.129785      1.570583      0.018189      -0.025320      
226      0.426430      0.016925      0.129805      1.570567      0.020357      -0.027488      
227      0.426410      0.016915      0.129835      1.570567      0.020349      -0.027480      
228      0.426410      0.016905      0.129795      1.570547      0.022603      -0.029734      
229      0.426380      0.016865      0.129825      1.570514      0.025901      -0.033033      
230      0.426370      0.016855      0.129845      1.570514      0.025894      -0.033025      
231      0.426390      0.016825      0.129845      1.570514      0.025925      -0.033057      
232      0.426530      0.016655      0.129835      1.570472      0.029530      -0.036662      
233      0.426690      0.016485      0.129865      1.570393      0.035286      -0.042419      
234      0.426760      0.016415      0.129875      1.570335      0.038899      -0.046032      
235      0.426750      0.016415      0.129885      1.570272      0.042488      -0.049621      
236      0.426760      0.016385      0.129845      1.570271      0.042543      -0.049676      
237      0.426760      0.016315      0.129885      1.570173      0.047538      -0.054671      
238      0.426720      0.016305      0.129925      1.570085      0.051621      -0.058755      
239      0.426770      0.016245      0.129915      1.570059      0.052729      -0.059863      
240      0.426790      0.016185      0.129895      1.570050      0.053137      -0.060271      
241      0.426870      0.016035      0.129835      1.570091      0.051339      -0.058473      
242      0.427000      0.015805      0.129805      1.570058      0.052799      -0.059933      
243      0.427210      0.015445      0.129765      1.569981      0.056011      -0.063145      
244      0.427370      0.014935      0.129555      1.570072      0.052179      -0.059313      
245      0.427350      0.014715      0.129425      1.570033      0.053844      -0.060978      
246      0.427300      0.014555      0.129325      1.570001      0.055179      -0.062313      
247      0.427320      0.014495      0.129315      1.570020      0.054409      -0.061543      
248      0.427270      0.014455      0.129285      1.569963      0.056710      -0.063844      
249      0.427260      0.014435      0.129305      1.569907      0.058909      -0.066043      
250      0.427310      0.014395      0.129295      1.569877      0.060056      -0.067190      
251      0.427380      0.014325      0.129275      1.569905      0.058996      -0.066130      
252      0.427440      0.014285      0.129265      1.569855      0.060896      -0.068030      
253      0.427570      0.014215      0.129265      1.569840      0.061446      -0.068580      
254      0.427680      0.014215      0.129375      1.569711      0.066008      -0.073143      
255      0.427680      0.014365      0.129405      1.569613      0.069260      -0.076394      
256      0.427690      0.014415      0.129455      1.569547      0.071364      -0.078499      
257      0.427690      0.014415      0.129475      1.569513      0.072448      -0.079582      
258      0.427700      0.014445      0.129465      1.569440      0.074670      -0.081805      
259      0.427720      0.014455      0.129465      1.569403      0.075754      -0.082888      
260      0.427700      0.014445      0.129585      1.569280      0.079311      -0.086446      
261      0.427670      0.014515      0.129585      1.569079      0.084776      -0.091911      
262      0.427720      0.014435      0.129605      1.569138      0.083214      -0.090348      
263      0.427730      0.014425      0.129615      1.569071      0.084988      -0.092123      
264      0.427690      0.014485      0.129635      1.569043      0.085734      -0.092869      
265      0.427680      0.014485      0.129645      1.569030      0.086064      -0.093199      
266      0.427670      0.014535      0.129645      1.568868      0.090163      -0.097297      
267      0.427680      0.014575      0.129695      1.568914      0.089001      -0.096135      
268      0.427800      0.014675      0.129795      1.568730      0.093492      -0.100627      
269      0.427800      0.014755      0.129785      1.568710      0.093971      -0.101105      
270      0.427870      0.014695      0.129785      1.568664      0.095055      -0.102189      
271      0.427870      0.014705      0.129795      1.568602      0.096500      -0.103634      
272      0.427900      0.014725      0.129805      1.568568      0.097269      -0.104403      
273      0.427950      0.014665      0.129815      1.568457      0.099774      -0.106908      
274      0.427980      0.014685      0.129825      1.568258      0.104108      -0.111242      
275      0.427990      0.014715      0.129905      1.568144      0.106511      -0.113644      
276      0.428040      0.014755      0.129945      1.568092      0.107571      -0.114704      
277      0.428150      0.014875      0.130085      1.567871      0.112038      -0.119171      
278      0.428220      0.014925      0.130105      1.567779      0.113844      -0.120977      
279      0.428350      0.014965      0.130085      1.567709      0.115178      -0.122311      
280      0.428410      0.015015      0.130085      1.567712      0.115131      -0.122264      
281      0.428590      0.014975      0.129975      1.567728      0.114825      -0.121958      
282      0.428740      0.014895      0.129955      1.567641      0.116482      -0.123614      
283      0.428820      0.014855      0.130005      1.567512      0.118908      -0.126040      
284      0.428900      0.014905      0.130015      1.567573      0.117761      -0.124894      
285      0.428980      0.014935      0.129975      1.567319      0.122440      -0.129573      
286      0.428940      0.014935      0.129945      1.567377      0.121381      -0.128513      
287      0.429020      0.014775      0.129935      1.567252      0.123634      -0.130766      
288      0.429090      0.014675      0.129945      1.567218      0.124238      -0.131370      
289      0.429150      0.014625      0.129945      1.567173      0.125039      -0.132171      
290      0.429190      0.014595      0.129945      1.567156      0.125337      -0.132469      
291      0.429190      0.014595      0.129945      1.567093      0.126436      -0.133568      
292      0.429230      0.014545      0.129945      1.567138      0.125659      -0.132791      
293      0.429240      0.014525      0.129955      1.566930      0.129255      -0.136386      
294      0.429210      0.014615      0.129965      1.566819      0.131131      -0.138262      
295      0.429260      0.014575      0.130015      1.566692      0.133258      -0.140389      
296      0.429280      0.014595      0.130005      1.566621      0.134412      -0.141543      
297      0.429380      0.014575      0.129915      1.566486      0.136610      -0.143741      
298      0.429430      0.014565      0.129925      1.566421      0.137662      -0.144792      
299      0.429460      0.014585      0.129965      1.566337      0.138989      -0.146119      
300      0.429550      0.014655      0.130035      1.566258      0.140237      -0.147367      
301      0.429600      0.014785      0.130155      1.566256      0.140276      -0.147406      
302      0.429630      0.015305      0.130435      1.566172      0.141587      -0.148717      
303      0.429670      0.015725      0.130405      1.566278      0.139930      -0.147061      
304      0.429790      0.016105      0.130265      1.566188      0.141328      -0.148458      
305      0.430050      0.016315      0.130105      1.566272      0.140025      -0.147155      
306      0.430230      0.016455      0.130005      1.566261      0.140190      -0.147320      
307      0.430400      0.016585      0.129955      1.566147      0.141971      -0.149101      
308      0.430470      0.016665      0.129915      1.566152      0.141893      -0.149023      
309      0.430630      0.016805      0.129875      1.566163      0.141712      -0.148842      
310      0.430870      0.016995      0.129975      1.566045      0.143533      -0.150663      
311      0.431180      0.017505      0.129715      1.565942      0.145111      -0.152240      
312      0.431370      0.017665      0.129505      1.566036      0.143675      -0.150804      
313      0.431630      0.017605      0.129355      1.565874      0.146131      -0.153261      
314      0.431710      0.017595      0.129395      1.565732      0.148251      -0.155380      
315      0.431730      0.017585      0.129465      1.565735      0.148204      -0.155332      
316      0.431790      0.017615      0.129475      1.565518      0.151390      -0.158519      
317      0.431820      0.017635      0.129555      1.565374      0.153470      -0.160598      
318      0.431920      0.017735      0.129655      1.565214      0.155738      -0.162866      
319      0.431930      0.017875      0.129755      1.564854      0.160730      -0.167857      
320      0.431950      0.017915      0.129905      1.564845      0.160855      -0.167982      
321      0.431960      0.017975      0.129895      1.564848      0.160816      -0.167943      
322      0.431950      0.017915      0.129945      1.564929      0.159702      -0.166829      
323      0.432040      0.017805      0.129975      1.564851      0.160777      -0.167904      
324      0.432030      0.017835      0.130005      1.564832      0.161028      -0.168155      
325      0.432070      0.017865      0.130035      1.564758      0.162040      -0.169167      
326      0.432210      0.017875      0.130175      1.564695      0.162888      -0.170014      
327      0.432350      0.017955      0.130335      1.564469      0.165901      -0.173027      
328      0.432570      0.018115      0.130645      1.564004      0.171928      -0.179053      
329      0.432680      0.018215      0.130785      1.564109      0.170594      -0.177719      
330      0.432780      0.018295      0.130935      1.564042      0.171449      -0.178574      
331      0.432840      0.018365      0.130975      1.563966      0.172415      -0.179539      
332      0.432930      0.018385      0.131055      1.563891      0.173364      -0.180489      
333      0.432970      0.018405      0.131125      1.563965      0.172430      -0.179555      
334      0.433030      0.018565      0.131175      1.563914      0.173074      -0.180198      
335      0.433070      0.018775      0.131155      1.563839      0.174015      -0.181140      
336      0.433230      0.018875      0.131395      1.563873      0.173600      -0.180724      
337      0.433380      0.018965      0.131465      1.563715      0.175569      -0.182693      
338      0.433490      0.019025      0.131595      1.563645      0.176448      -0.183572      
339      0.433570      0.019075      0.131645      1.563563      0.177460      -0.184584      
340      0.433770      0.019005      0.131655      1.563462      0.178700      -0.185823      
341      0.433840      0.018955      0.131665      1.563284      0.180865      -0.187988      
342      0.433920      0.018925      0.131615      1.562606      0.188892      -0.196013      
343      0.434010      0.018865      0.131615      1.562204      0.193489      -0.200609      
344      0.433980      0.018805      0.131625      1.562147      0.194132      -0.201252      
345      0.434090      0.018625      0.131625      1.562021      0.195545      -0.202664      
346      0.434130      0.018555      0.131635      1.561925      0.196611      -0.203730      
347      0.434290      0.018405      0.131635      1.561826      0.197710      -0.204828      
348      0.434600      0.018155      0.131715      1.561962      0.196196      -0.203315      
349      0.434790      0.017965      0.131735      1.561844      0.197514      -0.204632      
350      0.435000      0.017725      0.131735      1.561615      0.200024      -0.207142      
351      0.435170      0.017515      0.131715      1.561635      0.199804      -0.206922      
352      0.435190      0.017425      0.131675      1.561528      0.200973      -0.208091      
353      0.435200      0.017395      0.131635      1.561421      0.202134      -0.209251      
354      0.435210      0.017365      0.131595      1.561292      0.203514      -0.210632      
355      0.435260      0.017325      0.131595      1.560878      0.207907      -0.215023      
356      0.435340      0.017445      0.131515      1.560833      0.208385      -0.215501      
357      0.435440      0.017575      0.131455      1.560454      0.212315      -0.219430      
358      0.435480      0.017585      0.131515      1.560463      0.212221      -0.219336      
359      0.435570      0.017635      0.131485      1.560364      0.213240      -0.220355      
360      0.435670      0.017645      0.131465      1.560020      0.216723      -0.223836      
361      0.435700      0.017665      0.131485      1.560024      0.216683      -0.223797      
362      0.435750      0.017685      0.131445      1.559941      0.217523      -0.224636      
363      0.435900      0.017675      0.131375      1.559699      0.219930      -0.227043      
364      0.435950      0.017675      0.131365      1.559814      0.218785      -0.225898      
365      0.436060      0.017715      0.131205      1.559674      0.220181      -0.227293      
366      0.436080      0.017745      0.131205      1.559563      0.221279      -0.228391      
367      0.436220      0.017725      0.131125      1.559788      0.219044      -0.226157      
368      0.436510      0.017685      0.130975      1.559766      0.219264      -0.226376      
369      0.436760      0.017725      0.130735      1.559849      0.218440      -0.225553      
370      0.437060      0.017775      0.130385      1.559960      0.217326      -0.224440      
371      0.437240      0.017725      0.130175      1.560034      0.216581      -0.223695      
372      0.437320      0.017645      0.130125      1.559921      0.217719      -0.224832      
373      0.437470      0.017535      0.129995      1.560183      0.215076      -0.222190      
374      0.437490      0.017505      0.129945      1.560073      0.216197      -0.223311      
375      0.437530      0.017535      0.129885      1.559969      0.217240      -0.224353      
376      0.437570      0.017585      0.129795      1.560076      0.216166      -0.223279      
377      0.437620      0.017625      0.129755      1.560076      0.216166      -0.223279      
378      0.437700      0.017715      0.129645      1.559887      0.218056      -0.225169      
379      0.437810      0.017765      0.129655      1.559984      0.217083      -0.224197      
380      0.437890      0.017815      0.129665      1.559774      0.219185      -0.226298      
381      0.437980      0.017985      0.129465      1.559448      0.222400      -0.229512      
382      0.438020      0.018015      0.129435      1.559335      0.223506      -0.230617      
383      0.438080      0.018115      0.129565      1.559527      0.221632      -0.228744      
384      0.437990      0.018505      0.129565      1.559041      0.226353      -0.233463      
385      0.437990      0.018585      0.129655      1.558708      0.229536      -0.236646      
386      0.437900      0.018685      0.129665      1.558704      0.229575      -0.236685      
387      0.438000      0.018655      0.129575      1.558472      0.231763      -0.238872      
388      0.438070      0.018665      0.129575      1.558125      0.235001      -0.242109      
389      0.437960      0.018765      0.129555      1.558000      0.236154      -0.243261      
390      0.437950      0.018775      0.129545      1.557878      0.237283      -0.244390      
391      0.437940      0.018775      0.129555      1.556366      0.250758      -0.257860      
392      0.437940      0.018895      0.129385      1.555336      0.259529      -0.266628      
393      0.438010      0.018885      0.129235      1.554736      0.264497      -0.271594      
394      0.437960      0.018885      0.129185      1.553780      0.272231      -0.279325      
395      0.437930      0.018865      0.129125      1.553360      0.275561      -0.282654      
396      0.437970      0.018795      0.129125      1.553147      0.277230      -0.284322      
397      0.437950      0.018835      0.129145      1.552445      0.282667      -0.289756      
398      0.437960      0.018825      0.129145      1.552012      0.285973      -0.293061      
399      0.437980      0.018805      0.129155      1.551685      0.288440      -0.295527      
400      0.437970      0.018865      0.129145      1.551399      0.290579      -0.297664      
401      0.438030      0.018855      0.129195      1.551270      0.291542      -0.298627      
402      0.438040      0.018885      0.129315      1.550997      0.293563      -0.300647      
403      0.438080      0.018915      0.129325      1.550667      0.295983      -0.303066      
404      0.438120      0.018945      0.129385      1.550685      0.295850      -0.302933      
405      0.438180      0.018985      0.129485      1.550216      0.299264      -0.306346      
406      0.438250      0.019055      0.129605      1.549761      0.302538      -0.309618      
407      0.438240      0.019155      0.129685      1.549671      0.303180      -0.310260      
408      0.438230      0.019185      0.129745      1.549218      0.306398      -0.313476      
409      0.438240      0.019185      0.129755      1.549223      0.306367      -0.313445      
410      0.438270      0.019175      0.129815      1.549194      0.306570      -0.313648      
411      0.438330      0.019135      0.129915      1.548906      0.308598      -0.315675      
412      0.438350      0.019135      0.129955      1.548763      0.309593      -0.316669      
413      0.438440      0.019035      0.130005      1.548577      0.310892      -0.317968      
414      0.438450      0.019005      0.130125      1.548279      0.312959      -0.320034      
415      0.438560      0.018985      0.130195      1.548264      0.313061      -0.320136      
416      0.438580      0.019035      0.130275      1.547613      0.317531      -0.324604      
417      0.438540      0.019075      0.130395      1.547463      0.318549      -0.325621      
418      0.438620      0.019045      0.130475      1.547608      0.317562      -0.324635      
419      0.438630      0.019075      0.130495      1.547454      0.318611      -0.325683      
420      0.438640      0.019145      0.130665      1.547001      0.321664      -0.328735      
421      0.438660      0.019175      0.130705      1.547135      0.320764      -0.327835      
422      0.438670      0.019205      0.130735      1.546647      0.324036      -0.331105      
423      0.438740      0.019215      0.130835      1.546678      0.323832      -0.330902      
424      0.438790      0.019275      0.130925      1.546329      0.326149      -0.333217      
425      0.438740      0.019335      0.130985      1.546209      0.326947      -0.334015      
426      0.438830      0.019265      0.130985      1.546627      0.324169      -0.331238      
427      0.438840      0.019315      0.131065      1.546658      0.323965      -0.331035      
428      0.438820      0.019355      0.131265      1.546688      0.323762      -0.330831      
429      0.438890      0.019385      0.131365      1.546840      0.322744      -0.329814      
430      0.438890      0.019465      0.131425      1.547147      0.320686      -0.327757      
431      0.438920      0.019515      0.131505      1.547813      0.316161      -0.323234      
432      0.438980      0.019515      0.131585      1.548596      0.310759      -0.317835      
433      0.439010      0.019555      0.131665      1.550201      0.299374      -0.306456      
434      0.439080      0.019565      0.131765      1.552694      0.280756      -0.287846      
435      0.439130      0.019625      0.131885      1.554795      0.264019      -0.271116      
436      0.439150      0.019635      0.131905      1.556489      0.249684      -0.256787      
437      0.439140      0.019585      0.131955      1.557703      0.238874      -0.245981      
438      0.439080      0.019545      0.132095      1.558313      0.233253      -0.240361      
439      0.439050      0.019445      0.132205      1.558876      0.227937      -0.235047      
440      0.438950      0.019365      0.132375      1.560333      0.213554      -0.220668      
441      0.438740      0.019255      0.132705      1.561495      0.201326      -0.208444      
442      0.438520      0.019095      0.133125      1.562590      0.189072      -0.196193      
443      0.438270      0.018935      0.133535      1.563783      0.174722      -0.181846      
444      0.438000      0.018735      0.133995      1.565025      0.158375      -0.165503      
445      0.437760      0.018585      0.134555      1.566170      0.141610      -0.148740      
446      0.437550      0.018445      0.135375      1.566935      0.129168      -0.136300      
447      0.437510      0.018445      0.135615      1.567199      0.124584      -0.131716      
448      0.437360      0.018545      0.135975      1.567920      0.111057      -0.118190      
449      0.437240      0.018635      0.136345      1.568428      0.100418      -0.107552      
450      0.437260      0.018725      0.136755      1.568694      0.094364      -0.101498      
451      0.437260      0.018885      0.137165      1.569417      0.075345      -0.082480      
452      0.437120      0.019165      0.137565      1.569775      0.063794      -0.070928      
453      0.436890      0.019535      0.137935      1.570151      0.048582      -0.055716      
454      0.436460      0.020085      0.138295      1.570551      0.022140      -0.029271      
455      0.436210      0.020355      0.138445      1.570636      0.006370      -0.013499      
456      0.436070      0.020475      0.138535      1.570611      -0.008230      0.001103      
457      0.435720      0.020705      0.138745      1.570216      -0.040073      0.032953      
458      0.435540      0.020735      0.138945      1.569699      -0.061062      0.053947      
459      0.435430      0.020775      0.139105      1.568923      -0.083429      0.076322      
460      0.435410      0.020785      0.139135      1.567499      -0.113775      0.106678      
461      0.435300      0.020835      0.139155      1.566024      -0.138494      0.131408      
462      0.435240      0.020895      0.139345      1.563186      -0.176672      0.169605      
463      0.435210      0.020865      0.139635      1.559224      -0.219202      0.212159      
464      0.435140      0.020875      0.139735      1.554938      -0.257448      0.250430      
465      0.435150      0.020865      0.139805      1.550758      -0.289920      0.282926      
466      0.435170      0.020855      0.139845      1.549191      -0.301187      0.294202      
467      0.435210      0.020865      0.139915      1.548068      -0.309010      0.302031      
468      0.435270      0.020915      0.140085      1.546276      -0.321093      0.314124      
469      0.435240      0.020945      0.140225      1.544053      -0.335470      0.328514      
470      0.435130      0.020975      0.140315      1.542958      -0.342333      0.335382      
471      0.435110      0.020955      0.140515      1.540202      -0.359006      0.352071      
472      0.435050      0.020905      0.140675      1.536751      -0.378842      0.371925      
473      0.434940      0.020845      0.140935      1.530798      -0.410772      0.403887      
474      0.434820      0.020755      0.141165      1.525011      -0.439544      0.432690      
475      0.434760      0.020715      0.141255      1.522420      -0.451821      0.444980      
476      0.434660      0.020635      0.141415      1.517543      -0.474038      0.467224      
477      0.434470      0.020525      0.141635      1.511685      -0.499378      0.492594      
478      0.434260      0.020285      0.141945      1.506113      -0.522300      0.515545      
479      0.434060      0.019985      0.142315      1.499209      -0.549319      0.542599      
480      0.433750      0.019705      0.142725      1.493301      -0.571386      0.564696      
481      0.433440      0.019405      0.143255      1.486022      -0.597392      0.590739      
482      0.433060      0.019185      0.143815      1.478339      -0.623597      0.616983      
483      0.432580      0.018815      0.144525      1.470645      -0.648717      0.642142      
484      0.432240      0.018665      0.144945      1.464757      -0.667257      0.660711      
485      0.432120      0.018605      0.145095      1.463353      -0.671598      0.665059      
486      0.431840      0.018415      0.145505      1.458352      -0.686818      0.680304      
487      0.431690      0.018305      0.145775      1.450168      -0.710964      0.704492      
488      0.431590      0.018205      0.145945      1.445912      -0.723174      0.716723      
489      0.431520      0.018175      0.146175      1.439231      -0.741902      0.735484      
490      0.431520      0.018195      0.146305      1.431170      -0.763827      0.757449      
491      0.431520      0.018195      0.146395      1.425037      -0.780055      0.773707      
492      0.431480      0.018275      0.146575      1.414828      -0.806267      0.799969      
493      0.431290      0.018445      0.146715      1.405957      -0.828295      0.822041      
494      0.431310      0.018475      0.146765      1.400176      -0.842299      0.836074      
495      0.431300      0.018455      0.146785      1.394783      -0.855132      0.848932      
496      0.431240      0.018475      0.146805      1.392981      -0.859373      0.853183      
497      0.431060      0.018515      0.146895      1.386150      -0.875231      0.869074      
498      0.430890      0.018425      0.147055      1.379584      -0.890172      0.884047      
499      0.430550      0.018475      0.147175      1.373611      -0.903518      0.897422      
500      0.429900      0.018685      0.147335      1.364976      -0.922417      0.916364      
501      0.428800      0.018765      0.148135      1.347842      -0.958645      0.952675      
502      0.428010      0.018815      0.148615      1.340278      -0.974137      0.968203      
503      0.427370      0.018695      0.149275      1.336557      -0.981652      0.975736      
504      0.427050      0.018695      0.149575      1.333246      -0.988281      0.982381      
505      0.426420      0.018925      0.149905      1.327237      -1.000180      0.994310      
506      0.425820      0.019175      0.150085      1.323473      -1.007549      1.001697      
