0      0.427961      0.050102      0.126789      1.321022      -1.012861      1.009030      
0      0.429571      0.051022      0.126019      1.323079      -1.008862      1.005023      
0      0.431011      0.051892      0.125179      1.326774      -1.001634      0.997781      
0      0.431771      0.052272      0.124779      1.328761      -0.997720      0.993860      
0      0.433481      0.053202      0.123749      1.333438      -0.988435      0.984557      
0      0.435001      0.054032      0.122759      1.336491      -0.982316      0.978427      
0      0.436161      0.054602      0.122059      1.339539      -0.976164      0.972263      
0      0.438011      0.055562      0.121289      1.343814      -0.967456      0.963539      
0      0.439071      0.056062      0.120959      1.346756      -0.961409      0.957480      
0      0.440031      0.056552      0.120799      1.349922      -0.954851      0.950911      
0      0.440851      0.057012      0.120809      1.352621      -0.949220      0.945269      
0      0.441191      0.057172      0.120859      1.353731      -0.946891      0.942936      
0      0.441751      0.057642      0.121039      1.356079      -0.941945      0.937981      
0      0.442331      0.058162      0.121359      1.359420      -0.934854      0.930877      
0      0.442741      0.058562      0.121729      1.363546      -0.926009      0.922016      
0      0.443371      0.059262      0.122239      1.368762      -0.914685      0.910673      
0      0.443781      0.059642      0.122599      1.373388      -0.904505      0.900475      
0      0.444311      0.059982      0.122869      1.377907      -0.894429      0.890382      
0      0.444901      0.060352      0.123009      1.382796      -0.883381      0.879314      
0      0.445131      0.060442      0.123079      1.385046      -0.878240      0.874165      
0      0.445661      0.060672      0.123239      1.387692      -0.872155      0.868069      
0      0.446521      0.060982      0.123259      1.391248      -0.863896      0.859797      
0      0.447401      0.061252      0.123089      1.395226      -0.854551      0.850436      
0      0.449091      0.061622      0.122889      1.398785      -0.846091      0.841962      
0      0.450341      0.061892      0.122639      1.401519      -0.839524      0.835385      
0      0.451761      0.062282      0.122109      1.406066      -0.828475      0.824318      
0      0.453011      0.062602      0.121629      1.408974      -0.821320      0.817152      
0      0.454221      0.062852      0.121199      1.412806      -0.811784      0.807601      
0      0.454801      0.062982      0.120959      1.414804      -0.806762      0.802570      
0      0.455901      0.063312      0.120599      1.418246      -0.798027      0.793823      
0      0.457091      0.063522      0.120359      1.422455      -0.787197      0.782976      
0      0.458781      0.063742      0.120339      1.428067      -0.772498      0.768254      
0      0.460011      0.063812      0.120299      1.431605      -0.763068      0.758810      
0      0.461631      0.063772      0.120429      1.439274      -0.742172      0.737884      
0      0.462691      0.063662      0.120639      1.443163      -0.731326      0.727021      
0      0.463231      0.063622      0.120709      1.444990      -0.726169      0.721857      
0      0.464111      0.063462      0.120659      1.452441      -0.704709      0.700367      
0      0.466011      0.063452      0.120849      1.461576      -0.677387      0.673008      
0      0.467611      0.063292      0.121289      1.463667      -0.670964      0.666577      
0      0.471251      0.062952      0.121219      1.469728      -0.651961      0.647548      
0      0.473161      0.062622      0.121059      1.472101      -0.644355      0.639933      
0      0.474301      0.062482      0.120669      1.475403      -0.633610      0.629174      
0      0.475391      0.062352      0.120279      1.479278      -0.620748      0.616295      
0      0.476291      0.062192      0.119959      1.481539      -0.613107      0.608645      
0      0.477181      0.062082      0.119499      1.483808      -0.605339      0.600867      
0      0.477941      0.062042      0.119029      1.485390      -0.599859      0.595381      
0      0.478791      0.061912      0.118589      1.485577      -0.599209      0.594730      
0      0.479571      0.061852      0.118239      1.485978      -0.597808      0.593327      
0      0.480141      0.061712      0.117829      1.486569      -0.595741      0.591258      
0      0.480631      0.061562      0.117339      1.487768      -0.591521      0.587033      
0      0.480841      0.061492      0.117059      1.488588      -0.588617      0.584125      
0      0.481131      0.061332      0.116479      1.490849      -0.580530      0.576029      
0      0.481451      0.061052      0.115849      1.492201      -0.575633      0.571126      
0      0.481791      0.060752      0.115219      1.493433      -0.571138      0.566626      
0      0.482131      0.060462      0.114529      1.495924      -0.561928      0.557405      
0      0.482491      0.060132      0.113849      1.498299      -0.552993      0.548460      
0      0.482851      0.059732      0.113169      1.500154      -0.545910      0.541368      
0      0.483291      0.059362      0.112279      1.502494      -0.536837      0.532285      
0      0.483691      0.058972      0.111499      1.504526      -0.528824      0.524263      
0      0.483841      0.058742      0.111249      1.504848      -0.527543      0.522981      
0      0.484161      0.058172      0.110799      1.505181      -0.526215      0.521651      
0      0.484501      0.057642      0.110279      1.506016      -0.522867      0.518300      
0      0.484841      0.056752      0.109929      1.507144      -0.518307      0.513735      
0      0.485131      0.056232      0.109499      1.508706      -0.511928      0.507349      
0      0.485411      0.055742      0.109059      1.510557      -0.504257      0.499669      
0      0.485621      0.055182      0.108849      1.511862      -0.498776      0.494183      
0      0.485881      0.054732      0.108389      1.513156      -0.493279      0.488679      
0      0.486031      0.054562      0.108079      1.513713      -0.490891      0.486289      
0      0.486451      0.053972      0.107189      1.515509      -0.483112      0.478502      
0      0.486791      0.053682      0.106339      1.517327      -0.475105      0.470487      
0      0.487131      0.053372      0.105509      1.518845      -0.468311      0.463686      
0      0.487381      0.053002      0.104989      1.519365      -0.465960      0.461332      
0      0.487581      0.052652      0.104619      1.520585      -0.460393      0.455760      
0      0.487721      0.052362      0.104329      1.522179      -0.453018      0.448378      
0      0.487831      0.052112      0.104139      1.524036      -0.444262      0.439613      
0      0.487861      0.052022      0.104089      1.524732      -0.440935      0.436283      
0      0.487891      0.051942      0.104039      1.525835      -0.435605      0.430948      
0      0.487941      0.052022      0.103809      1.528759      -0.421153      0.416482      
0      0.487921      0.052072      0.103809      1.530160      -0.414041      0.409363      
0      0.487941      0.052162      0.103709      1.530626      -0.411646      0.406967      
0      0.487961      0.052252      0.103599      1.530511      -0.412239      0.407560      
0      0.487971      0.052252      0.103579      1.529487      -0.417472      0.412798      
0      0.487981      0.052212      0.103569      1.529081      -0.419531      0.414858      
0      0.487981      0.052192      0.103549      1.529082      -0.419523      0.414850      
0      0.488041      0.052102      0.103449      1.529343      -0.418205      0.413531      
0      0.488121      0.051792      0.103409      1.529728      -0.416248      0.411572      
0      0.488231      0.051612      0.103189      1.531210      -0.408628      0.403945      
0      0.488321      0.051402      0.103029      1.532033      -0.404337      0.399651      
0      0.488391      0.051112      0.103049      1.531236      -0.408495      0.403812      
0      0.488451      0.050862      0.103069      1.531787      -0.405625      0.400939      
0      0.488481      0.050642      0.103179      1.531759      -0.405773      0.401087      
0      0.488501      0.050542      0.103199      1.531299      -0.408168      0.403484      
0      0.488531      0.050402      0.103219      1.530852      -0.410484      0.405803      
0      0.488541      0.050282      0.103309      1.529076      -0.419554      0.414882      
0      0.488491      0.050132      0.103589      1.527239      -0.428731      0.424067      
0      0.488431      0.050012      0.103869      1.525832      -0.435621      0.430963      
0      0.488441      0.049952      0.103829      1.525964      -0.434982      0.430324      
0      0.488451      0.049892      0.103839      1.525736      -0.436088      0.431432      
0      0.488481      0.049762      0.103839      1.526807      -0.430859      0.426197      
0      0.488521      0.049742      0.103609      1.532507      -0.401841      0.397152      
0      0.488601      0.049842      0.103279      1.539753      -0.361526      0.356802      
0      0.488571      0.049732      0.103489      1.542220      -0.346712      0.341975      
0      0.488571      0.049632      0.103539      1.541870      -0.348854      0.344118      
0      0.488591      0.049602      0.103449      1.540633      -0.356315      0.351587      
0      0.488611      0.049562      0.103469      1.540092      -0.359526      0.354800      
0      0.488591      0.049572      0.103549      1.540439      -0.357472      0.352744      
0      0.488571      0.049612      0.103619      1.540232      -0.358698      0.353971      
0      0.488521      0.049762      0.103679      1.540237      -0.358667      0.353940      
0      0.488461      0.049772      0.103849      1.540262      -0.358518      0.353791      
0      0.488461      0.049942      0.103749      1.540059      -0.359722      0.354996      
0      0.488431      0.050052      0.103739      1.540813      -0.355237      0.350507      
0      0.488401      0.050212      0.103699      1.541407      -0.351667      0.346934      
0      0.488391      0.050412      0.103579      1.541461      -0.351338      0.346605      
0      0.488381      0.050492      0.103549      1.541311      -0.352245      0.347512      
0      0.488321      0.050732      0.103619      1.540966      -0.354323      0.349593      
0      0.488281      0.050922      0.103609      1.540642      -0.356261      0.351532      
0      0.488231      0.051102      0.103619      1.539900      -0.360659      0.355934      
0      0.488181      0.051272      0.103669      1.540339      -0.358065      0.353338      
0      0.488181      0.051332      0.103619      1.540158      -0.359136      0.354409      
0      0.488171      0.051352      0.103609      1.541080      -0.353636      0.348904      
0      0.488181      0.051352      0.103619      1.541806      -0.349244      0.344509      
0      0.488191      0.051292      0.103619      1.542373      -0.345775      0.341037      
0      0.488211      0.051192      0.103699      1.541966      -0.348267      0.343532      
0      0.488161      0.051002      0.104009      1.540132      -0.359292      0.354566      
0      0.488081      0.050882      0.104429      1.538021      -0.371570      0.366854      
0      0.487911      0.050802      0.105039      1.534640      -0.390416      0.385717      
0      0.487721      0.050712      0.105729      1.530661      -0.411467      0.406787      
0      0.487601      0.050672      0.106129      1.528711      -0.421394      0.416724      
0      0.487331      0.050482      0.107079      1.523792      -0.445423      0.440775      
0      0.487141      0.050342      0.107859      1.516647      -0.478117      0.473502      
0      0.486911      0.050142      0.108699      1.509189      -0.509939      0.505357      
0      0.486671      0.049902      0.109599      1.499268      -0.549308      0.544771      
0      0.486331      0.049602      0.110809      1.486719      -0.595215      0.590731      
0      0.485911      0.049272      0.112109      1.474329      -0.637125      0.632694      
0      0.485611      0.049062      0.113089      1.461523      -0.677549      0.673170      
0      0.485341      0.048832      0.113989      1.447883      -0.717919      0.713596      
0      0.485031      0.048692      0.114859      1.435790      -0.751745      0.747470      
0      0.484721      0.048562      0.115709      1.425198      -0.780052      0.775820      
0      0.484561      0.048482      0.116159      1.420440      -0.792403      0.788190      
0      0.484171      0.048322      0.117149      1.409992      -0.818799      0.814627      
0      0.483991      0.048252      0.117619      1.405898      -0.828887      0.824731      
0      0.483771      0.048052      0.118249      1.400397      -0.842224      0.838090      
0      0.483251      0.047372      0.119579      1.395525      -0.853842      0.849726      
0      0.482451      0.046542      0.120579      1.393976      -0.857499      0.853389      
0      0.481741      0.045932      0.121109      1.392803      -0.860256      0.856151      
0      0.481031      0.045302      0.121589      1.390259      -0.866203      0.862108      
0      0.480641      0.044942      0.121819      1.388445      -0.870412      0.866324      
0      0.479841      0.044242      0.122289      1.384269      -0.880020      0.875948      
0      0.479421      0.043862      0.122699      1.380329      -0.888975      0.884918      
0      0.477971      0.042512      0.124589      1.356644      -0.940749      0.936783      
0      0.477361      0.042102      0.125349      1.348729      -0.957330      0.953394      
0      0.476841      0.041842      0.125949      1.341523      -0.972135      0.968227      
0      0.476021      0.041662      0.126359      1.333819      -0.987674      0.983795      
0      0.475611      0.041692      0.126259      1.331748      -0.991802      0.987931      
0      0.474941      0.041752      0.126179      1.328562      -0.998112      0.994252      
0      0.474461      0.041832      0.126269      1.321281      -1.012358      1.008525      
