110      0.005380      1638130997998      
111      0.003590      1638130998029      
112      0.001400      1638130998063      
113      0.004010      1638130998094      
114      0.002400      1638130998124      
115      0.010740      1638130998177      
116      0.010290      1638130998199      
117      0.006180      1638130998231      
118      0.009600      1638130998259      
119      0.004270      1638130998294      
120      0.014150      1638130998327      
121      0.004080      1638130998370      
122      0.010330      1638130998403      
123      0.005680      1638130998433      
124      0.005610      1638130998464      
125      0.010150      1638130998493      
126      0.009440      1638130998526      
127      0.010760      1638130998559      
128      0.006380      1638130998594      
129      0.002020      1638130998635      
130      0.008270      1638130998668      
131      0.003960      1638130998697      
132      0.006290      1638130998733      
133      0.008220      1638130998760      
134      0.002310      1638130998795      
135      0.010990      1638130998838      
136      0.008750      1638130998871      
137      0.005410      1638130998899      
138      0.007870      1638130998931      
139      0.001360      1638130998968      
140      0.006050      1638130998996      
141      0.008630      1638130999024      
142      0.002200      1638130999072      
143      0.013710      1638130999106      
144      0.001270      1638130999133      
145      0.006320      1638130999159      
146      0.010360      1638130999192      
147      0.002010      1638130999239      
148      0.015720      1638130999272      
149      0.007190      1638130999300      
150      0.010110      1638130999331      
151      0.007140      1638130999360      
152      0.003360      1638130999390      
153      0.007640      1638130999435      
154      0.009910      1638130999465      
155      0.010570      1638130999501      
156      0.012950      1638130999533      
157      0.009250      1638130999560      
158      0.016970      1638130999595      
159      0.009800      1638130999638      
160      0.024600      1638130999671      
161      0.014380      1638130999708      
162      0.018240      1638130999730      
163      0.024970      1638130999762      
164      0.017400      1638130999794      
165      0.014300      1638130999825      
166      0.011470      1638130999874      
167      0.010030      1638130999904      
168      0.012930      1638130999938      
169      0.008050      1638130999966      
170      0.017970      1638130999995      
171      0.012810      1638131000028      
172      0.018340      1638131000060      
173      0.009110      1638131000092      
174      0.002310      1638131000123      
175      0.013270      1638131000171      
176      0.004010      1638131000205      
177      0.010970      1638131000233      
178      0.002810      1638131000266      
179      0.012700      1638131000298      
180      0.004520      1638131000329      
181      0.002810      1638131000362      
182      0.004930      1638131000392      
183      -0.000200      1638131000439      
184      0.017610      1638131000469      
185      0.001440      1638131000499      
186      0.013270      1638131000530      
187      0.014500      1638131000563      
188      0.008690      1638131000597      
189      0.014060      1638131000626      
190      0.018660      1638131000670      
191      0.022210      1638131000702      
192      0.021340      1638131000733      
193      0.010650      1638131000762      
194      0.012650      1638131000796      
195      0.014920      1638131000830      
196      0.014160      1638131000862      
197      0.012700      1638131000906      
198      0.015530      1638131000938      
199      0.009520      1638131000971      
200      0.010020      1638131001000      
201      0.009430      1638131001029      
202      0.013020      1638131001059      
203      0.007330      1638131001106      
204      0.006490      1638131001136      
205      0.005250      1638131001167      
206      0.006300      1638131001199      
207      0.008930      1638131001233      
208      0.011780      1638131001262      
209      0.006010      1638131001293      
210      0.014230      1638131001340      
211      0.004810      1638131001368      
212      0.008880      1638131001402      
213      0.006210      1638131001429      
214      0.008660      1638131001460      
215      0.006920      1638131001492      
216      0.005360      1638131001541      
217      0.020020      1638131001571      
218      0.004790      1638131001603      
219      0.006150      1638131001632      
220      0.008460      1638131001663      
221      0.004950      1638131001693      
222      0.009790      1638131001741      
223      0.014250      1638131001770      
224      0.008960      1638131001804      
225      0.007770      1638131001836      
226      0.010540      1638131001867      
227      0.005500      1638131001896      
228      0.007660      1638131001931      
229      0.008590      1638131001963      
230      -0.000900      1638131002005      
231      0.010320      1638131002037      
232      0.005320      1638131002070      
233      0.010380      1638131002101      
234      0.006060      1638131002130      
235      0.003520      1638131002162      
236      0.004600      1638131002195      
237      0.005120      1638131002240      
238      0.001540      1638131002269      
239      0.001830      1638131002299      
240      0.001850      1638131002341      
241      0.009240      1638131002366      
242      0.000360      1638131002397      
243      0.005900      1638131002427      
244      0.007320      1638131002473      
245      0.005200      1638131002503      
246      0.007640      1638131002535      
247      0.001960      1638131002563      
248      0.000390      1638131002597      
249      0.008310      1638131002641      
250      0.007350      1638131002671      
251      0.009870      1638131002702      
252      0.003190      1638131002734      
253      0.003910      1638131002768      
254      0.007250      1638131002796      
255      0.005060      1638131002845      
256      0.009570      1638131002877      
257      0.004350      1638131002908      
258      0.006390      1638131002940      
259      -0.003590      1638131002972      
260      0.003640      1638131003004      
261      0.004190      1638131003033      
262      0.000140      1638131003081      
263      0.008880      1638131003111      
264      -0.001750      1638131003142      
265      -0.000470      1638131003169      
266      0.001900      1638131003201      
267      -0.003000      1638131003246      
268      0.008720      1638131003281      
269      0.002870      1638131003307      
270      0.001200      1638131003338      
271      0.006880      1638131003370      
272      0.004960      1638131003405      
273      0.004270      1638131003452      
274      -0.002390      1638131003480      
275      0.002440      1638131003510      
276      0.001300      1638131003541      
277      0.002720      1638131003571      
278      0.003080      1638131003606      
279      0.006430      1638131003652      
280      -0.001990      1638131003684      
281      0.005820      1638131003713      
282      0.008340      1638131003746      
283      0.002270      1638131003777      
284      0.008410      1638131003812      
285      0.007350      1638131003842      
286      0.003150      1638131003871      
287      0.000810      1638131003919      
288      0.007910      1638131003950      
289      0.003550      1638131003981      
290      0.003160      1638131004010      
291      -0.003250      1638131004043      
292      0.001030      1638131004089      
293      0.003190      1638131004117      
294      -0.002830      1638131004147      
295      0.001630      1638131004179      
296      -0.002050      1638131004212      
297      -0.006980      1638131004262      
298      -0.007270      1638131004283      
299      0.007370      1638131004314      
300      0.003340      1638131004347      
301      -0.000020      1638131004377      
302      -0.000490      1638131004422      
303      0.007480      1638131004456      
304      0.002150      1638131004486      
305      0.007930      1638131004513      
306      0.003770      1638131004545      
307      -0.001380      1638131004576      
308      0.015220      1638131004624      
309      0.008130      1638131004652      
310      0.002400      1638131004685      
311      -0.004570      1638131004718      
312      -0.011730      1638131004749      
313      -0.000570      1638131004779      
314      -0.004470      1638131004829      
315      -0.000090      1638131004859      
316      -0.001400      1638131004893      
317      0.000190      1638131004922      
318      0.005730      1638131004954      
319      0.002350      1638131004988      
320      0.006110      1638131005018      
321      0.002990      1638131005049      
322      -0.002420      1638131005097      
323      0.010700      1638131005123      
324      0.006640      1638131005156      
325      0.003460      1638131005183      
326      0.001600      1638131005217      
327      0.005890      1638131005264      
328      0.010120      1638131005296      
329      -0.000270      1638131005324      
330      0.000500      1638131005355      
331      0.006470      1638131005389      
332      -0.004690      1638131005421      
333      0.000850      1638131005449      
334      0.008100      1638131005497      
335      0.000390      1638131005519      
336      0.002490      1638131005545      
337      0.005170      1638131005561      
338      0.001200      1638131005608      
339      0.007790      1638131005641      
340      0.007830      1638131005679      
341      -0.001030      1638131005710      
342      0.001120      1638131005736      
343      0.000620      1638131005768      
344      0.003820      1638131005799      
345      0.002770      1638131005830      
346      -0.001510      1638131005875      
347      0.005080      1638131005908      
348      -0.001860      1638131005942      
349      0.000610      1638131005969      
350      0.000050      1638131005997      
351      0.000430      1638131006035      
352      0.005090      1638131006081      
353      0.004850      1638131006111      
354      0.003990      1638131006140      
355      0.004410      1638131006167      
356      0.004810      1638131006201      
357      0.001510      1638131006233      
358      0.001290      1638131006263      
359      0.006770      1638131006313      
360      -0.001920      1638131006345      
361      0.005630      1638131006371      
362      0.001380      1638131006405      
363      -0.000560      1638131006439      
364      0.003920      1638131006465      
365      0.001100      1638131006509      
366      0.003390      1638131006544      
367      0.001020      1638131006570      
368      -0.001150      1638131006605      
369      0.004240      1638131006634      
370      0.003350      1638131006668      
371      0.000620      1638131006699      
372      0.004200      1638131006730      
373      -0.000550      1638131006777      
374      0.005270      1638131006806      
375      0.001070      1638131006837      
376      0.000290      1638131006878      
377      0.004380      1638131006901      
378      0.003250      1638131006934      
379      0.002950      1638131006966      
380      0.001290      1638131007012      
381      0.008360      1638131007042      
382      0.004540      1638131007077      
383      0.001190      1638131007105      
384      0.006640      1638131007136      
385      0.001190      1638131007166      
386      -0.000140      1638131007213      
387      0.002050      1638131007244      
388      0.002630      1638131007277      
389      0.004370      1638131007306      
390      -0.000300      1638131007338      
391      0.000450      1638131007371      
392      0.004350      1638131007404      
393      0.003450      1638131007438      
394      0.001220      1638131007483      
395      0.005020      1638131007510      
396      -0.000130      1638131007540      
397      0.001250      1638131007567      
398      0.003290      1638131007602      
399      0.004670      1638131007647      
400      0.003420      1638131007679      
401      -0.000970      1638131007708      
402      0.000420      1638131007741      
403      0.002100      1638131007772      
404      0.001370      1638131007806      
405      -0.001950      1638131007851      
406      0.007400      1638131007882      
407      -0.001520      1638131007912      
408      0.003810      1638131007943      
409      -0.001250      1638131007974      
410      0.000820      1638131008006      
411      0.003290      1638131008036      
412      -0.000420      1638131008084      
413      0.006730      1638131008114      
414      0.000760      1638131008146      
415      0.004510      1638131008179      
416      0.003240      1638131008208      
417      -0.000290      1638131008255      
418      0.002250      1638131008284      
419      0.001110      1638131008315      
420      0.000630      1638131008346      
421      0.003870      1638131008379      
422      -0.001420      1638131008407      
423      0.002880      1638131008457      
424      0.003290      1638131008486      
425      0.003620      1638131008522      
426      0.001220      1638131008548      
427      0.001500      1638131008581      
428      0.001310      1638131008612      
429      0.000840      1638131008660      
430      -0.003220      1638131008691      
431      0.000000      1638131008716      
432      -0.001170      1638131008747      
433      -0.001440      1638131008779      
434      0.002710      1638131008825      
435      -0.002890      1638131008859      
436      0.001270      1638131008895      
437      -0.003920      1638131008921      
438      0.003720      1638131008950      
439      0.001510      1638131008979      
440      -0.002960      1638131009030      
441      0.005100      1638131009065      
442      -0.000920      1638131009090      
443      0.004000      1638131009120      
444      0.002570      1638131009154      
445      -0.001480      1638131009184      
446      0.004980      1638131009230      
447      0.002650      1638131009261      
448      -0.000010      1638131009293      
449      0.000890      1638131009320      
450      0.002610      1638131009359      
451      0.001840      1638131009386      
452      -0.001440      1638131009418      
453      -0.001300      1638131009464      
454      0.000190      1638131009495      
455      -0.000500      1638131009527      
456      0.000410      1638131009558      
457      0.001060      1638131009590      
458      0.000480      1638131009622      
459      -0.000410      1638131009652      
460      0.000540      1638131009700      
461      -0.000190      1638131009729      
462      0.002130      1638131009758      
463      -0.000720      1638131009789      
464      -0.000240      1638131009825      
465      0.000500      1638131009862      
466      -0.000310      1638131009899      
467      0.000250      1638131009931      
468      0.000000      1638131009964      
469      0.002510      1638131009994      
470      -0.000290      1638131010024      
471      0.002210      1638131010056      
472      0.000320      1638131010109      
473      0.005670      1638131010135      
474      0.000230      1638131010167      
475      0.005530      1638131010194      
476      0.005640      1638131010227      
477      -0.001880      1638131010270      
478      0.007130      1638131010302      
479      -0.000850      1638131010331      
480      0.000920      1638131010365      
481      0.003740      1638131010395      
482      -0.002790      1638131010424      
483      0.002870      1638131010459      
484      0.005690      1638131010506      
485      0.006560      1638131010536      
486      0.003700      1638131010568      
487      -0.001040      1638131010604      
488      -0.001390      1638131010634      
489      0.005350      1638131010664      
490      -0.002600      1638131010694      
491      -0.003150      1638131010740      
492      0.002350      1638131010773      
493      -0.002890      1638131010802      
494      -0.001430      1638131010835      
495      -0.002720      1638131010863      
496      -0.001250      1638131010901      
497      0.002640      1638131010941      
498      -0.003740      1638131010975      
499      0.003410      1638131011005      
500      -0.001750      1638131011038      
501      -0.001410      1638131011065      
502      -0.004420      1638131011097      
503      -0.020740      1638131011144      
504      -0.032610      1638131011162      
505      -0.019470      1638131011177      
506      -0.012310      1638131011206      
507      -0.017140      1638131011252      
508      -0.023240      1638131011287      
509      -0.003740      1638131011315      
510      -0.010650      1638131011357      
511      -0.009700      1638131011378      
512      -0.003290      1638131011411      
513      -0.013050      1638131011438      
514      -0.003120      1638131011487      
515      -0.016320      1638131011519      
516      -0.007310      1638131011552      
517      -0.009860      1638131011580      
518      -0.009160      1638131011613      
519      -0.006320      1638131011646      
520      -0.007350      1638131011680      
521      -0.003910      1638131011709      
522      -0.011740      1638131011752      
523      -0.013550      1638131011786      
524      -0.016670      1638131011818      
525      -0.010210      1638131011850      
526      -0.021770      1638131011880      
527      -0.015230      1638131011913      
528      -0.013240      1638131011945      
529      -0.012850      1638131011981      
530      -0.011440      1638131012009      
531      -0.013130      1638131012055      
532      -0.012320      1638131012087      
533      -0.009430      1638131012118      
534      -0.006730      1638131012149      
535      -0.009460      1638131012181      
536      -0.016140      1638131012214      
537      -0.007630      1638131012244      
538      -0.008160      1638131012277      
539      -0.010790      1638131012322      
540      -0.016490      1638131012356      
541      -0.008860      1638131012383      
542      -0.011840      1638131012414      
543      -0.010070      1638131012446      
544      -0.010350      1638131012477      
545      -0.006030      1638131012530      
546      -0.013300      1638131012550      
547      -0.004790      1638131012584      
548      -0.013240      1638131012618      
549      -0.010400      1638131012649      
550      -0.009550      1638131012681      
551      -0.015200      1638131012709      
552      -0.010920      1638131012743      
553      -0.010790      1638131012788      
554      -0.021090      1638131012820      
555      -0.010000      1638131012855      
556      -0.010990      1638131012885      
557      -0.016130      1638131012913      
558      -0.010540      1638131012943      
559      -0.012130      1638131012990      
560      -0.014290      1638131013026      
561      -0.017540      1638131013054      
562      -0.014990      1638131013086      
563      -0.015610      1638131013116      
564      -0.016030      1638131013150      
565      -0.013520      1638131013203      
566      -0.018620      1638131013224      
567      -0.007210      1638131013256      
568      -0.008320      1638131013293      
569      -0.009640      1638131013319      
570      -0.008670      1638131013350      
571      -0.007550      1638131013383      
572      -0.011330      1638131013427      
573      -0.015590      1638131013459      
574      -0.013030      1638131013489      
575      -0.011290      1638131013521      
576      -0.013500      1638131013557      
577      -0.010260      1638131013585      
578      -0.013360      1638131013627      
579      -0.019690      1638131013660      
580      -0.014910      1638131013693      
581      -0.013120      1638131013724      
582      -0.015940      1638131013754      
583      -0.013870      1638131013797      
584      -0.018900      1638131013831      
585      -0.014370      1638131013863      
586      -0.016970      1638131013895      
587      -0.012330      1638131013925      
588      -0.011610      1638131013960      
589      -0.016710      1638131013990      
590      -0.017550      1638131014021      
591      -0.015650      1638131014067      
592      -0.017100      1638131014100      
593      -0.012750      1638131014132      
594      -0.009980      1638131014159      
595      -0.013190      1638131014191      
596      -0.012800      1638131014237      
597      -0.018730      1638131014266      
598      -0.009070      1638131014299      
599      -0.013430      1638131014337      
600      -0.009470      1638131014362      
601      -0.014240      1638131014397      
602      -0.012410      1638131014424      
603      -0.023490      1638131014456      
604      -0.021470      1638131014503      
605      -0.040590      1638131014539      
606      -0.024790      1638131014564      
607      -0.018860      1638131014597      
608      -0.017560      1638131014629      
609      -0.004510      1638131014660      
610      -0.008720      1638131014692      
611      -0.009490      1638131014738      
612      -0.009900      1638131014770      
613      -0.014510      1638131014801      
614      -0.012720      1638131014831      
615      -0.014410      1638131014863      
616      -0.018920      1638131014893      
617      -0.020700      1638131014921      
618      -0.016400      1638131014967      
619      -0.019890      1638131015001      
620      -0.015950      1638131015034      
621      -0.008630      1638131015065      
622      -0.008520      1638131015097      
623      -0.015050      1638131015128      
624      -0.008370      1638131015161      
625      -0.009310      1638131015192      
626      -0.010900      1638131015244      
627      -0.018810      1638131015268      
628      -0.009530      1638131015303      
629      -0.016930      1638131015327      
630      -0.010740      1638131015359      
631      -0.009490      1638131015390      
632      -0.011080      1638131015440      
