133      0.470521      0.019772      0.132099      1.323257      -1.008516      1.004676      
134      0.471401      0.019562      0.131679      1.326191      -1.002777      0.998927      
135      0.472211      0.019382      0.131259      1.328723      -0.997796      0.993935      
136      0.473271      0.019122      0.130719      1.333026      -0.989257      0.985380      
137      0.473881      0.018982      0.130379      1.335249      -0.984811      0.980926      
138      0.474381      0.018782      0.130049      1.337323      -0.980643      0.976750      
139      0.474621      0.018692      0.129949      1.338007      -0.979263      0.975368      
140      0.475191      0.018522      0.129829      1.339562      -0.976118      0.972217      
141      0.475771      0.018362      0.129759      1.342063      -0.971034      0.967123      
142      0.476401      0.018262      0.129879      1.346130      -0.962700      0.958774      
143      0.477061      0.018122      0.130029      1.347612      -0.959641      0.955710      
144      0.478051      0.017942      0.130059      1.352006      -0.950505      0.946557      
145      0.478681      0.017792      0.130169      1.355040      -0.944138      0.940178      
146      0.479291      0.017612      0.130189      1.358731      -0.936322      0.932348      
147      0.479871      0.017452      0.130169      1.362028      -0.929273      0.925287      
148      0.480361      0.017312      0.130149      1.365957      -0.920795      0.916794      
149      0.480841      0.017152      0.130119      1.369898      -0.912198      0.908181      
150      0.481111      0.017052      0.130099      1.371819      -0.907972      0.903948      
151      0.481621      0.016862      0.130129      1.375104      -0.900694      0.896658      
152      0.482091      0.016652      0.130119      1.378505      -0.893085      0.889035      
153      0.482761      0.016322      0.130159      1.384259      -0.880043      0.875971      
154      0.483161      0.016122      0.130229      1.387158      -0.873387      0.869304      
155      0.483601      0.015912      0.130189      1.392378      -0.861254      0.857151      
156      0.483821      0.015862      0.130089      1.396085      -0.852516      0.848398      
157      0.484011      0.015842      0.130089      1.399333      -0.844779      0.840649      
158      0.484101      0.015842      0.130109      1.400442      -0.842118      0.837983      
159      0.484291      0.015892      0.130199      1.403461      -0.834825      0.830678      
160      0.484621      0.015992      0.130349      1.407820      -0.824168      0.820005      
161      0.485181      0.016122      0.130539      1.413318      -0.810500      0.806315      
162      0.485511      0.016242      0.130719      1.417508      -0.799909      0.795707      
163      0.485871      0.016382      0.130769      1.420874      -0.791285      0.787070      
164      0.486161      0.016552      0.130829      1.425928      -0.778137      0.773902      
165      0.486581      0.016722      0.131019      1.430169      -0.766910      0.762658      
166      0.487021      0.016862      0.131069      1.432438      -0.760829      0.756568      
167      0.487301      0.016932      0.131039      1.433912      -0.756847      0.752581      
168      0.487881      0.017102      0.131099      1.436644      -0.749412      0.745134      
169      0.488561      0.017232      0.131179      1.438443      -0.744468      0.740183      
170      0.489361      0.017442      0.130999      1.442487      -0.733223      0.728922      
171      0.490201      0.017692      0.130669      1.446879      -0.720795      0.716476      
172      0.491001      0.017932      0.130299      1.450532      -0.710273      0.705939      
173      0.491711      0.018182      0.129929      1.453576      -0.701376      0.697030      
174      0.492301      0.018432      0.129649      1.454870      -0.697557      0.693206      
175      0.492841      0.018642      0.129539      1.456117      -0.693853      0.689496      
176      0.493251      0.018802      0.129509      1.457556      -0.689555      0.685193      
177      0.493631      0.018922      0.129549      1.458967      -0.685310      0.680942      
178      0.494021      0.018962      0.129729      1.460296      -0.681287      0.676914      
179      0.494371      0.019032      0.129819      1.461745      -0.676870      0.672491      
180      0.494651      0.019082      0.129829      1.462663      -0.674056      0.669673      
181      0.494871      0.019162      0.129839      1.463302      -0.672090      0.667704      
182      0.495021      0.019262      0.129729      1.463777      -0.670625      0.666237      
183      0.495281      0.019402      0.129539      1.465549      -0.665126      0.660730      
184      0.495501      0.019472      0.129499      1.467232      -0.659856      0.655454      
185      0.495661      0.019492      0.129509      1.468329      -0.656399      0.651992      
186      0.495941      0.019472      0.129589      1.470538      -0.649374      0.644958      
187      0.496091      0.019472      0.129629      1.473283      -0.640532      0.636105      
188      0.496191      0.019472      0.129669      1.475412      -0.633579      0.629143      
189      0.496381      0.019472      0.129659      1.478062      -0.624814      0.620367      
190      0.496821      0.019402      0.129839      1.481141      -0.614460      0.610000      
191      0.497001      0.019402      0.129899      1.482089      -0.611235      0.606770      
192      0.497401      0.019412      0.130009      1.484547      -0.602785      0.598310      
193      0.497881      0.019472      0.130109      1.487450      -0.592644      0.588157      
194      0.498371      0.019512      0.130139      1.489469      -0.585480      0.580985      
195      0.498851      0.019562      0.130089      1.491796      -0.577106      0.572600      
196      0.499341      0.019652      0.129719      1.494853      -0.565906      0.561387      
197      0.500051      0.019712      0.129169      1.498508      -0.552202      0.547668      
198      0.500421      0.019742      0.128929      1.501272      -0.541595      0.537048      
199      0.500661      0.019772      0.128689      1.503571      -0.532606      0.528049      
200      0.500731      0.019802      0.128559      1.505208      -0.526106      0.521542      
201      0.500781      0.019812      0.128389      1.508723      -0.511858      0.507279      
202      0.500761      0.019842      0.128269      1.511700      -0.499460      0.494868      
203      0.500651      0.019832      0.128079      1.514258      -0.488542      0.483938      
204      0.500471      0.019842      0.127779      1.518599      -0.469416      0.464792      
205      0.500301      0.019802      0.127619      1.520325      -0.461584      0.456952      
206      0.500041      0.019732      0.127379      1.521487      -0.456235      0.451597      
207      0.499721      0.019652      0.127089      1.522721      -0.450479      0.445836      
208      0.499551      0.019612      0.126909      1.523014      -0.449100      0.444456      
209      0.499221      0.019492      0.126489      1.523859      -0.445104      0.440456      
210      0.498881      0.019242      0.125959      1.525920      -0.435192      0.430534      
211      0.498921      0.018992      0.125889      1.527100      -0.429417      0.424753      
212      0.499111      0.018692      0.125929      1.528521      -0.422346      0.417676      
213      0.499331      0.018412      0.125889      1.529687      -0.416458      0.411783      
214      0.499441      0.018282      0.125909      1.530670      -0.411420      0.406740      
215      0.499651      0.018072      0.126009      1.532365      -0.402590      0.397901      
216      0.499961      0.017812      0.125959      1.533792      -0.394998      0.390302      
217      0.500151      0.017662      0.126019      1.535436      -0.386061      0.381358      
218      0.500421      0.017592      0.126099      1.536532      -0.379988      0.375279      
219      0.500701      0.017562      0.126219      1.537381      -0.375209      0.370496      
220      0.500801      0.017582      0.126299      1.538589      -0.368306      0.363587      
221      0.500871      0.017602      0.126309      1.539262      -0.364401      0.359679      
222      0.501011      0.017672      0.126409      1.540364      -0.357917      0.353189      
223      0.501261      0.017772      0.126539      1.541884      -0.348768      0.344032      
224      0.501361      0.017832      0.126539      1.543028      -0.341718      0.336977      
225      0.501551      0.017902      0.126639      1.544020      -0.335481      0.330735      
226      0.501721      0.017942      0.126769      1.545172      -0.328093      0.323341      
227      0.501871      0.017952      0.126879      1.546170      -0.321548      0.316791      
228      0.502001      0.017982      0.126959      1.547339      -0.313712      0.308949      
229      0.502001      0.018012      0.126979      1.548445      -0.306109      0.301340      
230      0.501981      0.018052      0.126949      1.549399      -0.299396      0.294622      
231      0.501981      0.018082      0.126929      1.550308      -0.292855      0.288076      
232      0.501971      0.018082      0.126919      1.551069      -0.287259      0.282476      
233      0.501911      0.018062      0.126869      1.551416      -0.284669      0.279884      
234      0.501761      0.017992      0.126799      1.551850      -0.281405      0.276617      
235      0.501731      0.017972      0.126749      1.552731      -0.274650      0.269857      
236      0.501791      0.017932      0.126759      1.553382      -0.269545      0.264749      
237      0.501881      0.017922      0.126729      1.554139      -0.263485      0.258684      
238      0.501911      0.017902      0.126719      1.554784      -0.258207      0.253403      
239      0.501911      0.017892      0.126719      1.555296      -0.253947      0.249139      
240      0.502011      0.017872      0.126729      1.555986      -0.248080      0.243269      
241      0.501991      0.017852      0.126709      1.556514      -0.243498      0.238684      
242      0.501951      0.017852      0.126649      1.557047      -0.238782      0.233964      
243      0.501901      0.017852      0.126629      1.557798      -0.231974      0.227152      
244      0.501851      0.017832      0.126519      1.558328      -0.227045      0.222220      
245      0.501841      0.017812      0.126369      1.559172      -0.218966      0.214135      
246      0.501891      0.017702      0.126359      1.559825      -0.212516      0.207681      
247      0.501931      0.017612      0.126349      1.560260      -0.208095      0.203258      
248      0.502021      0.017382      0.126209      1.561012      -0.200241      0.195398      
249      0.502091      0.017152      0.125929      1.561970      -0.189759      0.184910      
250      0.502251      0.016712      0.125539      1.562706      -0.181290      0.176437      
251      0.502401      0.016552      0.125199      1.563000      -0.177801      0.172945      
252      0.502471      0.016452      0.125029      1.563280      -0.174413      0.169555      
253      0.502401      0.016302      0.124929      1.563609      -0.170342      0.165483      
254      0.502371      0.016162      0.124859      1.563989      -0.165519      0.160656      
255      0.502361      0.016072      0.124829      1.564347      -0.160836      0.155971      
256      0.502331      0.015872      0.124769      1.564718      -0.155848      0.150980      
257      0.502351      0.015642      0.124639      1.565518      -0.144496      0.139622      
258      0.502321      0.015462      0.124609      1.565974      -0.137608      0.132730      
259      0.502151      0.015322      0.124429      1.566355      -0.131597      0.126717      
260      0.501861      0.015222      0.124199      1.566678      -0.126254      0.121370      
261      0.501631      0.015152      0.124009      1.567032      -0.120149      0.115262      
262      0.501401      0.015092      0.123719      1.567380      -0.113831      0.108942      
263      0.501361      0.015102      0.123559      1.567516      -0.111257      0.106366      
264      0.501361      0.015082      0.123359      1.567651      -0.108651      0.103759      
265      0.501451      0.014872      0.123349      1.567807      -0.105567      0.100674      
266      0.501491      0.014732      0.123349      1.568067      -0.100206      0.095310      
267      0.501581      0.014582      0.123359      1.568305      -0.095034      0.090135      
268      0.501591      0.014462      0.123439      1.568628      -0.087553      0.082652      
269      0.501681      0.014432      0.123499      1.568911      -0.080441      0.075536      
270      0.501751      0.014352      0.123549      1.568938      -0.079719      0.074814      
271      0.501771      0.014362      0.123489      1.568900      -0.080740      0.075835      
272      0.501761      0.014402      0.123469      1.568943      -0.079593      0.074688      
273      0.501691      0.014522      0.123429      1.569117      -0.074852      0.069945      
274      0.501681      0.014582      0.123519      1.569145      -0.074043      0.069136      
275      0.501671      0.014592      0.123639      1.569247      -0.071084      0.066175      
276      0.501741      0.014622      0.123749      1.569367      -0.067433      0.062523      
277      0.501891      0.014622      0.123789      1.569541      -0.061788      0.056876      
278      0.502001      0.014652      0.123869      1.569757      -0.053969      0.049053      
279      0.502181      0.014692      0.123989      1.569934      -0.046651      0.041732      
280      0.502261      0.014702      0.124079      1.570077      -0.039781      0.034859      
281      0.502351      0.014762      0.124209      1.570195      -0.033162      0.028238      
282      0.502471      0.014822      0.124349      1.570275      -0.027814      0.022889      
283      0.502471      0.014822      0.124349      1.570388      -0.017936      0.013007      
284      0.502471      0.014822      0.124349      1.570406      -0.015847      0.010917      
285      0.502471      0.014822      0.124349      1.570430      -0.012636      0.007705      
286      0.502471      0.014822      0.124349      1.570469      -0.004563      -0.000370      
287      0.502471      0.014822      0.124349      1.570477      -0.000747      -0.004188      
288      0.502471      0.014822      0.124349      1.570478      0.002849      -0.007786      
289      0.502471      0.014822      0.124349      1.570476      0.004726      -0.009663      
290      0.502471      0.014822      0.124349      1.570471      0.007420      -0.012357      
291      0.502471      0.014822      0.124349      1.570463      0.010097      -0.015036      
292      0.502471      0.014822      0.124349      1.570456      0.011699      -0.016638      
293      0.502471      0.014822      0.124349      1.570438      0.015092      -0.020032      
294      0.502471      0.014822      0.124349      1.570428      0.016654      -0.021595      
295      0.502471      0.014822      0.124349      1.570398      0.020518      -0.025459      
296      0.502471      0.014822      0.124349      1.570353      0.025104      -0.030047      
297      0.502471      0.014822      0.124349      1.570323      0.027789      -0.032733      
298      0.502471      0.014822      0.124349      1.570314      0.028535      -0.033479      
299      0.502471      0.014822      0.124349      1.570280      0.031143      -0.036087      
300      0.502471      0.014822      0.124349      1.570235      0.034307      -0.039252      
301      0.502471      0.014822      0.124349      1.570215      0.035595      -0.040541      
302      0.502471      0.014822      0.124349      1.570160      0.038972      -0.043918      
303      0.502471      0.014822      0.124349      1.570122      0.041123      -0.046070      
304      0.502471      0.014822      0.124349      1.570069      0.043919      -0.048866      
305      0.502471      0.014822      0.124349      1.570043      0.045222      -0.050170      
306      0.502471      0.014822      0.124349      1.570003      0.047185      -0.052134      
307      0.502471      0.014822      0.124349      1.569968      0.048803      -0.053752      
308      0.502471      0.014822      0.124349      1.569904      0.051692      -0.056642      
309      0.502471      0.014822      0.124349      1.569942      0.049989      -0.054938      
310      0.502471      0.014822      0.124349      1.570043      0.045254      -0.050202      
311      0.502471      0.014822      0.124349      1.570074      0.043636      -0.048584      
312      0.502471      0.014822      0.124349      1.570104      0.042065      -0.047013      
313      0.502471      0.014822      0.124349      1.570120      0.041233      -0.046180      
314      0.502471      0.014822      0.124349      1.570156      0.039199      -0.044146      
315      0.502471      0.014822      0.124349      1.570136      0.040299      -0.045246      
316      0.502471      0.014822      0.124349      1.570124      0.041005      -0.045952      
317      0.502471      0.014822      0.124349      1.570035      0.045646      -0.050594      
318      0.502471      0.014822      0.124349      1.569899      0.051904      -0.056854      
319      0.502471      0.014822      0.124349      1.569799      0.056050      -0.061001      
320      0.502541      0.014632      0.124289      1.569769      0.057205      -0.062156      
321      0.502661      0.014462      0.124209      1.569726      0.058877      -0.063829      
322      0.502511      0.013992      0.124099      1.569763      0.057464      -0.062415      
323      0.502191      0.013832      0.124039      1.569303      0.073136      -0.078091      
324      0.502231      0.013592      0.124109      1.569256      0.074542      -0.079497      
325      0.502211      0.013502      0.123919      1.569197      0.076253      -0.081209      
326      0.502281      0.013182      0.123789      1.568915      0.084058      -0.089015      
327      0.502301      0.013022      0.123809      1.568705      0.089381      -0.094339      
328      0.502331      0.012752      0.123789      1.568331      0.098182      -0.103141      
329      0.502531      0.012502      0.123889      1.568019      0.104941      -0.109902      
330      0.502741      0.012202      0.123969      1.567959      0.106181      -0.111142      
331      0.502821      0.011982      0.123979      1.567972      0.105915      -0.110875      
332      0.502831      0.011892      0.123989      1.568018      0.104965      -0.109925      
333      0.502721      0.011722      0.123939      1.567971      0.105930      -0.110891      
334      0.502711      0.011612      0.123959      1.567906      0.107265      -0.112226      
335      0.502731      0.011532      0.123959      1.567798      0.109471      -0.114432      
336      0.502891      0.011382      0.124049      1.567443      0.116363      -0.121325      
337      0.503151      0.011342      0.124149      1.567239      0.120154      -0.125117      
338      0.503331      0.011232      0.124219      1.567106      0.122548      -0.127512      
339      0.503451      0.011202      0.124269      1.566846      0.127117      -0.132081      
340      0.503601      0.011182      0.124349      1.566887      0.126402      -0.131366      
341      0.503581      0.011172      0.124339      1.566691      0.129762      -0.134726      
342      0.503601      0.011182      0.124429      1.566702      0.129566      -0.134530      
343      0.503441      0.011182      0.124289      1.566696      0.129675      -0.134640      
344      0.503511      0.011172      0.124329      1.566466      0.133506      -0.138470      
345      0.503701      0.011172      0.124599      1.566295      0.136276      -0.141241      
346      0.503951      0.011202      0.124709      1.566056      0.140059      -0.145025      
347      0.504091      0.011242      0.124789      1.565539      0.147899      -0.152866      
348      0.504351      0.011322      0.124919      1.565374      0.150316      -0.155283      
349      0.504431      0.011332      0.124959      1.565259      0.151980      -0.156947      
350      0.504511      0.011422      0.124969      1.564985      0.155872      -0.160839      
351      0.504441      0.011522      0.124849      1.564957      0.156264      -0.161232      
352      0.504451      0.011542      0.124929      1.564882      0.157300      -0.162267      
353      0.504581      0.011632      0.125009      1.564954      0.156303      -0.161271      
354      0.504631      0.011662      0.125029      1.564811      0.158281      -0.163248      
355      0.504831      0.011762      0.125169      1.564611      0.161019      -0.165987      
356      0.505071      0.011812      0.125399      1.564495      0.162589      -0.167556      
357      0.505561      0.011952      0.125759      1.564191      0.166606      -0.171574      
358      0.505941      0.012032      0.126299      1.563845      0.171086      -0.176054      
359      0.506201      0.012142      0.126449      1.563461      0.175903      -0.180872      
360      0.506421      0.012272      0.126609      1.563259      0.178382      -0.183351      
361      0.506761      0.012432      0.126869      1.562745      0.184556      -0.189525      
362      0.506971      0.012522      0.127009      1.562772      0.184242      -0.189211      
363      0.507301      0.012722      0.127169      1.562418      0.188368      -0.193338      
364      0.507591      0.012792      0.127479      1.562591      0.186360      -0.191329      
365      0.507901      0.012872      0.127509      1.562383      0.188776      -0.193746      
366      0.507941      0.012882      0.127539      1.562223      0.190612      -0.195581      
367      0.507941      0.012882      0.127529      1.562118      0.191812      -0.196781      
368      0.507981      0.012862      0.127579      1.561761      0.195812      -0.200782      
369      0.508111      0.012862      0.127729      1.561567      0.197953      -0.202923      
370      0.508161      0.012872      0.127759      1.561608      0.197506      -0.202476      
371      0.508581      0.013022      0.128029      1.561379      0.200008      -0.204978      
372      0.508801      0.013092      0.128189      1.561408      0.199694      -0.204664      
373      0.508931      0.013322      0.128189      1.561002      0.204070      -0.209040      
374      0.508881      0.013452      0.128199      1.560991      0.204180      -0.209150      
375      0.508831      0.013492      0.128019      1.560952      0.204604      -0.209574      
376      0.508801      0.013572      0.127949      1.560827      0.205921      -0.210891      
377      0.508821      0.013622      0.127889      1.560726      0.206988      -0.211958      
378      0.508881      0.013632      0.127989      1.560580      0.208517      -0.213487      
379      0.509051      0.013662      0.128119      1.559858      0.215903      -0.220874      
380      0.509281      0.013692      0.128269      1.559801      0.216476      -0.221446      
381      0.509391      0.013792      0.128349      1.559368      0.220773      -0.225743      
382      0.509501      0.013892      0.128489      1.559454      0.219934      -0.224904      
383      0.509411      0.014042      0.128459      1.559192      0.222497      -0.227468      
384      0.509381      0.014112      0.128429      1.559079      0.223603      -0.228573      
385      0.509371      0.014212      0.128499      1.558782      0.226464      -0.231435      
386      0.509351      0.014292      0.128589      1.558792      0.226370      -0.231340      
387      0.509181      0.014442      0.128409      1.558571      0.228479      -0.233449      
388      0.509061      0.014522      0.128319      1.558363      0.230447      -0.235417      
389      0.509011      0.014552      0.128299      1.557976      0.234061      -0.239031      
390      0.509031      0.014542      0.128299      1.557879      0.234954      -0.239924      
391      0.509101      0.014512      0.128289      1.557569      0.237800      -0.242770      
392      0.509201      0.014462      0.128379      1.557374      0.239571      -0.244541      
393      0.509221      0.014432      0.128389      1.557276      0.240457      -0.245427      
394      0.509341      0.014412      0.128309      1.556998      0.242949      -0.247919      
395      0.509611      0.014402      0.128479      1.557111      0.241938      -0.246908      
396      0.509831      0.014302      0.128659      1.556563      0.246798      -0.251767      
397      0.509991      0.014212      0.128799      1.556559      0.246837      -0.251806      
398      0.510221      0.014182      0.128889      1.556248      0.249548      -0.254518      
399      0.510381      0.014142      0.128979      1.556124      0.250622      -0.255591      
400      0.510761      0.013992      0.129279      1.555804      0.253373      -0.258342      
401      0.511421      0.013872      0.129679      1.555591      0.255183      -0.260152      
402      0.512331      0.013592      0.130279      1.555267      0.257917      -0.262886      
403      0.512851      0.013422      0.130519      1.555002      0.260135      -0.265104      
404      0.513141      0.013242      0.130789      1.555105      0.259281      -0.264250      
405      0.513491      0.013162      0.130839      1.554689      0.262728      -0.267697      
406      0.513651      0.013102      0.130979      1.554790      0.261890      -0.266859      
407      0.513741      0.013002      0.131159      1.554619      0.263300      -0.268269      
408      0.513961      0.012952      0.131139      1.554366      0.265376      -0.270345      
409      0.514081      0.012812      0.131289      1.554427      0.264875      -0.269843      
410      0.514221      0.012772      0.131259      1.553883      0.269286      -0.274254      
411      0.514351      0.012642      0.131599      1.553759      0.270281      -0.275249      
412      0.514541      0.012642      0.131679      1.553014      0.276171      -0.281139      
413      0.514521      0.012602      0.131849      1.553266      0.274197      -0.279165      
414      0.514431      0.012762      0.131749      1.553098      0.275513      -0.280481      
415      0.514431      0.012762      0.131749      1.552918      0.276923      -0.281891      
416      0.514431      0.012762      0.131749      1.553043      0.275944      -0.280912      
417      0.514431      0.012762      0.131749      1.552589      0.279485      -0.284452      
418      0.514431      0.012762      0.131749      1.552618      0.279257      -0.284225      
419      0.514431      0.012762      0.131749      1.552125      0.283048      -0.288015      
420      0.514431      0.012762      0.131749      1.551505      0.287739      -0.292706      
421      0.514431      0.012762      0.131749      1.551253      0.289627      -0.294593      
422      0.514431      0.012762      0.131749      1.550991      0.291576      -0.296543      
423      0.514431      0.012762      0.131749      1.550833      0.292743      -0.297709      
424      0.514431      0.012762      0.131749      1.550192      0.297433      -0.302399      
425      0.514431      0.012762      0.131749      1.550102      0.298083      -0.303049      
426      0.514431      0.012762      0.131749      1.549654      0.301317      -0.306282      
427      0.514431      0.012762      0.131749      1.549513      0.302319      -0.307284      
428      0.514431      0.012762      0.131749      1.549391      0.303188      -0.308152      
429      0.514431      0.012762      0.131749      1.549242      0.304252      -0.309217      
430      0.514431      0.012762      0.131749      1.548655      0.308386      -0.313350      
431      0.514431      0.012762      0.131749      1.548202      0.311540      -0.316504      
432      0.514431      0.012762      0.131749      1.547923      0.313466      -0.318429      
433      0.514431      0.012762      0.131749      1.547469      0.316573      -0.321536      
434      0.514431      0.012762      0.131749      1.547520      0.316221      -0.321183      
435      0.514431      0.012762      0.131749      1.547089      0.319147      -0.324110      
436      0.514431      0.012762      0.131749      1.546737      0.321519      -0.326481      
437      0.514431      0.012762      0.131749      1.546614      0.322340      -0.327302      
438      0.514431      0.012762      0.131749      1.546670      0.321965      -0.326927      
439      0.514431      0.012762      0.131749      1.546745      0.321464      -0.326426      
440      0.514431      0.012762      0.131749      1.547090      0.319140      -0.324102      
441      0.514431      0.012762      0.131749      1.547898      0.313638      -0.318601      
442      0.514431      0.012762      0.131749      1.548544      0.309161      -0.314125      
443      0.514431      0.012762      0.131749      1.550028      0.298623      -0.303589      
444      0.514431      0.012762      0.131749      1.551980      0.284153      -0.289119      
445      0.514431      0.012762      0.131749      1.553067      0.275756      -0.280724      
446      0.514431      0.012762      0.131749      1.554607      0.263402      -0.268371      
447      0.514431      0.012762      0.131749      1.555620      0.254940      -0.259909      
448      0.514431      0.012762      0.131749      1.556510      0.247260      -0.252229      
449      0.514431      0.012762      0.131749      1.557568      0.237808      -0.242777      
450      0.514431      0.012762      0.131749      1.557901      0.234751      -0.239720      
451      0.514431      0.012762      0.131749      1.558647      0.227758      -0.232728      
452      0.514431      0.012762      0.131749      1.559286      0.221580      -0.226550      
453      0.514431      0.012762      0.131749      1.560628      0.208015      -0.212985      
454      0.514431      0.012762      0.131749      1.561986      0.193302      -0.198272      
455      0.514431      0.012762      0.131749      1.563276      0.178178      -0.183147      
456      0.514431      0.012762      0.131749      1.564590      0.161310      -0.166277      
457      0.514431      0.012762      0.131749      1.566877      0.126575      -0.131539      
458      0.514431      0.012762      0.131749      1.567666      0.112077      -0.117039      
459      0.514431      0.012762      0.131749      1.568732      0.088714      -0.093671      
460      0.514431      0.012762      0.131749      1.569274      0.073984      -0.078939      
461      0.514431      0.012762      0.131749      1.569554      0.065049      -0.070002      
462      0.514431      0.012762      0.131749      1.569799      0.056050      -0.061001      
463      0.514431      0.012762      0.131749      1.569969      0.048756      -0.053705      
464      0.514431      0.012762      0.131749      1.570170      0.038375      -0.043321      
465      0.514431      0.012762      0.131749      1.570320      0.028049      -0.032992      
466      0.514431      0.012762      0.131749      1.570400      0.020275      -0.025216      
467      0.514431      0.012762      0.131749      1.570428      0.016686      -0.021626      
468      0.514431      0.012762      0.131749      1.570469      0.008079      -0.013017      
469      0.514431      0.012762      0.131749      1.570478      0.001648      -0.006584      
470      0.514431      0.012762      0.131749      1.570465      -0.005624      0.000690      
471      0.514431      0.012762      0.131749      1.570418      -0.014253      0.009323      
472      0.514431      0.012762      0.131749      1.570311      -0.025027      0.020100      
473      0.514431      0.012762      0.131749      1.570180      -0.034057      0.029133      
474      0.514431      0.012762      0.131749      1.570036      -0.041885      0.036965      
475      0.514431      0.012762      0.131749      1.569730      -0.055029      0.050113      
476      0.514431      0.012762      0.131749      1.569332      -0.068540      0.063630      
477      0.514431      0.012762      0.131749      1.568954      -0.079295      0.074390      
478      0.514431      0.012762      0.131749      1.568597      -0.088307      0.083405      
479      0.514431      0.012762      0.131749      1.568307      -0.094995      0.090096      
480      0.514431      0.012762      0.131749      1.568011      -0.101384      0.096488      
481      0.514431      0.012762      0.131749      1.567760      -0.106517      0.101624      
482      0.514141      0.012822      0.131759      1.567493      -0.111712      0.106822      
483      0.513641      0.012782      0.131499      1.566882      -0.122770      0.117884      
484      0.513111      0.012812      0.131459      1.565835      -0.139749      0.134873      
485      0.512481      0.012802      0.131419      1.564357      -0.160711      0.155846      
486      0.511991      0.012822      0.131379      1.563266      -0.174577      0.169720      
487      0.511601      0.012822      0.131629      1.562174      -0.187446      0.182596      
488      0.510881      0.012752      0.131469      1.560625      -0.204325      0.199485      
489      0.510471      0.012632      0.131369      1.559578      -0.214977      0.210144      
490      0.510211      0.012562      0.131249      1.558738      -0.223159      0.218331      
491      0.509591      0.012372      0.130979      1.557881      -0.231206      0.226383      
492      0.509031      0.012162      0.130859      1.557660      -0.233243      0.228422      
493      0.508441      0.011842      0.130879      1.556927      -0.239855      0.235038      
494      0.507771      0.011422      0.130989      1.556095      -0.247140      0.242328      
495      0.507281      0.011092      0.131399      1.555793      -0.249733      0.244923      
496      0.506121      0.010312      0.131699      1.554272      -0.262404      0.257603      
497      0.505361      0.009852      0.131909      1.553376      -0.269592      0.264796      
498      0.505051      0.009662      0.132129      1.552689      -0.274971      0.270178      
499      0.504061      0.009152      0.132679      1.550471      -0.291665      0.286885      
500      0.502871      0.008692      0.132989      1.548642      -0.304732      0.299962      
501      0.501311      0.008132      0.133009      1.546638      -0.318436      0.313676      
502      0.500701      0.007862      0.132929      1.546018      -0.322557      0.317801      
503      0.500081      0.007502      0.132839      1.544572      -0.331963      0.327214      
504      0.499401      0.007122      0.132489      1.543243      -0.340374      0.335632      
505      0.498801      0.006862      0.132279      1.542272      -0.346392      0.341655      
506      0.498181      0.006602      0.132059      1.540949      -0.354425      0.349694      
507      0.497531      0.006392      0.131909      1.539564      -0.362635      0.357912      
508      0.497191      0.006302      0.131819      1.538984      -0.366017      0.361297      
509      0.496401      0.006132      0.131539      1.537149      -0.376521      0.371809      
510      0.495571      0.005952      0.131299      1.535889      -0.383563      0.378858      
511      0.494621      0.005752      0.131079      1.533900      -0.394420      0.389724      
512      0.493571      0.005542      0.130809      1.531552      -0.406849      0.402165      
513      0.492521      0.005342      0.130839      1.528955      -0.420162      0.415490      
514      0.490941      0.005052      0.130869      1.526165      -0.434000      0.429341      
515      0.489901      0.004862      0.130719      1.524419      -0.442431      0.437781      
516      0.488961      0.004742      0.130879      1.522553      -0.451266      0.446624      
517      0.487951      0.004582      0.130919      1.520580      -0.460416      0.455783      
518      0.487491      0.004542      0.130919      1.520138      -0.462441      0.457810      
519      0.486591      0.004412      0.130959      1.518955      -0.467812      0.463187      
520      0.485711      0.004232      0.130969      1.517278      -0.475323      0.470705      
521      0.484531      0.004052      0.130959      1.515192      -0.484497      0.479889      
522      0.483781      0.003882      0.131019      1.512758      -0.494974      0.490376      
523      0.483021      0.003732      0.130889      1.510691      -0.503697      0.499109      
524      0.482541      0.003612      0.130849      1.508959      -0.510887      0.506306      
525      0.482271      0.003562      0.130799      1.508006      -0.514796      0.510219      
526      0.481571      0.003402      0.130579      1.505855      -0.523512      0.518945      
527      0.481001      0.003302      0.130579      1.504131      -0.530393      0.525834      
528      0.480081      0.003142      0.130409      1.500755      -0.543597      0.539053      
529      0.479631      0.003052      0.130299      1.499756      -0.547438      0.542898      
530      0.479091      0.002942      0.130179      1.498025      -0.554033      0.549500      
531      0.478421      0.002782      0.129999      1.496517      -0.559710      0.555184      
532      0.477801      0.002652      0.129959      1.495098      -0.564999      0.560479      
533      0.477231      0.002532      0.130089      1.492840      -0.573308      0.568798      
534      0.476661      0.002422      0.130139      1.490919      -0.580275      0.575773      
535      0.476401      0.002372      0.130239      1.489988      -0.583621      0.579124      
536      0.475721      0.002282      0.130549      1.486085      -0.597436      0.592955      
537      0.475261      0.002242      0.130549      1.484893      -0.601585      0.597109      
538      0.474781      0.002252      0.130469      1.482836      -0.608681      0.604214      
539      0.474241      0.002212      0.130339      1.481558      -0.613045      0.608583      
540      0.473741      0.002222      0.130359      1.480032      -0.618211      0.613756      
541      0.473181      0.002262      0.130279      1.478372      -0.623778      0.619330      
542      0.472591      0.002312      0.130129      1.476464      -0.630117      0.625676      
543      0.472141      0.002412      0.130089      1.474861      -0.635387      0.630953      
544      0.471691      0.002482      0.129969      1.473344      -0.640331      0.635904      
545      0.471221      0.002532      0.129899      1.471468      -0.646394      0.641974      
546      0.470681      0.002572      0.129789      1.469028      -0.654184      0.649774      
547      0.469931      0.002592      0.129599      1.466677      -0.661600      0.657200      
548      0.469151      0.002622      0.129509      1.464228      -0.669229      0.664839      
549      0.468201      0.002472      0.129299      1.462246      -0.675336      0.670955      
550      0.467761      0.002352      0.129209      1.461008      -0.679121      0.674745      
551      0.467541      0.002282      0.129159      1.460405      -0.680956      0.676582      
552      0.467061      0.002172      0.129079      1.458855      -0.685649      0.681281      
553      0.466641      0.002102      0.129029      1.456784      -0.691866      0.687507      
554      0.466061      0.002002      0.128849      1.454766      -0.697865      0.693514      
555      0.465581      0.001902      0.128689      1.453260      -0.702307      0.697962      
556      0.465191      0.001802      0.128639      1.451849      -0.706440      0.702101      
557      0.464701      0.001662      0.128529      1.450312      -0.710911      0.706578      
558      0.464141      0.001532      0.128459      1.447336      -0.719488      0.715167      
559      0.463221      0.001342      0.128329      1.444338      -0.728013      0.723705      
560      0.462701      0.001222      0.128249      1.442386      -0.733508      0.729207      
561      0.462481      0.001172      0.128229      1.440923      -0.737595      0.733300      
562      0.461951      0.001042      0.128059      1.438284      -0.744906      0.740621      
563      0.461441      0.000952      0.127929      1.436338      -0.750248      0.745972      
564      0.460881      0.000872      0.127859      1.433995      -0.756625      0.752358      
565      0.460271      0.000792      0.127689      1.432258      -0.761312      0.757051      
566      0.459771      0.000812      0.127669      1.430846      -0.765100      0.760845      
567      0.458721      0.000932      0.127479      1.428691      -0.770842      0.766596      
568      0.457961      0.000982      0.127309      1.426775      -0.775908      0.771669      
569      0.457401      0.001052      0.127239      1.424703      -0.781347      0.777117      
570      0.457101      0.001102      0.127219      1.423681      -0.784012      0.779786      
571      0.456461      0.001152      0.127169      1.421331      -0.790107      0.785890      
572      0.455781      0.001222      0.127079      1.419069      -0.795923      0.791715      
573      0.455151      0.001302      0.127029      1.417916      -0.798869      0.794665      
574      0.454641      0.001392      0.127049      1.417652      -0.799542      0.795340      
575      0.454071      0.001502      0.126949      1.416828      -0.801638      0.797439      
576      0.453151      0.001652      0.126909      1.416237      -0.803137      0.798940      
577      0.452361      0.001742      0.126829      1.413321      -0.810492      0.806307      
578      0.451601      0.001792      0.126789      1.410291      -0.818058      0.813885      
579      0.450741      0.001782      0.126719      1.406605      -0.827154      0.822995      
580      0.450291      0.001782      0.126629      1.404243      -0.832925      0.828775      
581      0.449301      0.001692      0.126279      1.400366      -0.842301      0.838166      
582      0.448651      0.001672      0.126279      1.397833      -0.848362      0.844238      
583      0.448021      0.001632      0.126299      1.395207      -0.854596      0.850482      
584      0.447381      0.001542      0.126149      1.391948      -0.862259      0.858157      
585      0.446881      0.001442      0.126069      1.390082      -0.866614      0.862520      
586      0.446361      0.001372      0.126059      1.386748      -0.874331      0.870249      
587      0.445661      0.001272      0.125769      1.382391      -0.884300      0.880236      
588      0.444921      0.001242      0.125529      1.379851      -0.890054      0.885999      
589      0.444091      0.001302      0.125549      1.376567      -0.897429      0.893387      
590      0.443171      0.001402      0.125479      1.374069      -0.902994      0.898962      
591      0.442721      0.001452      0.125439      1.372822      -0.905757      0.901729      
592      0.441891      0.001552      0.125409      1.370005      -0.911963      0.907946      
593      0.441201      0.001672      0.125419      1.366763      -0.919045      0.915040      
594      0.440541      0.001802      0.125319      1.364066      -0.924887      0.920893      
595      0.440011      0.001852      0.125109      1.361266      -0.930909      0.926925      
596      0.439501      0.001952      0.124909      1.356823      -0.940371      0.936404      
597      0.439191      0.001962      0.124899      1.352086      -0.950339      0.946390      
598      0.438951      0.002012      0.124889      1.348601      -0.957594      0.953659      
599      0.438811      0.002032      0.124869      1.346394      -0.962156      0.958229      
600      0.438431      0.002082      0.124849      1.342226      -0.970702      0.966790      
601      0.437911      0.002162      0.124699      1.337555      -0.980175      0.976282      
602      0.437321      0.002272      0.124589      1.334455      -0.986401      0.982519      
603      0.436421      0.002442      0.124619      1.327118      -1.000956      0.997102      
604      0.435781      0.002522      0.124519      1.324116      -1.006839      1.002996      
605      0.435281      0.002612      0.124549      1.320482      -1.013906      1.010077      
