0      0.007410      1640270957879      
0      0.004080      1640270957911      
0      0.007440      1640270957941      
0      0.013060      1640270957974      
0      0.009860      1640270958019      
0      0.013560      1640270958053      
0      0.008380      1640270958088      
0      0.004390      1640270958112      
0      0.008850      1640270958145      
0      0.011670      1640270958178      
0      0.005610      1640270958210      
0      0.012130      1640270958244      
0      0.010850      1640270958290      
0      0.017150      1640270958318      
0      0.011450      1640270958349      
0      0.017420      1640270958381      
0      0.013930      1640270958396      
0      0.005890      1640270958428      
0      0.015260      1640270958462      
0      0.012530      1640270958495      
0      0.006960      1640270958527      
0      0.015080      1640270958556      
0      0.016170      1640270958588      
0      0.015140      1640270958620      
0      0.018690      1640270958653      
0      0.016010      1640270958706      
0      0.033440      1640270958735      
0      0.022700      1640270958767      
0      0.019230      1640270958795      
0      0.005290      1640270958827      
0      0.011790      1640270958860      
0      0.005970      1640270958894      
0      0.008550      1640270958921      
0      0.005860      1640270958953      
0      0.006910      1640270958986      
0      0.008290      1640270959032      
0      0.012640      1640270959066      
0      0.008890      1640270959096      
0      0.015050      1640270959128      
0      0.010920      1640270959161      
0      0.004500      1640270959194      
0      0.014990      1640270959225      
0      0.015370      1640270959256      
0      0.015750      1640270959292      
0      0.017840      1640270959320      
0      0.022110      1640270959368      
0      0.030530      1640270959397      
0      0.019720      1640270959428      
0      0.027310      1640270959460      
0      0.024410      1640270959503      
0      0.012910      1640270959525      
0      0.040510      1640270959557      
0      0.027170      1640270959589      
0      0.013030      1640270959620      
0      0.014660      1640270959668      
0      0.018220      1640270959696      
0      0.015570      1640270959728      
0      0.009190      1640270959760      
0      0.012000      1640270959793      
0      0.008500      1640270959827      
0      0.004960      1640270959857      
0      0.015230      1640270959891      
0      0.020330      1640270959928      
0      0.011940      1640270959970      
0      0.019240      1640270960002      
0      0.024250      1640270960030      
0      0.016270      1640270960061      
0      0.005720      1640270960097      
0      0.023080      1640270960127      
0      0.009190      1640270960159      
0      0.003080      1640270960191      
0      0.011830      1640270960222      
0      0.014960      1640270960271      
0      0.001640      1640270960304      
0      0.009680      1640270960330      
0      -0.002470      1640270960362      
0      0.005610      1640270960394      
0      0.005860      1640270960427      
0      -0.000400      1640270960458      
0      0.004470      1640270960508      
0      0.007960      1640270960541      
0      -0.001490      1640270960570      
0      0.003310      1640270960602      
0      0.001970      1640270960634      
0      0.008160      1640270960663      
0      0.002010      1640270960696      
0      0.005060      1640270960732      
0      0.004000      1640270960773      
0      0.009250      1640270960804      
0      0.005720      1640270960836      
0      0.012000      1640270960868      
0      0.006980      1640270960902      
0      0.002860      1640270960935      
0      0.007590      1640270960961      
0      0.004380      1640270961010      
0      0.015440      1640270961042      
0      0.003520      1640270961072      
0      0.004220      1640270961105      
0      0.009570      1640270961137      
0      0.004250      1640270961168      
0      0.007260      1640270961196      
0      0.007870      1640270961245      
0      0.012610      1640270961278      
0      0.007420      1640270961310      
0      0.004190      1640270961354      
0      0.006560      1640270961375      
0      0.006450      1640270961406      
0      0.003640      1640270961436      
0      0.003010      1640270961466      
0      0.007530      1640270961499      
0      0.003020      1640270961553      
0      0.011160      1640270961586      
0      0.003180      1640270961612      
0      0.005560      1640270961641      
0      0.006150      1640270961671      
0      0.009230      1640270961702      
0      0.006340      1640270961754      
0      0.001320      1640270961787      
0      -0.000950      1640270961812      
0      0.002850      1640270961845      
0      0.002380      1640270961877      
0      0.001350      1640270961908      
0      0.008270      1640270961939      
0      0.002570      1640270961973      
0      0.005140      1640270962005      
0      0.004560      1640270962052      
0      0.002430      1640270962083      
0      0.007950      1640270962113      
0      -0.003390      1640270962144      
0      0.007040      1640270962179      
0      0.003210      1640270962210      
0      -0.000860      1640270962240      
0      0.006320      1640270962272      
0      0.002080      1640270962323      
0      -0.001780      1640270962353      
0      0.001750      1640270962389      
0      0.002360      1640270962417      
0      0.007570      1640270962445      
0      0.006210      1640270962478      
0      0.005900      1640270962514      
0      0.001740      1640270962551      
0      -0.000030      1640270962593      
0      0.007270      1640270962625      
0      -0.002330      1640270962656      
0      0.007820      1640270962685      
0      -0.000810      1640270962717      
0      0.000620      1640270962754      
0      0.004760      1640270962779      
0      0.003730      1640270962839      
0      0.014000      1640270962878      
0      0.009710      1640270962902      
0      0.012820      1640270962929      
0      0.000510      1640270962945      
0      0.004230      1640270962976      
0      0.001370      1640270963019      
0      -0.001770      1640270963063      
0      -0.001110      1640270963088      
0      -0.003730      1640270963120      
0      -0.001500      1640270963151      
0      -0.000870      1640270963182      
0      0.002410      1640270963220      
0      0.000780      1640270963243      
0      0.004160      1640270963277      
0      0.003300      1640270963323      
0      -0.000680      1640270963357      
0      0.003150      1640270963388      
0      0.001980      1640270963424      
0      0.000070      1640270963455      
0      0.004460      1640270963484      
0      -0.001350      1640270963512      
0      0.002540      1640270963547      
0      0.005990      1640270963576      
0      -0.001870      1640270963610      
0      0.002910      1640270963659      
0      0.001800      1640270963689      
0      0.006080      1640270963721      
0      0.004640      1640270963748      
0      -0.002290      1640270963778      
0      0.001780      1640270963815      
0      0.000250      1640270963843      
0      0.007950      1640270963893      
0      0.000230      1640270963926      
0      0.000140      1640270963955      
0      0.007060      1640270963987      
0      0.000370      1640270964024      
0      0.007130      1640270964045      
0      0.007510      1640270964077      
0      0.003130      1640270964109      
0      0.003670      1640270964141      
0      0.005030      1640270964192      
0      0.001560      1640270964226      
0      0.002080      1640270964262      
0      0.001040      1640270964290      
0      0.003380      1640270964322      
0      0.001170      1640270964352      
0      -0.001530      1640270964379      
0      -0.001030      1640270964411      
0      -0.003150      1640270964447      
0      -0.003480      1640270964477      
0      -0.001270      1640270964525      
0      -0.002470      1640270964557      
0      -0.001040      1640270964602      
0      -0.002710      1640270964625      
0      -0.001240      1640270964654      
0      0.000900      1640270964677      
0      0.003360      1640270964725      
0      -0.001440      1640270964756      
0      0.004820      1640270964786      
0      0.004510      1640270964819      
0      0.001470      1640270964852      
0      0.006400      1640270964876      
0      0.000420      1640270964926      
0      0.004030      1640270964956      
0      0.000720      1640270964987      
0      0.001790      1640270965018      
0      0.001120      1640270965048      
0      0.004510      1640270965079      
0      0.000760      1640270965111      
0      0.008690      1640270965161      
0      0.005160      1640270965192      
0      -0.000770      1640270965224      
0      0.002380      1640270965261      
0      -0.001740      1640270965287      
0      0.002990      1640270965314      
0      -0.002100      1640270965346      
0      0.000170      1640270965377      
0      0.001240      1640270965410      
0      0.001330      1640270965469      
0      0.004340      1640270965491      
0      0.003420      1640270965523      
0      0.000600      1640270965554      
0      0.003020      1640270965587      
0      0.000680      1640270965620      
0      0.000060      1640270965652      
0      0.001460      1640270965686      
0      0.001620      1640270965728      
0      -0.003320      1640270965759      
0      -0.003160      1640270965792      
0      -0.008910      1640270965824      
0      -0.005100      1640270965859      
0      -0.008660      1640270965889      
0      -0.007630      1640270965912      
0      -0.011940      1640270965945      
0      -0.002720      1640270965994      
0      0.001070      1640270966027      
0      -0.001850      1640270966060      
0      0.001290      1640270966093      
0      -0.000910      1640270966124      
0      -0.004760      1640270966156      
0      -0.000880      1640270966187      
0      -0.005000      1640270966219      
0      0.003680      1640270966252      
0      0.002800      1640270966280      
0      0.003440      1640270966311      
0      0.011300      1640270966361      
0      0.000250      1640270966393      
0      0.007550      1640270966425      
0      0.002910      1640270966458      
0      -0.001110      1640270966493      
0      0.007130      1640270966520      
0      0.007850      1640270966550      
0      0.002510      1640270966580      
0      0.007750      1640270966628      
0      0.008770      1640270966660      
0      -0.001940      1640270966694      
0      0.001410      1640270966726      
0      0.000800      1640270966757      
0      -0.000070      1640270966789      
0      0.005670      1640270966821      
0      0.001660      1640270966851      
0      -0.002240      1640270966888      
0      0.003760      1640270966929      
0      -0.002170      1640270966967      
0      0.000210      1640270966995      
0      -0.000010      1640270967035      
0      -0.001290      1640270967057      
0      0.000750      1640270967105      
0      0.000000      1640270967138      
0      0.002530      1640270967170      
0      0.000730      1640270967193      
0      -0.002790      1640270967227      
0      0.000080      1640270967261      
0      -0.001150      1640270967295      
0      -0.001040      1640270967323      
0      -0.000110      1640270967350      
0      -0.000490      1640270967394      
0      0.001050      1640270967427      
0      -0.000290      1640270967461      
0      0.000030      1640270967495      
0      0.000570      1640270967530      
0      -0.001530      1640270967557      
0      0.001410      1640270967586      
0      0.001480      1640270967618      
0      -0.001710      1640270967650      
0      0.002800      1640270967683      
0      0.000450      1640270967735      
0      -0.001460      1640270967760      
0      0.000250      1640270967792      
0      -0.001330      1640270967825      
0      0.002410      1640270967857      
0      0.003190      1640270967888      
0      0.001590      1640270967937      
0      0.000980      1640270967952      
0      0.005750      1640270967983      
0      0.005380      1640270968011      
0      -0.003700      1640270968062      
0      -0.003250      1640270968092      
0      -0.001660      1640270968125      
0      -0.005000      1640270968155      
0      -0.001930      1640270968187      
0      -0.003590      1640270968217      
0      -0.015940      1640270968247      
0      -0.010830      1640270968294      
0      -0.008070      1640270968326      
0      -0.006040      1640270968362      
0      -0.009850      1640270968391      
0      -0.014190      1640270968423      
0      -0.026910      1640270968454      
0      -0.023970      1640270968487      
0      -0.015920      1640270968519      
0      -0.030170      1640270968557      
0      -0.040230      1640270968584      
0      -0.023900      1640270968613      
0      -0.034010      1640270968661      
0      -0.041810      1640270968693      
0      -0.016180      1640270968727      
0      -0.013250      1640270968761      
0      -0.031190      1640270968787      
0      -0.023270      1640270968820      
0      -0.026620      1640270968849      
0      -0.036660      1640270968882      
0      -0.032770      1640270968912      
0      -0.031430      1640270968962      
0      -0.052430      1640270968995      
0      -0.026700      1640270969027      
0      -0.013860      1640270969057      
0      -0.038410      1640270969088      
0      -0.026240      1640270969123      
0      -0.025430      1640270969154      
0      -0.030470      1640270969196      
0      -0.045400      1640270969228      
0      -0.018640      1640270969260      
0      -0.015440      1640270969291      
0      -0.010490      1640270969323      
0      -0.025030      1640270969355      
0      -0.027430      1640270969385      
0      -0.026030      1640270969417      
0      -0.021420      1640270969449      
0      -0.022000      1640270969479      
0      -0.024820      1640270969526      
0      -0.044920      1640270969561      
0      -0.017560      1640270969592      
0      -0.032500      1640270969623      
0      -0.019890      1640270969653      
0      -0.012700      1640270969685      
0      -0.017390      1640270969717      
0      -0.023230      1640270969767      
0      -0.023250      1640270969795      
0      -0.011280      1640270969827      
0      -0.017130      1640270969858      
0      -0.009790      1640270969889      
0      -0.014340      1640270969921      
0      -0.016290      1640270969970      
0      -0.009850      1640270969988      
0      -0.014040      1640270970017      
0      -0.018560      1640270970045      
0      -0.022310      1640270970094      
0      -0.036740      1640270970126      
0      -0.020490      1640270970171      
0      -0.010350      1640270970197      
0      -0.021870      1640270970223      
0      -0.022830      1640270970253      
0      -0.017450      1640270970286      
0      -0.016550      1640270970318      
0      -0.016390      1640270970351      
0      -0.016920      1640270970394      
0      -0.021810      1640270970426      
0      -0.012200      1640270970459      
0      -0.014870      1640270970492      
0      -0.007460      1640270970522      
0      -0.018080      1640270970556      
