69      74.850549      0.087270      
70      73.671367      0.087270      
71      72.848003      0.087270      
72      72.393061      0.087270      
73      71.848735      0.087270      
74      71.043705      0.087270      
75      70.011205      0.087270      
76      69.418749      0.087270      
77      68.479643      0.087270      
78      67.510170      0.087270      
79      66.743530      0.087270      
80      65.771765      0.087270      
81      64.384020      0.087270      
82      62.646188      0.087270      
83      61.331784      0.087270      
84      60.299857      0.087270      
85      59.513163      0.087270      
86      58.406748      0.087270      
87      57.418940      0.087270      
88      56.424256      0.087270      
89      55.375712      0.087270      
90      54.504791      0.087270      
91      53.659080      0.087270      
92      52.647780      0.087270      
93      52.130957      0.087270      
94      50.896196      0.087270      
95      50.204043      0.087270      
96      49.512462      0.087270      
97      49.157218      0.087270      
98      48.488556      0.087270      
99      48.243896      0.087270      
100      47.857711      0.087270      
101      47.249785      0.087270      
102      46.763330      0.087270      
103      46.298074      0.087270      
104      45.574407      0.087270      
105      44.576858      0.087270      
106      43.757504      0.087270      
107      43.143848      0.087270      
108      42.551393      0.087270      
109      41.905650      0.087270      
110      41.153907      0.087270      
111      40.625625      0.087270      
112      39.931752      0.087270      
113      39.138182      0.087270      
114      38.455770      0.087270      
115      37.598026      0.087270      
116      36.895559      0.087270      
117      35.506669      0.087270      
118      34.566417      0.087270      
119      33.852491      0.087270      
120      33.140283      0.087270      
121      32.276810      0.087270      
122      31.876874      0.087270      
123      31.093045      0.087270      
124      30.635238      0.087270      
125      30.314372      0.087270      
126      30.072004      0.087270      
127      29.835938      0.087270      
128      29.264682      0.087270      
129      28.948973      0.087270      
130      28.487156      0.087270      
131      27.765208      0.087270      
132      27.287920      0.087270      
133      26.732134      0.087270      
134      26.073786      0.087270      
135      25.413720      0.087270      
136      24.722139      0.087270      
137      24.160051      0.087270      
138      23.963521      0.087270      
139      23.605984      0.087270      
140      23.284546      0.087270      
141      22.798090      0.087270      
142      22.395289      0.087270      
143      21.543276      0.087270      
144      20.723349      0.087270      
145      20.269553      0.087270      
146      19.806589      0.087270      
147      19.094382      0.087270      
148      18.496769      0.087270      
149      17.857902      0.087270      
150      17.240236      0.087270      
151      16.289671      0.087270      
152      15.488652      0.087270      
153      14.875569      0.087270      
154      14.540379      0.087270      
155      13.620181      0.087270      
156      12.901671      0.087270      
157      12.105809      0.087270      
158      11.682381      0.087270      
159      11.260672      0.087270      
160      10.965017      0.087270      
161      10.457361      0.087270      
162      9.965176      0.087270      
163      9.563521      0.087270      
164      9.153271      0.087270      
165      8.849594      0.087270      
166      8.532166      0.087270      
167      8.156868      0.087270      
168      8.038835      0.087270      
169      7.995862      0.087270      
170      7.495082      0.087270      
171      7.262454      0.087270      
172      7.303135      0.087270      
173      6.982270      0.087270      
174      6.597804      0.087270      
175      6.541652      0.087270      
176      6.200159      0.087270      
177      5.864396      0.087270      
178      5.777877      0.087270      
179      5.524622      0.087270      
180      5.128696      0.087270      
181      4.967118      0.087270      
182      4.492695      0.087270      
183      4.134012      0.087270      
184      3.679643      0.087270      
185      3.416648      0.087270      
186      2.993220      0.087270      
187      2.529683      0.087270      
188      1.948687      0.087270      
189      1.014165      0.087270      
190      0.602769      0.087270      
191      0.187936      0.087270      
192      -0.033806      0.087270      
193      -0.194811      0.087270      
194      -0.396498      0.087270      
195      -0.560369      0.087270      
196      -0.885246      0.087270      
197      -1.213560      0.087270      
198      -1.636416      0.087270      
199      -1.901130      0.087270      
200      -2.141779      0.087270      
201      -2.615629      0.087270      
202      -3.348464      0.087270      
203      -3.869871      0.087270      
204      -4.623333      0.087270      
205      -5.236416      0.087270      
206      -5.615725      0.087270      
207      -6.351424      0.087270      
208      -7.301417      0.087270      
209      -7.895018      0.087270      
210      -8.453096      0.087270      
211      -9.231195      0.087270      
212      -9.645456      0.087270      
213      -9.887251      0.087270      
214      -10.490594      0.087270      
215      -10.978768      0.087270      
216      -11.140347      0.087270      
217      -11.613051      0.087270      
218      -11.999236      0.087270      
219      -12.073150      0.087270      
220      -12.400891      0.087270      
221      -12.553303      0.087270      
222      -12.701130      0.087270      
223      -12.907401      0.087270      
224      -13.162948      0.087270      
225      -13.214515      0.087270      
226      -13.797804      0.087270      
227      -13.946777      0.087270      
228      -14.167372      0.087270      
229      -14.429795      0.087270      
230      -14.602260      0.087270      
231      -14.758682      0.087270      
232      -14.846347      0.087270      
233      -14.980996      0.087270      
234      -15.125386      0.087270      
235      -15.269776      0.087270      
236      -15.481776      0.087270      
237      -15.743053      0.087270      
238      -15.888015      0.087270      
239      -16.286806      0.087270      
240      -16.890721      0.087270      
241      -17.271176      0.087270      
242      -17.582874      0.087270      
243      -18.161579      0.087270      
244      -18.326596      0.087270      
245      -18.634283      0.087270      
246      -19.076619      0.087270      
247      -19.227312      0.087270      
248      -19.608340      0.087270      
249      -20.183034      0.087270      
250      -20.381856      0.087270      
251      -20.981760      0.087270      
252      -21.314086      0.087270      
253      -21.743817      0.087270      
254      -22.221678      0.087270      
255      -22.681203      0.087270      
256      -23.132134      0.087270      
257      -23.640363      0.087270      
258      -24.245997      0.087270      
259      -24.247143      0.087270      
260      -24.656820      0.087270      
261      -25.244119      0.087270      
262      -25.351838      0.087270      
263      -25.791310      0.087270      
264      -26.504663      0.087270      
265      -26.673118      0.087270      
266      -26.907465      0.087270      
267      -27.486169      0.087270      
268      -27.628840      0.087270      
269      -27.789846      0.087270      
270      -28.170301      0.087270      
271      -28.472831      0.087270      
272      -28.632118      0.087270      
273      -28.707751      0.087270      
274      -28.304950      0.087270      
275      -27.093108      0.087270      
276      -25.233806      0.087270      
277      -22.259494      0.087270      
278      -19.420404      0.087270      
279      -16.181951      0.087270      
280      -12.280567      0.087270      
281      -9.412828      0.087270      
282      -3.689384      0.087270      
283      0.624542      0.087270      
284      2.035779      0.087270      
285      4.191310      0.087270      
286      6.937578      0.087270      
287      8.532739      0.087270      
288      9.138373      0.087270      
289      11.119720      0.087270      
290      13.021996      0.087270      
291      14.014961      0.087270      
292      16.768677      0.087270      
293      18.342639      0.087270      
294      19.270285      0.087270      
295      21.112399      0.087270      
296      22.838771      0.087270      
297      24.827566      0.087270      
298      27.889543      0.087270      
299      29.709884      0.087270      
300      31.569187      0.087270      
301      32.960369      0.087270      
302      34.284514      0.087270      
303      35.173770      0.087270      
304      38.044374      0.087270      
305      39.766736      0.087270      
306      41.445551      0.087270      
307      43.244692      0.087270      
308      45.236352      0.087270      
309      46.040809      0.087270      
310      47.426261      0.087270      
311      49.188159      0.087270      
312      50.262486      0.087270      
313      53.204711      0.129260      
314      55.605475      0.177990      
315      57.145058      0.217380      
316      59.258189      0.264580      
317      61.358141      0.303740      
318      63.647748      0.352670      
319      65.307656      0.393130      
320      67.796658      0.436330      
321      70.055897      0.436330      
322      71.856183      0.436330      
323      73.202101      0.436330      
324      74.000828      0.436330      
325      74.256374      0.436330      
