0      0.010080      1640268500144      
0      0.012030      1640268500177      
0      0.011890      1640268500207      
0      0.006850      1640268500245      
0      0.009280      1640268500270      
0      0.005660      1640268500302      
0      0.006740      1640268500334      
0      0.008750      1640268500367      
0      0.010860      1640268500413      
0      0.011120      1640268500449      
0      0.009010      1640268500474      
0      0.018540      1640268500506      
0      0.009540      1640268500538      
0      0.014450      1640268500570      
0      0.008110      1640268500603      
0      0.008800      1640268500653      
0      0.016860      1640268500683      
0      0.009940      1640268500712      
0      0.012920      1640268500742      
0      0.013650      1640268500775      
0      0.012090      1640268500807      
0      0.004440      1640268500840      
0      0.011870      1640268500875      
0      0.011680      1640268500918      
0      0.019660      1640268500945      
0      0.012030      1640268500976      
0      0.011930      1640268501009      
0      0.009530      1640268501042      
0      0.012740      1640268501077      
0      0.009230      1640268501107      
0      0.017110      1640268501155      
0      0.025100      1640268501185      
0      0.016360      1640268501212      
0      0.017450      1640268501244      
0      0.011250      1640268501275      
0      0.015470      1640268501308      
0      0.020100      1640268501357      
0      0.021020      1640268501389      
0      0.015570      1640268501420      
0      0.014510      1640268501454      
0      0.010980      1640268501485      
0      0.010360      1640268501517      
0      0.005170      1640268501549      
0      0.003310      1640268501577      
0      0.008430      1640268501626      
0      0.014580      1640268501659      
0      0.016960      1640268501694      
0      0.014630      1640268501726      
0      0.005890      1640268501757      
0      0.015460      1640268501788      
0      0.017820      1640268501821      
0      0.014920      1640268501853      
0      0.022590      1640268501882      
0      0.013120      1640268501913      
0      0.014080      1640268501960      
0      0.024670      1640268501992      
0      0.016210      1640268502025      
0      0.008030      1640268502059      
0      0.014730      1640268502091      
0      0.015360      1640268502120      
0      0.012970      1640268502151      
0      0.008100      1640268502196      
0      0.020010      1640268502226      
0      0.015470      1640268502261      
0      0.008710      1640268502300      
0      0.003810      1640268502325      
0      0.009140      1640268502354      
0      0.011690      1640268502387      
0      0.007770      1640268502419      
0      0.010090      1640268502450      
0      0.010430      1640268502501      
0      0.001910      1640268502527      
0      0.002020      1640268502559      
0      0.005460      1640268502592      
0      0.002710      1640268502624      
0      0.004570      1640268502659      
0      0.010070      1640268502693      
0      0.010420      1640268502721      
0      0.009870      1640268502766      
0      0.022580      1640268502799      
0      0.011560      1640268502833      
0      0.006270      1640268502859      
0      0.010580      1640268502900      
0      0.008870      1640268502925      
0      0.002020      1640268502957      
0      0.010130      1640268502989      
0      0.016470      1640268503035      
0      0.012650      1640268503069      
0      0.002880      1640268503105      
0      0.013410      1640268503132      
0      0.006100      1640268503165      
0      -0.001970      1640268503194      
0      0.009350      1640268503226      
0      0.010520      1640268503259      
0      0.004290      1640268503294      
0      0.003510      1640268503339      
0      0.027320      1640268503370      
0      0.006350      1640268503402      
0      0.003280      1640268503434      
0      0.016490      1640268503466      
0      0.008560      1640268503502      
0      -0.000110      1640268503532      
0      0.018860      1640268503560      
0      0.016710      1640268503575      
0      0.000260      1640268503608      
0      -0.002060      1640268503639      
0      0.004860      1640268503672      
0      0.009280      1640268503708      
0      0.001530      1640268503737      
0      0.004310      1640268503784      
0      -0.000110      1640268503811      
0      0.006940      1640268503843      
0      0.003310      1640268503877      
0      0.002700      1640268503910      
0      0.004300      1640268503943      
0      0.003250      1640268503973      
0      -0.000550      1640268504005      
0      0.010290      1640268504036      
0      0.004300      1640268504087      
0      0.003660      1640268504121      
0      0.005410      1640268504152      
0      0.001350      1640268504183      
0      0.004210      1640268504209      
0      0.001120      1640268504241      
0      0.002170      1640268504274      
0      0.009200      1640268504309      
0      0.000610      1640268504337      
0      0.002740      1640268504369      
0      0.008310      1640268504420      
0      0.013320      1640268504449      
0      0.009990      1640268504482      
0      0.014830      1640268504516      
0      0.008330      1640268504543      
0      0.003290      1640268504575      
0      0.003640      1640268504608      
0      0.002270      1640268504640      
0      0.002390      1640268504683      
0      0.000400      1640268504725      
0      0.008510      1640268504750      
0      0.000360      1640268504783      
0      0.008360      1640268504811      
0      0.003200      1640268504843      
0      0.002580      1640268504875      
0      0.005240      1640268504909      
0      0.003200      1640268504943      
0      0.007220      1640268504975      
0      0.003290      1640268505006      
0      0.002150      1640268505052      
0      0.011250      1640268505085      
0      0.000700      1640268505116      
0      0.003670      1640268505151      
0      0.007620      1640268505182      
0      0.004910      1640268505210      
0      0.002680      1640268505241      
0      0.002820      1640268505274      
0      0.003170      1640268505310      
0      0.006770      1640268505359      
0      0.005260      1640268505387      
0      0.004170      1640268505420      
0      0.007480      1640268505451      
0      0.002920      1640268505484      
0      0.007590      1640268505514      
0      0.008930      1640268505542      
0      0.002380      1640268505591      
0      0.004190      1640268505622      
0      0.003710      1640268505654      
0      0.001730      1640268505686      
0      0.005940      1640268505719      
0      0.002190      1640268505751      
0      -0.000480      1640268505782      
0      0.006170      1640268505814      
0      0.002520      1640268505844      
0      0.004100      1640268505893      
0      0.008360      1640268505924      
0      0.008220      1640268505965      
0      0.004120      1640268505989      
0      0.005870      1640268506020      
0      0.006380      1640268506050      
0      0.009780      1640268506082      
0      0.004390      1640268506114      
0      0.007830      1640268506169      
0      0.010020      1640268506193      
0      0.003590      1640268506223      
0      0.004960      1640268506257      
0      0.000780      1640268506290      
0      0.001890      1640268506321      
0      0.002830      1640268506358      
0      0.001470      1640268506384      
0      0.001460      1640268506416      
0      0.000750      1640268506448      
0      0.002400      1640268506497      
0      0.000990      1640268506525      
0      0.000390      1640268506567      
0      -0.001460      1640268506594      
0      -0.000840      1640268506622      
0      0.000960      1640268506654      
0      -0.002360      1640268506685      
0      -0.002260      1640268506719      
0      0.001370      1640268506775      
0      -0.000020      1640268506798      
0      0.002930      1640268506825      
0      0.001330      1640268506857      
0      0.002350      1640268506889      
0      0.003300      1640268506923      
0      0.003030      1640268506956      
0      0.001560      1640268507003      
0      0.011500      1640268507034      
0      0.003760      1640268507064      
0      0.006240      1640268507092      
0      0.004750      1640268507124      
0      0.001570      1640268507159      
0      0.002920      1640268507192      
0      0.002250      1640268507224      
0      0.000940      1640268507270      
0      0.011940      1640268507300      
0      0.004710      1640268507327      
0      0.011640      1640268507366      
0      0.005380      1640268507392      
0      0.005790      1640268507423      
0      0.003640      1640268507472      
0      0.013240      1640268507503      
0      0.004900      1640268507537      
0      0.013620      1640268507568      
0      0.013380      1640268507599      
0      0.012740      1640268507625      
0      0.007220      1640268507657      
0      0.012130      1640268507707      
0      0.008490      1640268507739      
0      0.000810      1640268507774      
0      0.004990      1640268507805      
0      0.005870      1640268507833      
0      0.000170      1640268507861      
0      0.008700      1640268507909      
0      0.005820      1640268507941      
0      0.001520      1640268507977      
0      0.002890      1640268508014      
0      0.003810      1640268508039      
0      0.000010      1640268508068      
0      0.006940      1640268508101      
0      0.001520      1640268508132      
0      0.005870      1640268508166      
0      0.006770      1640268508209      
0      0.006350      1640268508241      
0      0.005400      1640268508275      
0      0.003510      1640268508308      
0      0.006210      1640268508339      
0      0.006750      1640268508369      
0      0.001980      1640268508405      
0      -0.001510      1640268508448      
0      -0.006380      1640268508475      
0      -0.015480      1640268508508      
0      -0.013850      1640268508541      
0      -0.013270      1640268508573      
0      -0.042500      1640268508615      
0      -0.044620      1640268508637      
0      -0.033470      1640268508682      
0      -0.057670      1640268508711      
0      -0.041960      1640268508743      
0      -0.058510      1640268508774      
0      -0.048800      1640268508810      
0      -0.017490      1640268508840      
0      -0.053000      1640268508871      
0      -0.061040      1640268508916      
0      -0.078830      1640268508948      
0      -0.040330      1640268508978      
0      -0.035120      1640268509015      
0      -0.024290      1640268509043      
0      -0.015730      1640268509057      
0      -0.012750      1640268509091      
0      -0.036130      1640268509124      
0      -0.020120      1640268509154      
0      -0.026510      1640268509186      
0      -0.023420      1640268509225      
0      -0.033960      1640268509250      
0      -0.036250      1640268509281      
0      -0.023980      1640268509310      
0      -0.030280      1640268509359      
0      -0.045960      1640268509392      
0      -0.016880      1640268509429      
0      -0.009860      1640268509459      
0      -0.005750      1640268509489      
0      -0.022610      1640268509521      
0      -0.026310      1640268509553      
0      -0.025500      1640268509583      
0      -0.020910      1640268509618      
0      -0.018440      1640268509649      
0      -0.018120      1640268509698      
0      -0.031000      1640268509725      
0      -0.028490      1640268509756      
0      -0.030770      1640268509789      
0      -0.025370      1640268509824      
0      -0.012500      1640268509855      
0      -0.026470      1640268509886      
0      -0.025900      1640268509918      
0      -0.025320      1640268509949      
0      -0.020760      1640268509981      
0      -0.028870      1640268510015      
0      -0.025820      1640268510059      
0      -0.027250      1640268510091      
0      -0.018390      1640268510123      
0      -0.007240      1640268510156      
0      -0.018620      1640268510185      
0      -0.018050      1640268510219      
0      -0.011960      1640268510249      
0      -0.011320      1640268510294      
0      -0.025480      1640268510326      
0      -0.031950      1640268510358      
0      -0.025860      1640268510390      
0      -0.022570      1640268510424      
0      -0.013960      1640268510455      
0      -0.028220      1640268510486      
0      -0.030090      1640268510519      
0      -0.024860      1640268510551      
0      -0.028160      1640268510582      
0      -0.029110      1640268510630      
