45      0.093110      1637776039555      
46      0.091300      1637776039587      
47      -0.019410      1637776039616      
48      -0.097760      1637776039648      
51      0.058500      1637776039745      
52      0.030780      1637776039775      
53      0.006550      1637776039838      
54      -0.033840      1637776039855      
55      0.029240      1637776039887      
56      0.078600      1637776039919      
57      0.060170      1637776039950      
58      0.020170      1637776039980      
59      0.014580      1637776040013      
60      -0.032300      1637776040047      
61      -0.012540      1637776040078      
62      -0.019410      1637776040110      
63      -0.006640      1637776040142      
64      -0.002260      1637776040189      
65      -0.000770      1637776040223      
66      -0.002470      1637776040255      
67      0.000010      1637776040285      
68      0.000170      1637776040312      
69      -0.001410      1637776040344      
70      0.000000      1637776040385      
71      0.001410      1637776040409      
72      0.000010      1637776040465      
73      0.000000      1637776040490      
74      -0.001410      1637776040521      
75      0.000000      1637776040554      
76      0.001410      1637776040586      
77      -0.001410      1637776040624      
78      0.000010      1637776040645      
79      0.001290      1637776040678      
80      -0.001290      1637776040725      
81      -0.001410      1637776040756      
82      0.001420      1637776040789      
83      -0.000010      1637776040821      
84      0.000000      1637776040854      
85      0.001410      1637776040880      
86      -0.001410      1637776040913      
87      0.000000      1637776040948      
88      -0.001400      1637776040981      
89      0.001400      1637776041044      
90      0.000000      1637776041082      
91      0.000000      1637776041124      
92      -0.001400      1637776041156      
93      0.001290      1637776041191      
94      0.000110      1637776041213      
95      0.000000      1637776041237      
96      0.000000      1637776041271      
97      0.000000      1637776041292      
98      0.000010      1637776041323      
99      -0.001400      1637776041358      
100      0.001400      1637776041388      
101      0.000000      1637776041421      
102      -0.001400      1637776041454      
103      0.001400      1637776041481      
104      -0.001520      1637776041513      
105      0.001520      1637776041545      
106      -0.001400      1637776041578      
107      0.001400      1637776041626      
108      -0.001400      1637776041663      
109      0.001400      1637776041695      
110      -0.001400      1637776041723      
111      0.001400      1637776041753      
112      0.000000      1637776041780      
113      -0.001400      1637776041813      
114      0.001400      1637776041845      
115      -0.000120      1637776041903      
116      0.000010      1637776041924      
117      0.000110      1637776041956      
118      -0.001400      1637776041988      
119      0.001400      1637776042020      
120      -0.001400      1637776042049      
121      0.000000      1637776042080      
122      0.001400      1637776042130      
123      -0.001400      1637776042166      
124      0.000010      1637776042195      
125      0.000000      1637776042228      
126      0.001400      1637776042258      
127      0.000000      1637776042296      
128      -0.001400      1637776042323      
129      0.000000      1637776042353      
