0      0.443311      0.038922      0.112529      1.324270      -1.006538      1.002695      
0      0.444191      0.039412      0.111679      1.330857      -0.993572      0.989704      
0      0.445091      0.039742      0.111209      1.334018      -0.987275      0.983395      
0      0.446471      0.040212      0.110669      1.340833      -0.973539      0.969633      
0      0.447511      0.040532      0.110239      1.346939      -0.961031      0.957102      
0      0.449391      0.040972      0.109799      1.352465      -0.949545      0.945595      
0      0.450541      0.041262      0.109319      1.358674      -0.936443      0.932470      
0      0.451751      0.041532      0.108739      1.364420      -0.924122      0.920126      
0      0.452491      0.041722      0.108529      1.365481      -0.921826      0.917826      
0      0.453861      0.041982      0.108169      1.367925      -0.916513      0.912503      
0      0.454901      0.042142      0.107879      1.370136      -0.911674      0.907657      
0      0.456181      0.042412      0.107619      1.373864      -0.903450      0.899418      
0      0.457361      0.042562      0.107229      1.378079      -0.894042      0.889994      
0      0.458291      0.042692      0.106749      1.381591      -0.886117      0.882055      
0      0.459351      0.042872      0.106269      1.385541      -0.877107      0.873030      
0      0.460281      0.043012      0.105729      1.390406      -0.865860      0.861765      
0      0.461231      0.043142      0.105289      1.394471      -0.856333      0.852222      
0      0.462061      0.043242      0.104869      1.398220      -0.847440      0.843314      
0      0.463151      0.043362      0.104509      1.404375      -0.832604      0.828454      
0      0.464271      0.043472      0.104259      1.408906      -0.821488      0.817320      
0      0.465391      0.043512      0.104059      1.412910      -0.811524      0.807341      
0      0.466451      0.043552      0.103859      1.416940      -0.801355      0.797155      
0      0.467471      0.043612      0.103619      1.422195      -0.787871      0.783651      
0      0.468371      0.043682      0.103379      1.427629      -0.773655      0.769413      
0      0.469231      0.043792      0.103189      1.431850      -0.762409      0.758150      
0      0.470081      0.043882      0.103209      1.437243      -0.747769      0.743489      
0      0.470941      0.044052      0.103379      1.443502      -0.730373      0.726067      
0      0.472081      0.044192      0.103679      1.448167      -0.717103      0.712779      
0      0.473221      0.044262      0.104159      1.451846      -0.706448      0.702109      
0      0.473771      0.044252      0.104439      1.453874      -0.700498      0.696151      
0      0.474871      0.044312      0.104799      1.456564      -0.692521      0.688162      
0      0.476441      0.044532      0.104719      1.464108      -0.669599      0.665210      
0      0.477421      0.044672      0.104509      1.467855      -0.657896      0.653491      
0      0.478591      0.044862      0.104169      1.470994      -0.647915      0.643497      
0      0.479771      0.045102      0.103729      1.474419      -0.636832      0.632400      
0      0.480951      0.045352      0.103079      1.477981      -0.625085      0.620638      
0      0.482191      0.045632      0.102319      1.481171      -0.614360      0.609899      
0      0.483351      0.045882      0.101769      1.483557      -0.606205      0.601735      
0      0.483901      0.045982      0.101529      1.484476      -0.603033      0.598558      
0      0.485021      0.046252      0.100879      1.485983      -0.597793      0.593312      
0      0.486221      0.046672      0.099589      1.491201      -0.579260      0.574757      
0      0.486791      0.046832      0.098849      1.493811      -0.569751      0.565236      
0      0.487171      0.047002      0.098089      1.496689      -0.559067      0.554540      
0      0.487391      0.047112      0.097439      1.501036      -0.542511      0.537965      
0      0.487661      0.047182      0.096929      1.504332      -0.529593      0.525033      
0      0.487991      0.047182      0.096719      1.507511      -0.516816      0.512242      
0      0.488211      0.047162      0.096449      1.511805      -0.499017      0.494424      
0      0.488401      0.047192      0.096009      1.514853      -0.485967      0.481360      
0      0.488581      0.047172      0.095539      1.518091      -0.471697      0.467075      
0      0.488691      0.047162      0.095249      1.520048      -0.462853      0.458223      
0      0.489141      0.047072      0.094139      1.524754      -0.440826      0.436174      
0      0.489671      0.046932      0.093579      1.526894      -0.430430      0.425768      
0      0.490301      0.046742      0.092909      1.529618      -0.416809      0.412134      
0      0.491061      0.046592      0.092109      1.532498      -0.401888      0.397199      
0      0.491871      0.046372      0.091309      1.534838      -0.389339      0.384639      
0      0.492761      0.046072      0.090559      1.536021      -0.382829      0.378123      
0      0.493811      0.045772      0.089929      1.536970      -0.377528      0.372817      
0      0.494881      0.045472      0.089389      1.537644      -0.373718      0.369004      
0      0.495981      0.045272      0.088759      1.538458      -0.369063      0.364345      
0      0.497001      0.045142      0.088139      1.539837      -0.361034      0.356309      
0      0.497821      0.045012      0.087599      1.540828      -0.355151      0.350421      
0      0.498371      0.044962      0.087009      1.541725      -0.349737      0.345002      
0      0.498831      0.044952      0.086439      1.542684      -0.343852      0.339113      
0      0.499051      0.044872      0.086059      1.543134      -0.341054      0.336312      
0      0.499131      0.044852      0.085709      1.543720      -0.337380      0.332636      
0      0.499211      0.044872      0.085169      1.545131      -0.328359      0.323607      
0      0.499221      0.044832      0.084619      1.546782      -0.317474      0.312714      
0      0.499291      0.044762      0.084029      1.548337      -0.306860      0.302091      
0      0.499361      0.044702      0.083719      1.549268      -0.300327      0.295554      
0      0.499601      0.044522      0.082829      1.552659      -0.275205      0.270413      
0      0.499871      0.044212      0.082549      1.553396      -0.269436      0.264639      
0      0.500021      0.043922      0.082229      1.554475      -0.260752      0.255950      
0      0.500221      0.043762      0.081599      1.556244      -0.245848      0.241035      
0      0.500431      0.043542      0.081119      1.557533      -0.234403      0.229582      
0      0.500561      0.043342      0.080739      1.558152      -0.228691      0.223867      
0      0.500691      0.043312      0.080089      1.559401      -0.216725      0.211893      
0      0.500821      0.043362      0.079409      1.560483      -0.205798      0.200960      
0      0.500901      0.043442      0.078829      1.561123      -0.199049      0.194206      
0      0.500951      0.043512      0.078209      1.562233      -0.186779      0.181929      
0      0.501001      0.043632      0.077349      1.563636      -0.170005      0.165145      
0      0.500981      0.043592      0.077089      1.564271      -0.161848      0.156984      
0      0.500961      0.043562      0.076709      1.564657      -0.156671      0.151804      
0      0.500871      0.043562      0.076149      1.565141      -0.149948      0.145077      
0      0.500741      0.043522      0.075759      1.565893      -0.138863      0.133986      
0      0.500741      0.043502      0.075399      1.566530      -0.128725      0.123843      
0      0.500691      0.043482      0.075189      1.566701      -0.125869      0.120986      
0      0.500641      0.043462      0.074779      1.567073      -0.119419      0.114532      
0      0.500731      0.043442      0.074319      1.567352      -0.114349      0.109460      
0      0.500761      0.043392      0.073849      1.567650      -0.108683      0.103791      
0      0.500621      0.043362      0.073219      1.567852      -0.104657      0.099763      
0      0.500601      0.043352      0.072729      1.568282      -0.095560      0.090662      
0      0.500511      0.043272      0.072169      1.568561      -0.089162      0.084261      
0      0.500351      0.043222      0.071759      1.568932      -0.079892      0.074987      
0      0.500281      0.043162      0.071389      1.569268      -0.070456      0.065547      
0      0.500291      0.043092      0.071029      1.569313      -0.069121      0.064211      
0      0.500221      0.042982      0.070629      1.569385      -0.066868      0.061957      
0      0.500171      0.042952      0.070409      1.569565      -0.060972      0.056059      
0      0.500151      0.042892      0.070039      1.569782      -0.053003      0.048087      
0      0.500131      0.042732      0.069809      1.569822      -0.051386      0.046469      
0      0.500181      0.042502      0.069579      1.569860      -0.049854      0.044937      
0      0.500291      0.042262      0.069209      1.569920      -0.047248      0.042329      
0      0.500421      0.041782      0.068899      1.569962      -0.045379      0.040460      
0      0.500511      0.041402      0.068839      1.570104      -0.038360      0.033438      
0      0.500581      0.041062      0.068839      1.570206      -0.032486      0.027562      
0      0.500591      0.040922      0.068829      1.570238      -0.030351      0.025426      
0      0.500511      0.040742      0.068689      1.570356      -0.021179      0.016251      
0      0.500531      0.040552      0.068609      1.570452      -0.008757      0.003824      
0      0.500561      0.040432      0.068639      1.570469      -0.004634      -0.000300      
0      0.500501      0.040402      0.068519      1.570476      -0.001179      -0.003756      
0      0.500301      0.040432      0.068299      1.570463      0.009980      -0.014918      
0      0.500061      0.040472      0.068009      1.570432      0.016003      -0.020943      
0      0.499971      0.040492      0.067859      1.570403      0.019890      -0.024831      
0      0.499881      0.040472      0.067729      1.570301      0.029556      -0.034500      
0      0.499901      0.040402      0.067719      1.570248      0.033420      -0.038365      
0      0.499841      0.040332      0.067649      1.570191      0.037071      -0.042017      
0      0.499791      0.040302      0.067569      1.570115      0.041477      -0.046424      
0      0.499731      0.040272      0.067489      1.569911      0.051378      -0.056328      
0      0.499691      0.040172      0.067379      1.569810      0.055595      -0.060546      
0      0.499671      0.040072      0.067319      1.569801      0.055980      -0.060931      
0      0.499691      0.040002      0.067279      1.569780      0.056804      -0.061755      
0      0.499651      0.039932      0.067239      1.569719      0.059160      -0.064111      
0      0.499611      0.039902      0.067169      1.569623      0.062654      -0.067606      
0      0.499541      0.039892      0.067089      1.569484      0.067412      -0.072366      
0      0.499511      0.039882      0.067049      1.569442      0.068786      -0.073740      
0      0.499371      0.039912      0.066909      1.569378      0.070820      -0.075774      
0      0.499251      0.039912      0.066779      1.569272      0.074047      -0.079002      
0      0.499131      0.039952      0.066589      1.569270      0.074110      -0.079065      
0      0.499001      0.039982      0.066439      1.569242      0.074934      -0.079889      
0      0.499001      0.039962      0.066389      1.569238      0.075060      -0.080015      
0      0.498971      0.039942      0.066339      1.569238      0.075052      -0.080007      
0      0.498971      0.039902      0.066329      1.569246      0.074824      -0.079779      
0      0.498971      0.039902      0.066329      1.569247      0.074809      -0.079764      
0      0.498961      0.039902      0.066329      1.569254      0.074597      -0.079552      
0      0.498891      0.039872      0.066279      1.569233      0.075225      -0.080180      
0      0.498791      0.039812      0.066109      1.569218      0.075665      -0.080620      
0      0.498771      0.039652      0.066159      1.569142      0.077855      -0.082811      
0      0.498761      0.039542      0.066099      1.569100      0.079041      -0.083997      
0      0.498731      0.039362      0.066019      1.569102      0.078970      -0.083926      
0      0.498741      0.039092      0.066029      1.568981      0.082299      -0.087256      
0      0.498721      0.038972      0.065989      1.568990      0.082040      -0.086997      
0      0.498511      0.038532      0.065659      1.568910      0.084183      -0.089140      
0      0.498341      0.038262      0.065499      1.568803      0.086947      -0.091905      
0      0.498151      0.038052      0.065219      1.568831      0.086225      -0.091182      
0      0.497821      0.037762      0.064889      1.568765      0.087889      -0.092847      
0      0.497391      0.037432      0.064529      1.568654      0.090637      -0.095595      
0      0.497111      0.037122      0.064179      1.568566      0.092757      -0.097715      
0      0.496861      0.036732      0.063859      1.568500      0.094311      -0.099270      
0      0.496411      0.036262      0.063309      1.568443      0.095622      -0.100582      
0      0.496201      0.036092      0.063129      1.568366      0.097389      -0.102348      
0      0.495671      0.035872      0.062649      1.568322      0.098386      -0.103345      
0      0.495161      0.035682      0.062149      1.568284      0.099218      -0.104178      
0      0.494611      0.035532      0.061729      1.568296      0.098967      -0.103927      
0      0.494081      0.035342      0.061409      1.568204      0.100984      -0.105944      
0      0.493641      0.035032      0.061229      1.568140      0.102358      -0.107319      
0      0.493421      0.034922      0.061039      1.568127      0.102641      -0.107601      
0      0.493361      0.034832      0.061009      1.568045      0.104384      -0.109344      
0      0.493241      0.034632      0.060959      1.568003      0.105279      -0.110239      
0      0.493181      0.034492      0.060859      1.567965      0.106056      -0.111017      
0      0.493141      0.034342      0.060879      1.567922      0.106943      -0.111904      
0      0.493151      0.034122      0.061019      1.567868      0.108042      -0.113003      
0      0.493151      0.033982      0.061139      1.567759      0.110248      -0.115209      
0      0.493111      0.033772      0.061589      1.567545      0.114424      -0.119386      
0      0.493081      0.033662      0.061909      1.567398      0.117219      -0.122181      
0      0.493071      0.033532      0.062139      1.567347      0.118153      -0.123115      
0      0.493031      0.033212      0.062639      1.567274      0.119503      -0.124466      
0      0.492981      0.033032      0.062929      1.567203      0.120806      -0.125769      
0      0.492951      0.032732      0.063409      1.566861      0.126850      -0.131814      
0      0.492961      0.032372      0.064059      1.566692      0.129738      -0.134702      
0      0.492911      0.032112      0.064699      1.566725      0.129181      -0.134145      
0      0.492951      0.032052      0.064999      1.566572      0.131747      -0.136712      
0      0.493011      0.032002      0.065319      1.566474      0.133372      -0.138337      
0      0.493001      0.032002      0.065339      1.566474      0.133364      -0.138329      
0      0.493021      0.032042      0.065329      1.566437      0.133977      -0.138941      
0      0.493001      0.032022      0.065419      1.566299      0.136205      -0.141171      
0      0.493001      0.031982      0.065409      1.566359      0.135248      -0.140213      
0      0.493001      0.031932      0.065339      1.566282      0.136488      -0.141453      
0      0.492991      0.031842      0.065349      1.566219      0.137493      -0.142458      
0      0.493011      0.031702      0.065389      1.566084      0.139620      -0.144585      
0      0.493021      0.031592      0.065449      1.566012      0.140734      -0.145700      
0      0.493031      0.031612      0.065389      1.565887      0.142665      -0.147630      
0      0.493031      0.031542      0.065439      1.565744      0.144838      -0.149805      
0      0.493041      0.031542      0.065419      1.565695      0.145584      -0.150550      
0      0.493041      0.031542      0.065459      1.565555      0.147671      -0.152638      
0      0.493061      0.031542      0.065619      1.565230      0.152396      -0.157363      
0      0.493181      0.031742      0.065779      1.565077      0.154577      -0.159544      
0      0.493401      0.031802      0.065999      1.565040      0.155095      -0.160062      
0      0.493701      0.031912      0.066189      1.565042      0.155072      -0.160039      
0      0.494061      0.032012      0.066519      1.565189      0.152984      -0.157951      
0      0.494411      0.032062      0.066899      1.565079      0.154546      -0.159513      
0      0.494541      0.032102      0.066979      1.564979      0.155958      -0.160925      
0      0.494951      0.032262      0.067159      1.565066      0.154734      -0.159701      
0      0.495061      0.032262      0.067269      1.565032      0.155205      -0.160172      
0      0.495211      0.032372      0.067299      1.565098      0.154279      -0.159246      
0      0.495431      0.032502      0.067329      1.565016      0.155432      -0.160400      
0      0.495641      0.032542      0.067549      1.564968      0.156107      -0.161075      
0      0.495831      0.032702      0.067659      1.565018      0.155401      -0.160368      
0      0.496021      0.032882      0.067759      1.564833      0.157983      -0.162950      
0      0.496211      0.032972      0.067959      1.564777      0.158752      -0.163719      
0      0.496271      0.033092      0.067929      1.564794      0.158524      -0.163492      
0      0.496361      0.033382      0.067759      1.564575      0.161506      -0.166474      
0      0.496541      0.033622      0.067979      1.564370      0.164252      -0.169220      
0      0.496651      0.033892      0.068059      1.564304      0.165123      -0.170091      
0      0.496721      0.034072      0.068079      1.564235      0.166033      -0.171001      
0      0.496781      0.034342      0.067849      1.564175      0.166818      -0.171786      
0      0.496941      0.034532      0.067709      1.564291      0.165304      -0.170272      
0      0.497121      0.034622      0.067729      1.564146      0.167194      -0.172163      
0      0.497381      0.034732      0.067789      1.564061      0.168301      -0.173269      
0      0.497701      0.034752      0.067939      1.564007      0.168999      -0.173967      
0      0.497821      0.034762      0.067969      1.563992      0.169195      -0.174163      
0      0.498141      0.034762      0.068019      1.564008      0.168991      -0.173959      
0      0.498481      0.034752      0.068039      1.563970      0.169485      -0.174454      
0      0.498711      0.034742      0.068049      1.564018      0.168858      -0.173826      
0      0.498931      0.034782      0.068029      1.563887      0.170545      -0.175513      
0      0.499221      0.034712      0.068189      1.563977      0.169391      -0.174360      
0      0.499441      0.034662      0.068239      1.563957      0.169642      -0.174611      
0      0.499741      0.034562      0.068379      1.563879      0.170647      -0.175615      
0      0.499921      0.034502      0.068549      1.563825      0.171329      -0.176298      
0      0.500181      0.034422      0.068759      1.563681      0.173157      -0.178126      
0      0.500521      0.034282      0.069039      1.563638      0.173699      -0.178667      
0      0.500761      0.034202      0.069279      1.563602      0.174154      -0.179122      
0      0.500871      0.034202      0.069359      1.563445      0.176107      -0.181076      
0      0.501051      0.034192      0.069469      1.563272      0.178225      -0.183194      
0      0.501001      0.034282      0.069369      1.563152      0.179692      -0.184661      
0      0.500981      0.034332      0.069349      1.563000      0.181520      -0.186489      
0      0.501031      0.034302      0.069469      1.562927      0.182399      -0.187368      
0      0.501061      0.034312      0.069449      1.562643      0.185756      -0.190725      
0      0.501071      0.034292      0.069449      1.562673      0.185403      -0.190372      
0      0.501071      0.034252      0.069469      1.562581      0.186486      -0.191455      
0      0.501081      0.034232      0.069449      1.562202      0.190855      -0.195824      
0      0.501071      0.034222      0.069489      1.561949      0.193718      -0.198687      
0      0.501081      0.034202      0.069499      1.561846      0.194871      -0.199840      
0      0.501061      0.034192      0.069469      1.561761      0.195812      -0.200782      
0      0.501021      0.034152      0.069459      1.561299      0.200878      -0.205848      
0      0.501051      0.034082      0.069449      1.561175      0.202212      -0.207182      
0      0.501061      0.034012      0.069429      1.560904      0.205113      -0.210083      
0      0.501081      0.033882      0.069459      1.560174      0.212704      -0.217674      
0      0.501151      0.033782      0.069519      1.560005      0.214421      -0.219392      
0      0.501341      0.033572      0.069669      1.560037      0.214092      -0.219062      
0      0.501381      0.033372      0.069769      1.559731      0.217182      -0.222152      
0      0.501431      0.033102      0.069769      1.559798      0.216507      -0.221477      
0      0.501451      0.032902      0.069819      1.559500      0.219471      -0.224441      
0      0.501471      0.032722      0.069919      1.558982      0.224544      -0.229514      
0      0.501501      0.032652      0.069849      1.559128      0.223125      -0.228095      
0      0.501501      0.032532      0.069879      1.558932      0.225022      -0.229992      
0      0.501521      0.032372      0.069949      1.559013      0.224238      -0.229208      
0      0.501521      0.032352      0.069869      1.559150      0.222913      -0.227883      
0      0.501481      0.032292      0.069819      1.559101      0.223383      -0.228353      
0      0.501441      0.032152      0.069829      1.558898      0.225351      -0.230321      
0      0.501401      0.031942      0.069739      1.558734      0.226927      -0.231897      
0      0.501261      0.031842      0.069569      1.558730      0.226966      -0.231936      
0      0.501161      0.031752      0.069499      1.558961      0.224748      -0.229718      
0      0.501021      0.031702      0.069339      1.558973      0.224622      -0.229592      
0      0.500931      0.031672      0.069299      1.558541      0.228762      -0.233731      
0      0.500931      0.031652      0.069259      1.558684      0.227405      -0.232375      
0      0.500921      0.031672      0.069269      1.558569      0.228495      -0.233465      
0      0.500871      0.031702      0.069379      1.557892      0.234837      -0.239807      
0      0.500871      0.031712      0.069379      1.557451      0.238874      -0.243843      
0      0.500861      0.031732      0.069409      1.557574      0.237753      -0.242723      
0      0.500741      0.031792      0.069289      1.557141      0.241672      -0.246641      
0      0.500711      0.031822      0.069279      1.556138      0.250497      -0.255466      
0      0.500691      0.031782      0.069209      1.556423      0.248028      -0.252997      
0      0.500491      0.031762      0.068989      1.556335      0.248788      -0.253758      
0      0.500411      0.031752      0.068899      1.556499      0.247362      -0.252331      
0      0.500381      0.031722      0.068869      1.556584      0.246617      -0.251587      
0      0.500361      0.031642      0.068819      1.556574      0.246704      -0.251673      
0      0.500251      0.031632      0.068739      1.556733      0.245301      -0.250270      
0      0.500141      0.031572      0.068619      1.556878      0.244015      -0.248985      
0      0.499981      0.031542      0.068439      1.556870      0.244086      -0.249055      
0      0.499841      0.031502      0.068339      1.556775      0.244932      -0.249902      
0      0.499661      0.031432      0.068129      1.556807      0.244642      -0.249612      
0      0.499471      0.031382      0.067929      1.556818      0.244548      -0.249518      
0      0.499361      0.031212      0.067919      1.556823      0.244501      -0.249471      
0      0.499231      0.031152      0.067739      1.556959      0.243294      -0.248264      
0      0.499161      0.031102      0.067639      1.556879      0.244007      -0.248977      
0      0.499071      0.030852      0.067529      1.556982      0.243090      -0.248060      
0      0.498951      0.030702      0.067349      1.557281      0.240410      -0.245380      
0      0.498891      0.030472      0.067289      1.556992      0.243004      -0.247974      
0      0.498941      0.030272      0.067339      1.557131      0.241758      -0.246728      
0      0.498951      0.030032      0.067389      1.557149      0.241601      -0.246571      
0      0.498931      0.029902      0.067379      1.556985      0.243067      -0.248037      
0      0.498931      0.029862      0.067339      1.556971      0.243185      -0.248154      
0      0.498891      0.029732      0.067299      1.556951      0.243365      -0.248334      
0      0.498851      0.029672      0.067259      1.557055      0.242440      -0.247410      
0      0.498811      0.029642      0.067239      1.557023      0.242722      -0.247692      
0      0.498791      0.029582      0.067299      1.557051      0.242471      -0.247441      
0      0.498701      0.029622      0.067219      1.556964      0.243247      -0.248217      
0      0.498531      0.029582      0.067199      1.557051      0.242471      -0.247441      
0      0.498441      0.029622      0.067079      1.557128      0.241789      -0.246759      
0      0.498411      0.029632      0.067079      1.557098      0.242056      -0.247026      
0      0.498371      0.029612      0.067169      1.557010      0.242840      -0.247809      
0      0.498361      0.029712      0.067069      1.557271      0.240496      -0.245466      
0      0.498311      0.029742      0.067069      1.557199      0.241147      -0.246116      
0      0.498301      0.029802      0.067099      1.557202      0.241123      -0.246093      
0      0.498251      0.029902      0.066999      1.557277      0.240449      -0.245419      
0      0.498171      0.029902      0.067059      1.557223      0.240935      -0.245905      
0      0.498131      0.030012      0.067009      1.557564      0.237847      -0.242817      
0      0.498121      0.029982      0.067059      1.557948      0.234319      -0.239289      
0      0.498111      0.030002      0.067039      1.558175      0.232203      -0.237173      
0      0.498071      0.030122      0.066979      1.558268      0.231333      -0.236303      
0      0.498051      0.030142      0.067069      1.558117      0.232744      -0.237714      
0      0.498001      0.030262      0.067049      1.558323      0.230815      -0.235785      
0      0.497891      0.030372      0.066979      1.558172      0.232234      -0.237204      
0      0.497681      0.030552      0.066789      1.558240      0.231599      -0.236569      
0      0.497611      0.030582      0.066819      1.558304      0.230996      -0.235966      
0      0.497561      0.030642      0.066819      1.558353      0.230533      -0.235503      
0      0.497441      0.030732      0.066709      1.558140      0.232532      -0.237502      
0      0.497401      0.030782      0.066689      1.558102      0.232885      -0.237855      
0      0.497361      0.030832      0.066659      1.558189      0.232078      -0.237047      
0      0.497321      0.030912      0.066619      1.558010      0.233747      -0.238717      
0      0.497321      0.030932      0.066619      1.557890      0.234853      -0.239822      
0      0.497281      0.031002      0.066609      1.557558      0.237902      -0.242871      
0      0.497281      0.031022      0.066609      1.557670      0.236875      -0.241845      
0      0.497251      0.031012      0.066579      1.557526      0.238192      -0.243161      
0      0.497161      0.031012      0.066459      1.557669      0.236883      -0.241853      
0      0.497081      0.030962      0.066419      1.557599      0.237525      -0.242495      
0      0.497071      0.030962      0.066329      1.557644      0.237110      -0.242080      
0      0.497031      0.030972      0.066259      1.557648      0.237079      -0.242048      
0      0.497011      0.030952      0.066249      1.557733      0.236303      -0.241272      
0      0.496861      0.030982      0.066099      1.557752      0.236122      -0.241092      
0      0.496841      0.030942      0.066189      1.557638      0.237173      -0.242143      
0      0.496831      0.030992      0.066129      1.557975      0.234069      -0.239039      
0      0.496761      0.031002      0.066069      1.557793      0.235746      -0.240716      
0      0.496761      0.030982      0.066079      1.557873      0.235009      -0.239979      
0      0.496761      0.031002      0.066079      1.557993      0.233904      -0.238874      
0      0.496761      0.031022      0.066149      1.558212      0.231858      -0.236828      
0      0.496721      0.031172      0.066289      1.560132      0.213128      -0.218098      
0      0.496661      0.031222      0.066509      1.561682      0.196690      -0.201660      
0      0.496621      0.031322      0.066659      1.563821      0.171384      -0.176353      
0      0.496551      0.031572      0.066609      1.565189      0.152984      -0.157951      
0      0.496461      0.031642      0.066799      1.566064      0.139933      -0.144899      
0      0.496421      0.031672      0.067059      1.567543      0.114455      -0.119418      
0      0.496371      0.031772      0.067209      1.568736      0.088619      -0.093577      
0      0.496211      0.031672      0.067569      1.569467      0.067962      -0.072916      
0      0.496101      0.031542      0.068059      1.570160      0.038924      -0.043871      
0      0.495941      0.031572      0.068279      1.570457      0.011550      -0.016489      
0      0.495741      0.031502      0.068629      1.570469      -0.004658      -0.000276      
0      0.495621      0.031402      0.069129      1.570325      -0.023904      0.018977      
0      0.495431      0.031422      0.069429      1.570016      -0.042851      0.037931      
0      0.495221      0.031442      0.069799      1.569668      -0.057337      0.052422      
0      0.494871      0.031402      0.070419      1.568914      -0.080371      0.075466      
0      0.494831      0.031432      0.070609      1.568564      -0.089084      0.084183      
0      0.494681      0.031402      0.071219      1.567718      -0.107349      0.102456      
0      0.494371      0.031342      0.071779      1.566701      -0.125869      0.120986      
0      0.494051      0.031362      0.072229      1.565683      -0.142040      0.137165      
0      0.493811      0.031302      0.072809      1.564424      -0.159817      0.154951      
0      0.493291      0.031282      0.073329      1.562327      -0.185697      0.180846      
0      0.492881      0.031212      0.073709      1.560705      -0.203486      0.198646      
0      0.492321      0.031182      0.073989      1.559284      -0.217877      0.213045      
0      0.492061      0.031222      0.074089      1.558442      -0.225972      0.221146      
0      0.491551      0.031182      0.074409      1.556561      -0.243083      0.238268      
0      0.491021      0.031162      0.074769      1.554564      -0.260024      0.255221      
0      0.490611      0.031302      0.075309      1.550702      -0.289967      0.285186      
0      0.490321      0.031262      0.075949      1.547694      -0.311295      0.306530      
0      0.490111      0.031332      0.076559      1.544511      -0.332354      0.327605      
0      0.489871      0.031322      0.077229      1.541163      -0.353135      0.348404      
0      0.489541      0.031272      0.077809      1.538452      -0.369095      0.364377      
0      0.489391      0.031262      0.077989      1.537435      -0.374905      0.370192      
0      0.489111      0.031172      0.078539      1.534483      -0.391267      0.386569      
0      0.488861      0.031002      0.079219      1.530586      -0.411857      0.407177      
0      0.488661      0.030862      0.079949      1.525644      -0.436533      0.431876      
0      0.488391      0.030622      0.080939      1.519543      -0.465150      0.460522      
0      0.487911      0.030322      0.081949      1.514067      -0.489366      0.484763      
0      0.487291      0.030102      0.082949      1.510222      -0.505656      0.501070      
0      0.486841      0.029762      0.083979      1.505993      -0.522960      0.518393      
0      0.486591      0.029582      0.084429      1.503766      -0.531837      0.527279      
0      0.486081      0.029212      0.085339      1.499103      -0.549937      0.545400      
0      0.485461      0.028842      0.086139      1.495148      -0.564813      0.560292      
0      0.484811      0.028472      0.086719      1.491475      -0.578268      0.573764      
0      0.484091      0.028142      0.087259      1.487882      -0.591119      0.586630      
0      0.482821      0.027602      0.088159      1.481437      -0.613455      0.608993      
0      0.482211      0.027122      0.089359      1.473406      -0.640130      0.635703      
0      0.481751      0.026652      0.090659      1.464932      -0.667046      0.662654      
0      0.481211      0.026202      0.091589      1.459686      -0.683137      0.678766      
0      0.480951      0.026032      0.092079      1.456995      -0.691234      0.686874      
0      0.480681      0.025662      0.092819      1.452202      -0.705409      0.701069      
0      0.480331      0.025252      0.093409      1.447677      -0.718511      0.714189      
0      0.479891      0.024912      0.094149      1.441611      -0.735674      0.731376      
0      0.479601      0.024602      0.094859      1.434190      -0.756096      0.751828      
0      0.479151      0.024292      0.095579      1.427359      -0.774368      0.770127      
0      0.478451      0.024022      0.096159      1.423419      -0.784694      0.780468      
0      0.477741      0.023772      0.096609      1.421295      -0.790198      0.785982      
0      0.477131      0.023552      0.096969      1.418432      -0.797553      0.793347      
0      0.476861      0.023422      0.097169      1.415924      -0.803932      0.799737      
0      0.476361      0.023082      0.097749      1.408795      -0.821763      0.817595      
0      0.475811      0.022642      0.098439      1.398523      -0.846716      0.842588      
0      0.475811      0.022642      0.098439      1.388758      -0.869689      0.865600      
0      0.475811      0.022642      0.098439      1.378232      -0.893700      0.889652      
0      0.475811      0.022642      0.098439      1.360204      -0.933181      0.929201      
0      0.475811      0.022642      0.098439      1.346551      -0.961832      0.957904      
0      0.475811      0.022642      0.098439      1.337779      -0.979723      0.975829      
0      0.475811      0.022642      0.098439      1.334794      -0.985723      0.981840      
0      0.475811      0.022642      0.098439      1.327982      -0.999256      0.995398      
