51      0.422741      0.018432      0.128299      1.319931      -1.014973      1.011146      
52      0.423681      0.019002      0.128449      1.326080      -1.002995      0.999145      
53      0.424421      0.019622      0.128749      1.329835      -0.995597      0.991733      
54      0.425261      0.020282      0.129109      1.332251      -0.990801      0.986927      
55      0.426301      0.020862      0.129219      1.336574      -0.982150      0.978261      
56      0.428001      0.021532      0.129099      1.342788      -0.969555      0.965641      
57      0.429291      0.022022      0.128999      1.345565      -0.963863      0.959939      
58      0.430511      0.022382      0.128849      1.348700      -0.957390      0.953454      
59      0.431161      0.022642      0.128719      1.350180      -0.954315      0.950373      
60      0.432321      0.023232      0.128069      1.353630      -0.947103      0.943148      
61      0.433531      0.023812      0.127509      1.357587      -0.938752      0.934782      
62      0.434911      0.024362      0.126879      1.361025      -0.931424      0.927441      
63      0.437171      0.025182      0.125679      1.365887      -0.920947      0.916946      
64      0.438571      0.025732      0.124999      1.368213      -0.915883      0.911873      
65      0.439891      0.026322      0.124289      1.370861      -0.910081      0.906061      
66      0.441241      0.026812      0.123799      1.373449      -0.904368      0.900338      
67      0.442541      0.027342      0.123439      1.376336      -0.897946      0.893904      
68      0.443191      0.027572      0.123169      1.378262      -0.893632      0.889583      
69      0.444541      0.028012      0.122919      1.381960      -0.885281      0.881218      
70      0.446041      0.028362      0.123139      1.385242      -0.877792      0.873716      
71      0.447611      0.028652      0.123179      1.389427      -0.868136      0.864045      
72      0.449211      0.029042      0.123219      1.394303      -0.856730      0.852619      
73      0.451441      0.029702      0.122929      1.400051      -0.843056      0.838922      
74      0.452931      0.030222      0.122779      1.405392      -0.830124      0.825969      
75      0.454331      0.030662      0.122689      1.408278      -0.823038      0.818873      
76      0.455741      0.031232      0.122299      1.411589      -0.814826      0.810647      
77      0.456421      0.031512      0.122139      1.413330      -0.810469      0.806284      
78      0.457941      0.032122      0.122009      1.416427      -0.802655      0.798458      
79      0.459381      0.032712      0.121629      1.419931      -0.793712      0.789500      
80      0.460711      0.033292      0.120989      1.423958      -0.783292      0.779065      
81      0.462091      0.033862      0.120359      1.427031      -0.775233      0.770994      
82      0.464051      0.034622      0.118949      1.429870      -0.767707      0.763456      
83      0.465411      0.035152      0.118179      1.431722      -0.762754      0.758495      
84      0.466011      0.035402      0.117699      1.432799      -0.759855      0.755592      
85      0.467271      0.035892      0.116599      1.435655      -0.752113      0.747839      
86      0.468491      0.036352      0.115909      1.437128      -0.748084      0.743804      
87      0.469811      0.036762      0.115299      1.440183      -0.739653      0.735361      
88      0.471471      0.037552      0.114919      1.443785      -0.729573      0.725267      
89      0.472591      0.037982      0.114509      1.445591      -0.724462      0.720148      
90      0.473591      0.038442      0.114189      1.448012      -0.717550      0.713226      
91      0.474511      0.038952      0.114169      1.449771      -0.712481      0.708150      
92      0.475451      0.039422      0.113799      1.451646      -0.707033      0.702695      
93      0.476321      0.039852      0.113459      1.453631      -0.701214      0.696868      
94      0.476741      0.040082      0.113329      1.454459      -0.698774      0.694424      
95      0.477601      0.040452      0.112819      1.457394      -0.690040      0.685679      
96      0.478441      0.040732      0.112529      1.460286      -0.681318      0.676944      
97      0.480011      0.041062      0.112129      1.464604      -0.668065      0.663673      
98      0.481111      0.041272      0.112259      1.469079      -0.654022      0.649612      
99      0.482171      0.041312      0.111889      1.473287      -0.640517      0.636089      
100      0.483241      0.041312      0.111579      1.476555      -0.629815      0.625374      
101      0.484371      0.041362      0.111789      1.479623      -0.619588      0.615134      
102      0.485001      0.041332      0.111809      1.480783      -0.615674      0.611216      
103      0.486751      0.041322      0.112019      1.482824      -0.608720      0.604253      
104      0.487801      0.041402      0.111959      1.484938      -0.601431      0.596954      
105      0.488821      0.041432      0.111409      1.486308      -0.596655      0.592172      
106      0.489931      0.041472      0.111279      1.488276      -0.589725      0.585234      
107      0.490941      0.041592      0.110849      1.490368      -0.582258      0.577758      
108      0.492141      0.041542      0.110109      1.492980      -0.572797      0.568286      
109      0.493331      0.041542      0.109819      1.494282      -0.568014      0.563498      
110      0.494541      0.041402      0.109159      1.495788      -0.562432      0.557909      
111      0.495771      0.041062      0.108929      1.497820      -0.554809      0.550277      
112      0.497021      0.040682      0.108689      1.500473      -0.544684      0.540141      
113      0.498161      0.040242      0.107689      1.503252      -0.533863      0.529308      
114      0.499091      0.039852      0.106979      1.505441      -0.525174      0.520609      
115      0.499791      0.039622      0.106249      1.508316      -0.513529      0.508951      
116      0.500381      0.039472      0.105319      1.511589      -0.499927      0.495335      
117      0.501231      0.039462      0.104779      1.514201      -0.488791      0.484187      
118      0.501841      0.039662      0.104219      1.517039      -0.476382      0.471765      
119      0.502151      0.039732      0.104049      1.518077      -0.471759      0.467137      
120      0.502781      0.040102      0.103499      1.519865      -0.463686      0.459057      
121      0.503311      0.040552      0.102589      1.522327      -0.452325      0.447684      
122      0.503851      0.041062      0.101699      1.524452      -0.442276      0.437625      
123      0.504411      0.041712      0.100569      1.526108      -0.434280      0.429622      
124      0.504841      0.042432      0.099259      1.528556      -0.422174      0.417504      
125      0.505431      0.042932      0.098109      1.530308      -0.413284      0.408606      
126      0.506141      0.043422      0.096899      1.531759      -0.405773      0.401087      
127      0.507001      0.044192      0.095349      1.535893      -0.383540      0.378834      
128      0.507731      0.044642      0.094459      1.537275      -0.375810      0.371098      
129      0.508081      0.044822      0.094039      1.537504      -0.374514      0.369801      
130      0.508701      0.045252      0.093089      1.539072      -0.365510      0.360789      
131      0.509421      0.045482      0.092079      1.540374      -0.357854      0.353127      
132      0.510041      0.045652      0.091489      1.542026      -0.347900      0.343164      
133      0.510521      0.045892      0.090899      1.543203      -0.340624      0.335882      
134      0.510901      0.046022      0.090239      1.543844      -0.336599      0.331854      
135      0.511301      0.046182      0.089799      1.544129      -0.334793      0.330046      
136      0.511411      0.046202      0.089529      1.544683      -0.331252      0.326502      
137      0.511621      0.046152      0.089339      1.545384      -0.326717      0.321964      
138      0.511801      0.046092      0.089399      1.545864      -0.323574      0.318818      
139      0.511911      0.046002      0.089279      1.546122      -0.321869      0.317112      
140      0.512061      0.045932      0.089239      1.546794      -0.317388      0.312627      
141      0.512261      0.045792      0.088849      1.547620      -0.311796      0.307031      
142      0.512461      0.045652      0.088449      1.548525      -0.305553      0.300784      
143      0.512841      0.045372      0.087769      1.549214      -0.300711      0.295937      
144      0.512991      0.045302      0.087139      1.549771      -0.296736      0.291960      
145      0.513211      0.045072      0.086699      1.549542      -0.298371      0.293596      
146      0.513411      0.044782      0.086309      1.550029      -0.294874      0.290096      
147      0.513451      0.044662      0.086179      1.550299      -0.292918      0.288138      
148      0.513611      0.044262      0.085929      1.550391      -0.292245      0.287465      
149      0.513941      0.043732      0.085629      1.551100      -0.287033      0.282249      
150      0.514141      0.043292      0.085349      1.552119      -0.279354      0.274565      
151      0.514601      0.042492      0.084509      1.553976      -0.264800      0.260001      
152      0.514841      0.041982      0.084109      1.554124      -0.263610      0.258810      
153      0.514891      0.041732      0.083739      1.554811      -0.257988      0.253183      
154      0.515151      0.041292      0.083449      1.555777      -0.249874      0.245064      
155      0.515251      0.041062      0.083359      1.556141      -0.246741      0.241929      
156      0.515281      0.040752      0.083109      1.557375      -0.235828      0.231009      
157      0.515191      0.040532      0.082649      1.558704      -0.223488      0.218660      
158      0.515131      0.040212      0.082429      1.559516      -0.215588      0.210755      
159      0.514971      0.040092      0.082169      1.560182      -0.208895      0.204058      
160      0.514951      0.039802      0.081969      1.561436      -0.195670      0.190825      
161      0.514941      0.039702      0.081739      1.562016      -0.189241      0.184392      
162      0.514761      0.039742      0.081489      1.562682      -0.181580      0.176727      
163      0.514631      0.039752      0.081179      1.563029      -0.177448      0.172592      
164      0.514581      0.039752      0.080979      1.563207      -0.175299      0.170442      
165      0.514451      0.039782      0.080769      1.563810      -0.167809      0.162948      
166      0.514441      0.039722      0.080639      1.564169      -0.163182      0.158318      
167      0.514531      0.039562      0.080509      1.564171      -0.163150      0.158286      
168      0.514521      0.039522      0.080479      1.564432      -0.159707      0.154841      
169      0.514541      0.039472      0.080249      1.564497      -0.158844      0.153978      
170      0.514521      0.039412      0.080189      1.564593      -0.157542      0.152675      
171      0.514491      0.039352      0.080269      1.564852      -0.154004      0.149135      
172      0.514601      0.039162      0.080199      1.564799      -0.154734      0.149865      
173      0.514621      0.039112      0.080229      1.564954      -0.152584      0.147715      
174      0.514611      0.039012      0.080159      1.564728      -0.155714      0.150846      
175      0.514481      0.038862      0.079969      1.564755      -0.155345      0.150477      
176      0.514351      0.038782      0.079899      1.564718      -0.155848      0.150980      
177      0.514291      0.038702      0.079799      1.564678      -0.156389      0.151521      
178      0.514181      0.038612      0.079659      1.564646      -0.156820      0.151953      
179      0.513981      0.038602      0.079449      1.564806      -0.154639      0.149771      
180      0.513811      0.038552      0.079279      1.564835      -0.154239      0.149371      
181      0.513651      0.038462      0.079159      1.564937      -0.152827      0.147958      
182      0.513541      0.038422      0.079119      1.564968      -0.152396      0.147526      
183      0.513301      0.038352      0.078849      1.565066      -0.151015      0.146145      
184      0.512961      0.038442      0.078649      1.565322      -0.147352      0.142479      
185      0.512651      0.038562      0.078439      1.565304      -0.147611      0.142738      
186      0.512491      0.038622      0.078379      1.565382      -0.146489      0.141616      
187      0.512251      0.038792      0.078349      1.565515      -0.144543      0.139669      
188      0.512051      0.038852      0.078239      1.565460      -0.145351      0.140478      
189      0.511761      0.038982      0.078039      1.565466      -0.145265      0.140391      
190      0.511351      0.039172      0.077749      1.565480      -0.145061      0.140187      
191      0.511031      0.039232      0.077779      1.565588      -0.143468      0.138594      
192      0.510601      0.039432      0.077709      1.565723      -0.141444      0.136569      
193      0.510171      0.039632      0.077649      1.565785      -0.140503      0.135627      
194      0.509661      0.039832      0.077619      1.566076      -0.136023      0.131144      
195      0.508991      0.040162      0.077329      1.566505      -0.129133      0.124252      
196      0.508251      0.040472      0.077189      1.566596      -0.127627      0.122744      
197      0.507241      0.040952      0.077319      1.566932      -0.121906      0.117021      
198      0.506771      0.041082      0.077459      1.567193      -0.117261      0.112373      
199      0.506531      0.041152      0.077449      1.567297      -0.115361      0.110473      
200      0.505961      0.041422      0.077249      1.567400      -0.113462      0.108573      
201      0.505381      0.041512      0.077359      1.567614      -0.109389      0.104497      
202      0.505101      0.041592      0.077379      1.567655      -0.108573      0.103681      
203      0.504791      0.041592      0.077449      1.567978      -0.102074      0.097179      
204      0.504631      0.041682      0.077339      1.568066      -0.100230      0.095334      
205      0.504701      0.041562      0.077399      1.568082      -0.099892      0.094996      
206      0.504701      0.041562      0.077409      1.568314      -0.094838      0.089939      
207      0.504721      0.041572      0.077379      1.568313      -0.094869      0.089971      
208      0.504801      0.041562      0.077359      1.568402      -0.092852      0.087952      
209      0.504851      0.041612      0.077429      1.568607      -0.088056      0.083154      
210      0.504971      0.041712      0.077359      1.568639      -0.087302      0.082400      
211      0.505151      0.041772      0.077369      1.568684      -0.086195      0.081293      
212      0.505331      0.041842      0.077359      1.568751      -0.084547      0.079644      
213      0.505431      0.041892      0.077329      1.568738      -0.084861      0.079958      
214      0.505591      0.041982      0.077529      1.568796      -0.083401      0.078497      
215      0.505621      0.042052      0.077579      1.568896      -0.080818      0.075913      
216      0.505731      0.042092      0.077629      1.568839      -0.082317      0.077413      
217      0.505711      0.042062      0.077629      1.568890      -0.080983      0.076078      
218      0.505621      0.042052      0.077639      1.569113      -0.074946      0.070039      
219      0.505791      0.041712      0.077759      1.569219      -0.071908      0.066999      
220      0.506001      0.041292      0.077779      1.569208      -0.072246      0.067337      
221      0.506191      0.040902      0.077749      1.569143      -0.074098      0.069191      
222      0.506351      0.040572      0.077789      1.569340      -0.068289      0.063379      
223      0.506371      0.040492      0.077869      1.569534      -0.062016      0.057103      
224      0.506491      0.040242      0.077849      1.569579      -0.060477      0.055564      
225      0.506521      0.040182      0.077859      1.569579      -0.060493      0.055580      
226      0.506571      0.040142      0.077749      1.569481      -0.063798      0.058886      
227      0.506581      0.040072      0.077829      1.569579      -0.060493      0.055580      
228      0.506571      0.040102      0.077839      1.569579      -0.060469      0.055556      
229      0.506611      0.040082      0.077769      1.569597      -0.059857      0.054943      
230      0.506641      0.040052      0.077739      1.569566      -0.060933      0.056020      
231      0.506591      0.040162      0.077719      1.569661      -0.057565      0.052650      
232      0.506461      0.040352      0.077819      1.569802      -0.052194      0.047278      
233      0.506631      0.040292      0.077539      1.569744      -0.054487      0.049571      
234      0.506651      0.040292      0.077459      1.569744      -0.054487      0.049571      
235      0.506691      0.040322      0.077549      1.569823      -0.051346      0.046429      
236      0.506751      0.040332      0.077379      1.569812      -0.051825      0.046908      
237      0.506771      0.040322      0.077229      1.569814      -0.051723      0.046806      
238      0.506801      0.040312      0.077249      1.569785      -0.052893      0.047977      
239      0.506891      0.040262      0.077309      1.569816      -0.051629      0.046712      
240      0.506861      0.040292      0.077469      1.569882      -0.048912      0.043994      
241      0.506901      0.040342      0.077469      1.569978      -0.044649      0.039729      
242      0.507001      0.040362      0.077679      1.570101      -0.038525      0.033603      
243      0.507101      0.040372      0.077559      1.570146      -0.036020      0.031097      
244      0.507141      0.040392      0.077389      1.570119      -0.037535      0.032613      
245      0.507171      0.040402      0.077199      1.570122      -0.037394      0.032472      
246      0.507171      0.040442      0.077159      1.570224      -0.031277      0.026353      
247      0.507181      0.040402      0.077289      1.570307      -0.025396      0.020469      
248      0.507071      0.040512      0.077409      1.570324      -0.023990      0.019063      
249      0.507081      0.040482      0.077389      1.570344      -0.022271      0.017343      
250      0.507161      0.040382      0.077279      1.570337      -0.022860      0.017932      
251      0.507111      0.040402      0.077109      1.570359      -0.020849      0.015921      
252      0.507111      0.040362      0.077179      1.570391      -0.017536      0.012606      
253      0.507141      0.040312      0.077269      1.570442      -0.010626      0.005694      
254      0.507141      0.040332      0.077249      1.570446      -0.009958      0.005026      
255      0.507161      0.040382      0.077279      1.570445      -0.010076      0.005144      
256      0.507211      0.040412      0.077139      1.570473      -0.002899      -0.002036      
257      0.507261      0.040412      0.077189      1.570471      -0.003731      -0.001203      
258      0.507261      0.040432      0.077229      1.570475      -0.002051      -0.002884      
259      0.507321      0.040362      0.077309      1.570478      0.001059      -0.005995      
260      0.507341      0.040332      0.077309      1.570478      -0.000087      -0.004848      
261      0.507321      0.040342      0.077359      1.570478      0.002103      -0.007039      
262      0.507351      0.040352      0.077439      1.570478      0.003046      -0.007982      
263      0.507411      0.040332      0.077439      1.570478      0.001766      -0.006702      
264      0.507451      0.040352      0.077559      1.570478      0.003745      -0.008681      
265      0.507541      0.040362      0.077659      1.570473      0.006650      -0.011587      
266      0.507601      0.040362      0.077699      1.570473      0.006894      -0.011831      
267      0.507581      0.040412      0.077779      1.570446      0.013615      -0.018555      
268      0.507651      0.040382      0.077899      1.570435      0.015516      -0.020456      
269      0.507661      0.040362      0.077939      1.570436      0.015461      -0.020401      
270      0.507751      0.040292      0.078069      1.570410      0.019034      -0.023975      
271      0.507861      0.040212      0.078119      1.570409      0.019175      -0.024116      
272      0.507991      0.040132      0.078359      1.570385      0.021947      -0.026889      
273      0.508091      0.040072      0.078699      1.570386      0.021861      -0.026803      
274      0.508271      0.039862      0.078739      1.570405      0.019693      -0.024635      
275      0.508371      0.039762      0.078919      1.570357      0.024798      -0.029740      
276      0.508501      0.039722      0.078899      1.570309      0.028873      -0.033817      
277      0.508761      0.039472      0.079009      1.570333      0.026941      -0.031885      
278      0.508841      0.039432      0.079059      1.570329      0.027303      -0.032246      
279      0.508981      0.039292      0.079189      1.570341      0.026219      -0.031162      
280      0.509141      0.039122      0.079439      1.570317      0.028269      -0.033212      
281      0.509191      0.039102      0.079419      1.570331      0.027083      -0.032026      
282      0.509221      0.039082      0.079409      1.570319      0.028104      -0.033047      
283      0.509371      0.038942      0.079609      1.570292      0.030216      -0.035160      
284      0.509471      0.038872      0.079559      1.570316      0.028316      -0.033259      
285      0.509521      0.038722      0.079649      1.570237      0.034142      -0.039088      
286      0.509581      0.038592      0.079639      1.570238      0.034095      -0.039040      
287      0.509631      0.038462      0.079699      1.570223      0.035100      -0.040046      
288      0.509641      0.038432      0.079719      1.570223      0.035053      -0.039999      
289      0.509721      0.038312      0.079699      1.570073      0.043738      -0.048686      
290      0.509911      0.038002      0.079779      1.569962      0.049078      -0.054027      
291      0.509961      0.037852      0.079769      1.569963      0.049046      -0.053995      
292      0.510011      0.037692      0.079859      1.569979      0.048324      -0.053273      
293      0.510041      0.037572      0.079829      1.570001      0.047272      -0.052220      
294      0.509931      0.037522      0.079749      1.569992      0.047711      -0.052660      
295      0.509861      0.037402      0.079679      1.569983      0.048104      -0.053053      
296      0.509691      0.037402      0.079499      1.569966      0.048905      -0.053854      
297      0.509661      0.037372      0.079549      1.569823      0.055093      -0.060043      
298      0.509651      0.037282      0.079639      1.569510      0.066533      -0.071486      
299      0.509401      0.037362      0.079399      1.569577      0.064256      -0.069209      
300      0.509321      0.037282      0.079559      1.569300      0.073207      -0.078162      
301      0.509271      0.037212      0.079439      1.569063      0.080061      -0.085018      
302      0.509061      0.037232      0.079319      1.569154      0.077518      -0.082473      
303      0.508791      0.037352      0.079069      1.569168      0.077101      -0.082057      
304      0.508571      0.037332      0.078909      1.569268      0.074188      -0.079143      
305      0.508451      0.037332      0.078799      1.569288      0.073576      -0.078531      
306      0.507961      0.037332      0.078479      1.569276      0.073937      -0.078892      
307      0.507701      0.037262      0.078279      1.569295      0.073372      -0.078327      
308      0.507411      0.037152      0.078089      1.569272      0.074047      -0.079002      
309      0.507031      0.037062      0.078029      1.569284      0.073694      -0.078649      
310      0.506691      0.036932      0.078009      1.569261      0.074385      -0.079340      
311      0.506361      0.036832      0.078059      1.569352      0.071637      -0.076591      
312      0.506121      0.036692      0.078079      1.569286      0.073631      -0.078586      
313      0.505971      0.036482      0.078169      1.569311      0.072893      -0.077848      
314      0.505701      0.036362      0.077949      1.569196      0.076308      -0.081264      
315      0.505451      0.036282      0.077909      1.569107      0.078844      -0.083800      
316      0.505161      0.036192      0.077929      1.569114      0.078633      -0.083588      
317      0.504851      0.036092      0.077879      1.569056      0.080250      -0.085206      
318      0.504611      0.036012      0.077879      1.569085      0.079457      -0.084413      
319      0.504381      0.035912      0.077859      1.569057      0.080226      -0.085182      
320      0.504071      0.035832      0.077579      1.568988      0.082103      -0.087059      
321      0.503821      0.035802      0.077479      1.568916      0.084011      -0.088968      
322      0.503551      0.035862      0.077279      1.568747      0.088360      -0.093318      
323      0.503481      0.035842      0.077219      1.568712      0.089208      -0.094166      
324      0.503351      0.035762      0.077209      1.568717      0.089098      -0.094056      
325      0.503201      0.035762      0.077079      1.568506      0.094162      -0.099121      
326      0.503231      0.035652      0.077059      1.568136      0.102460      -0.107421      
327      0.503251      0.035582      0.077059      1.568194      0.101204      -0.106164      
328      0.503051      0.035732      0.076919      1.567977      0.105813      -0.110773      
329      0.503111      0.035542      0.076919      1.567279      0.119424      -0.124387      
330      0.503051      0.035552      0.076879      1.567301      0.119016      -0.123979      
331      0.502781      0.035712      0.076849      1.567286      0.119291      -0.124254      
332      0.502761      0.035652      0.076819      1.566618      0.130986      -0.135951      
333      0.502921      0.035352      0.076799      1.566168      0.138301      -0.143266      
334      0.502871      0.035282      0.076739      1.566015      0.140695      -0.145660      
335      0.502971      0.035072      0.076789      1.565779      0.144313      -0.149279      
336      0.503021      0.034942      0.076819      1.565934      0.141950      -0.146916      
337      0.502911      0.034922      0.076799      1.565831      0.143520      -0.148486      
338      0.502911      0.034872      0.076869      1.565727      0.145097      -0.150064      
339      0.502941      0.034852      0.076839      1.565769      0.144470      -0.149436      
340      0.502871      0.034952      0.076819      1.565720      0.145207      -0.150173      
341      0.502851      0.035032      0.076909      1.565764      0.144540      -0.149506      
342      0.502651      0.035462      0.076849      1.565628      0.146581      -0.151547      
343      0.502581      0.035652      0.076989      1.565557      0.147632      -0.152599      
344      0.502501      0.035902      0.076969      1.565358      0.150552      -0.155518      
345      0.502491      0.036042      0.077109      1.564988      0.155833      -0.160800      
346      0.502521      0.036112      0.077169      1.565005      0.155589      -0.160557      
347      0.502501      0.036332      0.077149      1.564967      0.156115      -0.161082      
348      0.502471      0.036482      0.077229      1.564567      0.161616      -0.166583      
349      0.502651      0.036502      0.077229      1.564450      0.163193      -0.168161      
350      0.502691      0.036552      0.077129      1.564322      0.164896      -0.169863      
351      0.502721      0.036622      0.077159      1.564083      0.168018      -0.172986      
352      0.502911      0.036592      0.077179      1.564125      0.167477      -0.172445      
353      0.503021      0.036572      0.077359      1.564036      0.168622      -0.173591      
354      0.503071      0.036592      0.077399      1.563919      0.170137      -0.175105      
355      0.503181      0.036572      0.077399      1.564075      0.168120      -0.173088      
356      0.503211      0.036562      0.077409      1.564126      0.167461      -0.172429      
357      0.503171      0.036552      0.077399      1.564207      0.166402      -0.171370      
358      0.503131      0.036452      0.077459      1.564115      0.167610      -0.172578      
359      0.503041      0.036422      0.077519      1.563881      0.170623      -0.175591      
360      0.503071      0.036292      0.077559      1.563843      0.171102      -0.176070      
361      0.503151      0.036082      0.077499      1.563893      0.170466      -0.175435      
362      0.503111      0.036052      0.077459      1.563830      0.171266      -0.176235      
363      0.503041      0.035892      0.077499      1.563472      0.175770      -0.180738      
364      0.503021      0.035762      0.077629      1.563339      0.177409      -0.182378      
365      0.502761      0.035652      0.077949      1.563395      0.176719      -0.181688      
366      0.502731      0.035412      0.078589      1.562976      0.181810      -0.186779      
367      0.502781      0.035252      0.079089      1.562904      0.182673      -0.187642      
368      0.502711      0.035182      0.079399      1.563007      0.181442      -0.186411      
369      0.502561      0.035152      0.079799      1.563007      0.181434      -0.186403      
370      0.502511      0.035152      0.080029      1.563197      0.179143      -0.184112      
371      0.502461      0.035122      0.080099      1.563105      0.180257      -0.185226      
372      0.502471      0.035072      0.080219      1.563112      0.180171      -0.185140      
373      0.502501      0.035072      0.080189      1.563156      0.179637      -0.184606      
374      0.502581      0.034942      0.080199      1.563176      0.179394      -0.184363      
375      0.502641      0.034962      0.080149      1.563181      0.179331      -0.184300      
376      0.502701      0.034982      0.080129      1.563196      0.179159      -0.184128      
377      0.502771      0.035002      0.080159      1.563120      0.180077      -0.185046      
378      0.502821      0.035022      0.080139      1.563134      0.179904      -0.184873      
379      0.502861      0.035012      0.080219      1.563056      0.180845      -0.185814      
380      0.502891      0.035062      0.080209      1.562925      0.182422      -0.187391      
381      0.502951      0.035062      0.080239      1.562995      0.181583      -0.186552      
382      0.502971      0.035072      0.080239      1.562990      0.181638      -0.186607      
383      0.503031      0.035102      0.080089      1.562723      0.184815      -0.189784      
384      0.503071      0.035122      0.080109      1.562589      0.186384      -0.191353      
385      0.503081      0.035122      0.080309      1.562568      0.186627      -0.191596      
386      0.503071      0.035172      0.080329      1.562573      0.186572      -0.191541      
387      0.503131      0.035122      0.080399      1.562496      0.187474      -0.192443      
388      0.503201      0.035122      0.080459      1.562663      0.185521      -0.190490      
389      0.503251      0.035122      0.080489      1.562679      0.185332      -0.190302      
390      0.503261      0.035112      0.080519      1.562684      0.185270      -0.190239      
391      0.503251      0.035162      0.080579      1.562746      0.184548      -0.189517      
392      0.503281      0.035172      0.080599      1.562750      0.184501      -0.189470      
393      0.503281      0.035202      0.080599      1.562846      0.183356      -0.188325      
394      0.503221      0.035342      0.080589      1.562879      0.182963      -0.187933      
395      0.503231      0.035352      0.080549      1.563026      0.181214      -0.186183      
396      0.503261      0.035322      0.080599      1.563030      0.181159      -0.186128      
397      0.503281      0.035292      0.080659      1.563402      0.176633      -0.181601      
398      0.503301      0.035302      0.080639      1.563543      0.174883      -0.179852      
399      0.503321      0.035302      0.080659      1.563595      0.174240      -0.179208      
400      0.503401      0.035312      0.080829      1.563895      0.170443      -0.175411      
401      0.503401      0.035332      0.080889      1.564160      0.167014      -0.171982      
402      0.503421      0.035342      0.080899      1.564372      0.164221      -0.169189      
403      0.503471      0.035322      0.081149      1.564576      0.161490      -0.166458      
404      0.503501      0.035472      0.081159      1.565952      0.141668      -0.146634      
405      0.503661      0.035412      0.081309      1.567024      0.124001      -0.128964      
406      0.503771      0.035402      0.081309      1.568120      0.102806      -0.107766      
407      0.503841      0.035312      0.081309      1.568962      0.082802      -0.087758      
408      0.503801      0.035262      0.081649      1.569526      0.066023      -0.070976      
409      0.503711      0.035292      0.081829      1.570149      0.039584      -0.044531      
410      0.503651      0.035312      0.082009      1.570403      0.019858      -0.024800      
411      0.503701      0.035212      0.082389      1.570478      0.002394      -0.007330      
412      0.503771      0.035112      0.082609      1.570456      -0.008026      0.003094      
413      0.503871      0.035052      0.083149      1.570213      -0.032039      0.027115      
414      0.503901      0.035032      0.083519      1.569939      -0.046416      0.041497      
415      0.503951      0.035082      0.083649      1.569413      -0.065981      0.061070      
416      0.504011      0.035102      0.084049      1.568972      -0.078808      0.073903      
417      0.503981      0.035182      0.084979      1.568482      -0.091015      0.086115      
418      0.503961      0.035262      0.085759      1.567280      -0.115675      0.110787      
419      0.503921      0.035322      0.086579      1.566261      -0.133104      0.128224      
420      0.503991      0.035342      0.087479      1.565022      -0.151635      0.146765      
421      0.503981      0.035342      0.087629      1.564063      -0.164554      0.159691      
422      0.503911      0.035322      0.088169      1.561918      -0.190339      0.185491      
423      0.503881      0.035312      0.088479      1.560767      -0.202835      0.197995      
424      0.503821      0.035292      0.088709      1.558548      -0.224969      0.220142      
425      0.503791      0.035332      0.088809      1.555487      -0.252333      0.247525      
426      0.503791      0.035262      0.088849      1.553736      -0.266727      0.261928      
427      0.503651      0.035202      0.089029      1.551840      -0.281476      0.276688      
428      0.503481      0.035162      0.088959      1.548298      -0.307134      0.302365      
429      0.503281      0.035132      0.088899      1.543321      -0.339889      0.335147      
430      0.502901      0.035192      0.088999      1.539613      -0.362346      0.357622      
431      0.502801      0.035102      0.089049      1.534111      -0.393281      0.388584      
432      0.502711      0.034932      0.089029      1.527092      -0.429456      0.424792      
433      0.502391      0.034852      0.089149      1.523297      -0.447768      0.443123      
434      0.502161      0.034722      0.089459      1.520782      -0.459490      0.454856      
435      0.501831      0.034562      0.089799      1.517379      -0.474872      0.470254      
436      0.501141      0.034412      0.090229      1.514590      -0.487111      0.482505      
437      0.500551      0.034222      0.091029      1.512444      -0.496311      0.491715      
438      0.500191      0.034172      0.091399      1.511260      -0.501311      0.496720      
439      0.499471      0.034082      0.091959      1.509741      -0.507654      0.503070      
440      0.498791      0.033862      0.092729      1.508210      -0.513964      0.509387      
441      0.498111      0.033692      0.093339      1.506721      -0.520024      0.515454      
442      0.497411      0.033502      0.093909      1.504428      -0.529212      0.524652      
443      0.496811      0.033162      0.094629      1.501560      -0.540477      0.535929      
444      0.495821      0.032832      0.095339      1.498048      -0.553948      0.549415      
445      0.495421      0.032482      0.095839      1.492910      -0.573053      0.568542      
446      0.495051      0.032242      0.096119      1.488695      -0.588238      0.583745      
447      0.494801      0.032162      0.096249      1.487772      -0.591506      0.587017      
448      0.494351      0.032072      0.096499      1.484576      -0.602684      0.598210      
449      0.494071      0.031862      0.096619      1.478041      -0.624884      0.620437      
450      0.493651      0.031672      0.096749      1.471554      -0.646116      0.641696      
451      0.493141      0.031562      0.096829      1.469921      -0.651343      0.646930      
452      0.492571      0.031342      0.097029      1.467906      -0.657734      0.653329      
453      0.491981      0.031152      0.097199      1.465046      -0.666692      0.662298      
454      0.491181      0.030662      0.097399      1.459663      -0.683206      0.678835      
455      0.490621      0.030272      0.097649      1.456466      -0.692813      0.688455      
456      0.490021      0.029912      0.097899      1.454901      -0.697465      0.693113      
457      0.489701      0.029732      0.098109      1.453257      -0.702315      0.697970      
458      0.489261      0.029332      0.098519      1.448063      -0.717403      0.713080      
459      0.488851      0.028872      0.098949      1.443504      -0.730365      0.726060      
460      0.488321      0.028542      0.099399      1.439701      -0.740989      0.736699      
461      0.487481      0.028152      0.099889      1.434312      -0.755766      0.751497      
462      0.486901      0.027992      0.099909      1.430448      -0.766166      0.761913      
463      0.486521      0.027692      0.099729      1.424694      -0.781370      0.777140      
464      0.486231      0.027172      0.099939      1.418907      -0.796336      0.792129      
465      0.486061      0.026982      0.100129      1.415830      -0.804169      0.799974      
466      0.485771      0.026542      0.100509      1.411227      -0.815728      0.811550      
467      0.485391      0.026152      0.101149      1.406680      -0.826971      0.822812      
468      0.484761      0.025652      0.101929      1.399100      -0.845336      0.841206      
469      0.484081      0.025332      0.102529      1.393092      -0.859578      0.855472      
470      0.483481      0.025162      0.103179      1.385637      -0.876887      0.872809      
471      0.482941      0.024832      0.103939      1.377185      -0.896047      0.892003      
472      0.482601      0.024762      0.104349      1.373148      -0.905036      0.901007      
473      0.481891      0.024732      0.104989      1.362392      -0.928493      0.924505      
474      0.481231      0.024512      0.105609      1.355119      -0.943972      0.940012      
475      0.480401      0.024432      0.106419      1.348940      -0.956891      0.952955      
476      0.479091      0.024542      0.107099      1.341193      -0.972807      0.968899      
477      0.478241      0.024622      0.107519      1.333037      -0.989234      0.985357      
478      0.477581      0.024582      0.107449      1.327145      -1.000904      0.997049      
479      0.476921      0.024442      0.107399      1.319807      -1.015214      1.011387      
