50      0.016020      1634927939190      
51      0.015020      1634927939231      
52      0.009080      1634927939249      
53      0.002870      1634927939280      
54      0.012430      1634927939317      
55      0.014920      1634927939350      
56      0.013000      1634927939383      
57      0.007810      1634927939435      
58      0.012960      1634927939453      
59      0.011870      1634927939483      
60      0.008470      1634927939515      
61      0.021110      1634927939550      
62      0.015640      1634927939584      
63      0.008410      1634927939623      
64      0.008810      1634927939652      
65      0.011250      1634927939684      
66      0.006670      1634927939717      
67      0.008670      1634927939750      
68      0.020080      1634927939782      
69      0.015840      1634927939828      
70      0.010690      1634927939850      
71      0.012030      1634927939884      
72      0.011380      1634927939916      
73      0.012250      1634927939949      
74      0.011410      1634927939981      
75      0.010590      1634927940036      
76      0.009650      1634927940057      
77      0.005890      1634927940085      
78      0.002430      1634927940115      
79      -0.009830      1634927940149      
80      -0.017380      1634927940183      
81      -0.012670      1634927940216      
82      -0.000540      1634927940253      
83      0.047320      1634927940284      
84      0.025810      1634927940316      
85      0.018430      1634927940349      
86      0.000150      1634927940383      
87      0.012350      1634927940416      
88      0.029230      1634927940454      
89      0.031480      1634927940489      
90      0.008850      1634927940524      
91      0.010300      1634927940551      
92      0.016330      1634927940583      
93      0.004610      1634927940616      
94      0.004190      1634927940658      
95      0.006990      1634927940700      
96      0.007920      1634927940720      
97      0.004140      1634927940753      
98      0.004220      1634927940783      
99      0.004680      1634927940817      
100      0.002810      1634927940854      
101      0.000460      1634927940887      
102      -0.001410      1634927940918      
103      0.003740      1634927940949      
104      -0.000960      1634927940983      
105      0.005100      1634927941016      
106      0.009310      1634927941051      
107      0.014520      1634927941085      
108      0.013590      1634927941117      
109      0.009370      1634927941151      
110      0.012180      1634927941182      
111      0.020620      1634927941217      
112      0.010780      1634927941253      
113      0.004670      1634927941289      
114      0.002830      1634927941317      
115      0.003300      1634927941350      
116      0.012190      1634927941385      
117      0.011740      1634927941418      
118      0.010790      1634927941451      
119      0.011750      1634927941504      
120      0.007570      1634927941522      
121      0.011290      1634927941554      
122      0.002810      1634927941585      
123      0.011250      1634927941620      
124      0.014560      1634927941650      
125      0.016030      1634927941701      
126      0.008140      1634927941730      
127      0.004880      1634927941753      
128      0.006210      1634927941784      
129      0.009080      1634927941817      
130      0.007280      1634927941851      
131      0.002990      1634927941888      
132      -0.000790      1634927941928      
133      -0.002480      1634927941955      
134      -0.004140      1634927941984      
135      -0.002110      1634927942019      
136      0.006440      1634927942053      
137      0.007870      1634927942091      
138      0.006740      1634927942129      
139      0.004640      1634927942158      
140      0.008020      1634927942185      
141      0.007980      1634927942218      
142      -0.000220      1634927942252      
143      -0.000010      1634927942290      
144      0.002950      1634927942323      
145      0.006990      1634927942353      
146      0.009550      1634927942384      
147      0.006230      1634927942420      
148      0.013610      1634927942451      
149      0.008470      1634927942493      
150      0.009180      1634927942525      
151      0.004890      1634927942551      
152      0.004180      1634927942587      
153      0.010270      1634927942619      
154      0.004540      1634927942652      
155      0.009370      1634927942685      
156      0.006330      1634927942732      
157      0.005690      1634927942754      
158      0.005120      1634927942787      
159      0.003350      1634927942822      
160      0.009540      1634927942853      
161      0.012560      1634927942887      
162      0.011890      1634927942931      
163      0.010680      1634927942954      
164      0.010060      1634927942986      
165      0.010030      1634927943021      
166      0.004960      1634927943057      
167      0.005080      1634927943087      
168      0.004390      1634927943129      
169      0.005600      1634927943157      
170      0.007850      1634927943188      
171      0.002300      1634927943221      
172      0.003810      1634927943257      
173      0.010020      1634927943288      
174      0.004460      1634927943329      
175      0.003690      1634927943364      
176      0.004110      1634927943394      
177      0.002800      1634927943427      
178      0.003550      1634927943454      
179      0.006250      1634927943488      
180      0.013320      1634927943520      
181      0.007780      1634927943565      
182      0.006650      1634927943596      
183      0.005720      1634927943620      
184      0.004890      1634927943653      
185      0.008460      1634927943690      
186      0.002120      1634927943720      
187      0.006410      1634927943763      
188      0.008450      1634927943787      
189      0.000730      1634927943822      
190      0.001570      1634927943855      
191      -0.001270      1634927943887      
192      0.003650      1634927943925      
193      0.002910      1634927943960      
194      -0.000690      1634927943995      
195      0.000970      1634927944022      
196      0.002110      1634927944055      
197      0.002810      1634927944088      
198      0.006360      1634927944121      
199      0.016320      1634927944166      
200      0.000160      1634927944192      
201      -0.001170      1634927944221      
202      -0.003320      1634927944255      
203      0.007150      1634927944287      
204      0.007790      1634927944324      
205      -0.000760      1634927944363      
206      -0.000010      1634927944398      
207      0.004250      1634927944422      
208      0.000700      1634927944464      
209      0.000070      1634927944494      
210      0.002200      1634927944521      
211      0.007030      1634927944560      
212      0.004890      1634927944598      
213      -0.000740      1634927944625      
214      0.007800      1634927944659      
215      0.007020      1634927944693      
216      0.009900      1634927944721      
217      -0.000550      1634927944761      
218      0.011350      1634927944812      
219      0.013440      1634927944838      
220      0.004240      1634927944862      
221      -0.004850      1634927944895      
222      -0.002060      1634927944926      
223      0.004250      1634927944957      
224      0.000060      1634927945001      
225      -0.002060      1634927945032      
226      0.006390      1634927945057      
227      0.007770      1634927945093      
228      0.001320      1634927945128      
229      0.000700      1634927945159      
230      0.000690      1634927945203      
231      0.002040      1634927945230      
232      0.007050      1634927945258      
233      0.003650      1634927945293      
234      0.006530      1634927945329      
235      0.003230      1634927945358      
236      -0.001590      1634927945401      
237      -0.000260      1634927945428      
238      0.001660      1634927945460      
239      0.000280      1634927945494      
240      0.007210      1634927945528      
241      0.011980      1634927945559      
242      0.014010      1634927945599      
243      0.015440      1634927945630      
244      0.004140      1634927945659      
245      -0.002060      1634927945694      
246      -0.003960      1634927945726      
247      0.000870      1634927945760      
248      0.000050      1634927945797      
249      0.001530      1634927945833      
250      -0.000680      1634927945861      
251      0.002110      1634927945894      
252      0.007800      1634927945928      
253      0.003480      1634927945960      
254      -0.002120      1634927946000      
255      0.005630      1634927946035      
256      0.004910      1634927946060      
257      0.001400      1634927946105      
258      0.001390      1634927946129      
259      0.001390      1634927946161      
260      0.004900      1634927946193      
261      0.002250      1634927946235      
262      0.007060      1634927946268      
263      0.003500      1634927946298      
264      0.004200      1634927946328      
265      0.000870      1634927946363      
266      0.001600      1634927946396      
267      0.005200      1634927946440      
268      -0.001080      1634927946473      
269      -0.001200      1634927946513      
270      0.001550      1634927946532      
271      -0.002790      1634927946562      
272      0.003530      1634927946595      
273      0.004280      1634927946644      
274      0.007790      1634927946673      
275      0.004990      1634927946696      
276      0.000210      1634927946729      
277      0.002950      1634927946762      
278      0.001430      1634927946796      
279      0.005670      1634927946831      
280      0.006990      1634927946872      
281      0.006970      1634927946896      
282      -0.001390      1634927946930      
283      0.004950      1634927946963      
284      0.002790      1634927946996      
285      0.002080      1634927947030      
286      0.003540      1634927947067      
287      -0.000710      1634927947097      
288      0.005610      1634927947129      
289      0.004200      1634927947163      
290      -0.000670      1634927947198      
291      0.002140      1634927947231      
292      0.000000      1634927947271      
293      -0.001400      1634927947301      
294      -0.001510      1634927947335      
295      0.005490      1634927947364      
296      0.002810      1634927947396      
297      0.001390      1634927947430      
298      0.004200      1634927947470      
299      0.004170      1634927947497      
300      0.000740      1634927947531      
301      0.004250      1634927947562      
302      0.007010      1634927947596      
303      0.002820      1634927947629      
304      0.005620      1634927947671      
305      0.002790      1634927947701      
306      0.007080      1634927947731      
307      0.001470      1634927947762      
308      -0.001280      1634927947795      
309      0.000700      1634927947829      
310      0.003490      1634927947868      
311      0.005640      1634927947913      
312      0.002820      1634927947938      
313      0.007660      1634927947970      
314      0.002830      1634927947998      
315      -0.004210      1634927948029      
316      -0.001410      1634927948068      
317      0.004220      1634927948117      
318      0.001360      1634927948136      
319      0.002770      1634927948164      
320      0.006170      1634927948198      
321      0.005630      1634927948232      
322      -0.000640      1634927948267      
323      0.000000      1634927948303      
324      0.007020      1634927948333      
325      0.002040      1634927948363      
326      0.002810      1634927948400      
327      0.002140      1634927948430      
328      0.003950      1634927948466      
329      -0.000940      1634927948503      
330      -0.000850      1634927948532      
331      0.003330      1634927948565      
332      0.006720      1634927948598      
333      0.000690      1634927948633      
334      -0.001450      1634927948663      
335      -0.000250      1634927948703      
336      0.001960      1634927948734      
337      -0.000170      1634927948765      
338      0.001400      1634927948797      
339      0.005600      1634927948832      
340      0.001340      1634927948864      
341      -0.002270      1634927948900      
342      -0.003680      1634927948934      
343      0.001180      1634927948967      
344      0.001010      1634927948999      
345      0.003910      1634927949035      
346      0.002270      1634927949066      
347      0.005690      1634927949099      
348      -0.000960      1634927949140      
349      0.003380      1634927949168      
350      0.010450      1634927949199      
351      0.008120      1634927949232      
352      -0.002320      1634927949267      
353      0.002650      1634927949299      
354      0.006880      1634927949346      
355      0.000590      1634927949376      
356      -0.000020      1634927949411      
357      0.002630      1634927949434      
358      0.003960      1634927949466      
359      0.000000      1634927949499      
360      0.005520      1634927949544      
361      0.006750      1634927949580      
362      -0.001510      1634927949606      
363      -0.002990      1634927949633      
364      0.004120      1634927949666      
365      -0.000040      1634927949700      
366      -0.002850      1634927949738      
367      0.001440      1634927949767      
368      0.000560      1634927949801      
369      0.004830      1634927949835      
370      0.002850      1634927949866      
371      0.003400      1634927949899      
372      0.007000      1634927949936      
373      0.004090      1634927949975      
374      0.006290      1634927949999      
375      0.002730      1634927950037      
376      0.002790      1634927950068      
377      0.011890      1634927950100      
378      0.004690      1634927950135      
379      0.004170      1634927950178      
380      0.004840      1634927950202      
381      -0.001010      1634927950234      
382      0.000710      1634927950268      
383      -0.000190      1634927950301      
384      -0.000810      1634927950336      
385      0.002740      1634927950379      
386      0.003500      1634927950403      
387      0.003520      1634927950435      
388      0.004180      1634927950470      
389      0.002100      1634927950501      
390      -0.002820      1634927950535      
391      0.002050      1634927950577      
392      0.001360      1634927950608      
393      -0.000170      1634927950636      
394      0.002070      1634927950669      
395      0.003580      1634927950704      
396      0.003440      1634927950736      
397      0.003510      1634927950792      
398      0.002720      1634927950819      
399      0.004190      1634927950842      
400      -0.001410      1634927950870      
401      0.002200      1634927950904      
402      0.002720      1634927950937      
403      0.004180      1634927950970      
404      0.000840      1634927951014      
405      0.008390      1634927951045      
406      0.000820      1634927951071      
407      0.000880      1634927951103      
408      0.002920      1634927951141      
409      0.002060      1634927951170      
410      0.000760      1634927951212      
411      0.001390      1634927951238      
412      0.002740      1634927951275      
413      -0.000090      1634927951306      
414      0.001420      1634927951343      
415      0.000720      1634927951372      
416      0.001460      1634927951416      
417      0.001290      1634927951442      
418      0.000670      1634927951476      
419      -0.002800      1634927951508      
420      0.000640      1634927951542      
421      0.005630      1634927951577      
422      0.002710      1634927951618      
423      0.005530      1634927951643      
424      0.004120      1634927951676      
425      0.002840      1634927951713      
426      0.000550      1634927951743      
427      0.004000      1634927951776      
428      0.006720      1634927951813      
429      0.004520      1634927951848      
430      0.001250      1634927951877      
431      0.004100      1634927951909      
432      0.002550      1634927951944      
433      0.000600      1634927951978      
434      0.001130      1634927952017      
435      -0.001170      1634927952048      
436      -0.001120      1634927952078      
437      -0.000540      1634927952112      
438      0.001820      1634927952146      
439      0.005480      1634927952178      
440      0.000110      1634927952214      
441      -0.001140      1634927952260      
442      -0.000010      1634927952284      
443      -0.000180      1634927952316      
444      0.001090      1634927952346      
445      0.001170      1634927952381      
446      0.007720      1634927952414      
447      0.007460      1634927952463      
448      -0.000720      1634927952494      
449      -0.000870      1634927952515      
450      0.006530      1634927952549      
451      0.005180      1634927952582      
452      0.001270      1634927952616      
453      -0.000450      1634927952662      
454      0.000100      1634927952687      
455      0.001160      1634927952721      
456      -0.000130      1634927952753      
457      0.003070      1634927952784      
458      0.006530      1634927952817      
459      -0.003020      1634927952860      
460      -0.002810      1634927952889      
461      0.001410      1634927952920      
462      -0.001360      1634927952954      
463      -0.002010      1634927952987      
464      0.001210      1634927953020      
465      0.000190      1634927953078      
466      0.001430      1634927953103      
467      -0.000140      1634927953131      
468      0.001210      1634927953158      
469      0.002760      1634927953188      
470      0.004510      1634927953229      
471      0.000630      1634927953269      
472      0.007930      1634927953294      
473      0.004670      1634927953330      
474      0.005180      1634927953357      
475      0.003100      1634927953394      
476      0.002910      1634927953428      
477      0.009760      1634927953469      
478      0.014520      1634927953496      
479      -0.002250      1634927953530      
480      0.001240      1634927953560      
481      0.007540      1634927953595      
482      0.003970      1634927953629      
483      0.002220      1634927953679      
484      0.013350      1634927953701      
485      0.011840      1634927953728      
486      -0.000700      1634927953763      
487      0.004490      1634927953796      
488      0.005600      1634927953830      
489      -0.002430      1634927953869      
490      0.002560      1634927953903      
491      0.002280      1634927953933      
492      0.006840      1634927953964      
493      0.008590      1634927953996      
494      -0.000950      1634927954029      
495      0.006960      1634927954077      
496      0.003800      1634927954114      
497      -0.004680      1634927954135      
498      -0.004660      1634927954166      
499      -0.002360      1634927954199      
500      -0.000970      1634927954231      
501      0.001430      1634927954267      
502      0.001950      1634927954309      
503      0.002780      1634927954333      
504      -0.001490      1634927954366      
505      -0.001910      1634927954400      
506      0.000010      1634927954435      
507      0.001020      1634927954469      
508      0.000050      1634927954508      
509      -0.001220      1634927954534      
510      -0.001370      1634927954567      
511      -0.000320      1634927954586      
512      -0.003790      1634927954608      
513      -0.003280      1634927954632      
514      -0.012270      1634927954651      
515      -0.004640      1634927954682      
516      -0.012620      1634927954719      
517      -0.008170      1634927954746      
518      -0.015410      1634927954779      
519      -0.015510      1634927954812      
520      -0.014780      1634927954845      
521      -0.018320      1634927954881      
522      -0.030970      1634927954918      
523      -0.036780      1634927954945      
524      -0.023660      1634927954980      
525      -0.014430      1634927955014      
526      -0.012840      1634927955045      
527      -0.014350      1634927955083      
528      -0.010370      1634927955119      
529      -0.011460      1634927955145      
530      -0.013990      1634927955180      
531      -0.019250      1634927955211      
532      -0.016060      1634927955246      
533      -0.015720      1634927955278      
534      -0.016590      1634927955316      
535      -0.019740      1634927955352      
536      -0.026080      1634927955384      
537      -0.024680      1634927955411      
538      -0.020200      1634927955447      
539      -0.027300      1634927955480      
540      -0.031570      1634927955533      
541      -0.028490      1634927955564      
542      -0.056920      1634927955581      
543      -0.018880      1634927955615      
544      -0.033510      1634927955647      
545      -0.030960      1634927955679      
546      -0.033550      1634927955726      
547      -0.028530      1634927955748      
548      -0.036280      1634927955779      
549      -0.039260      1634927955813      
550      -0.039410      1634927955849      
551      -0.025680      1634927955880      
552      -0.033980      1634927955925      
553      -0.035300      1634927955948      
554      -0.035320      1634927955980      
555      -0.026430      1634927956015      
556      -0.042850      1634927956047      
557      -0.033790      1634927956080      
558      -0.029100      1634927956123      
559      -0.017220      1634927956148      
560      -0.023080      1634927956181      
561      -0.033370      1634927956215      
562      -0.047790      1634927956247      
563      -0.054730      1634927956283      
564      -0.043820      1634927956324      
565      -0.023580      1634927956352      
566      -0.025420      1634927956382      
567      -0.027970      1634927956416      
568      -0.019720      1634927956447      
569      -0.018350      1634927956481      
570      -0.022310      1634927956518      
571      -0.035500      1634927956560      
572      -0.052930      1634927956582      
573      -0.048500      1634927956616      
574      -0.034700      1634927956648      
575      -0.030280      1634927956683      
576      -0.030370      1634927956719      
577      -0.011820      1634927956764      
578      -0.042140      1634927956790      
579      -0.014470      1634927956824      
580      -0.026170      1634927956853      
581      -0.029450      1634927956884      
582      -0.049590      1634927956919      
583      -0.029860      1634927956960      
584      -0.007830      1634927956985      
585      -0.020310      1634927957017      
