58      74.772052      0.087270      
59      74.265542      0.087270      
60      73.411237      0.087270      
61      72.624542      0.087270      
62      71.762788      0.087270      
63      71.066624      0.087270      
64      70.334936      0.087270      
65      69.415311      0.087270      
66      68.818272      0.087270      
67      68.159351      0.087270      
68      67.105650      0.087270      
69      66.146491      0.087270      
70      65.129460      0.087270      
71      64.079198      0.087270      
72      63.236352      0.087270      
73      62.453669      0.087270      
74      61.539201      0.087270      
75      60.802929      0.087270      
76      59.856947      0.087270      
77      58.600987      0.087270      
78      57.555308      0.087270      
79      56.425402      0.087270      
80      55.604902      0.087270      
81      54.614802      0.087270      
82      53.858475      0.087270      
83      53.347382      0.087270      
84      52.606526      0.087270      
85      51.796912      0.087270      
86      51.179246      0.087270      
87      50.258475      0.087270      
88      49.718733      0.087270      
89      49.369219      0.087270      
90      48.950947      0.087270      
91      48.368232      0.087270      
92      48.050231      0.087270      
93      47.447461      0.087270      
94      46.834378      0.087270      
95      46.060863      0.087270      
96      45.573261      0.087270      
97      44.835270      0.087270      
98      44.249117      0.087270      
99      43.662964      0.087270      
100      43.162184      0.087270      
101      42.637339      0.087270      
102      42.114213      0.087270      
103      41.616298      0.087270      
104      41.189432      0.087270      
105      40.911539      0.087270      
106      40.413624      0.087270      
107      39.879039      0.087270      
108      39.689384      0.087270      
109      39.210377      0.087270      
110      38.887792      0.087270      
111      38.573229      0.087270      
112      38.161834      0.087270      
113      37.761897      0.087270      
114      37.382015      0.087270      
115      37.092090      0.087270      
116      36.515677      0.087270      
117      36.371861      0.087270      
118      36.014897      0.087270      
119      35.631004      0.087270      
120      35.298679      0.087270      
121      34.820245      0.087270      
122      34.385930      0.087270      
123      33.783734      0.087270      
124      33.327073      0.087270      
125      32.770142      0.087270      
126      32.235556      0.087270      
127      31.678625      0.087270      
128      30.914277      0.087270      
129      30.293172      0.087270      
130      29.833073      0.087270      
131      29.155817      0.087270      
132      27.852873      0.087270      
133      27.327455      0.087270      
134      26.569982      0.087270      
135      25.844597      0.087270      
136      25.142130      0.087270      
137      24.841891      0.087270      
138      24.531912      0.087270      
139      24.541652      0.087270      
140      24.372052      0.087270      
141      24.365749      0.087270      
142      24.343976      0.087270      
143      24.220786      0.087270      
144      24.339392      0.087270      
145      24.192710      0.087270      
146      23.901066      0.087270      
147      23.775012      0.087270      
148      23.597963      0.087270      
149      23.356167      0.087270      
150      23.180837      0.087270      
151      23.033583      0.087270      
152      22.692090      0.087270      
153      22.269807      0.087270      
154      22.065828      0.087270      
155      21.770746      0.087270      
156      21.489989      0.087270      
157      21.289448      0.087270      
158      20.941079      0.087270      
159      20.709597      0.087270      
160      20.403629      0.087270      
161      20.288461      0.087270      
162      20.106828      0.087270      
163      19.776222      0.087270      
164      19.686265      0.087270      
165      19.596880      0.087270      
166      18.980360      0.087270      
167      18.638294      0.087270      
168      17.939838      0.087270      
169      17.329047      0.087270      
170      16.917651      0.087270      
171      16.481044      0.087270      
172      16.178513      0.087270      
173      16.111475      0.087270      
174      15.875983      0.087270      
175      15.835875      0.087270      
176      15.724717      0.087270      
177      15.544230      0.087270      
178      15.332230      0.087270      
179      15.054337      0.087270      
180      14.768996      0.087270      
181      14.511730      0.087270      
182      14.005793      0.087270      
183      13.729620      0.087270      
184      13.617890      0.087270      
185      12.844947      0.087270      
186      12.504027      0.087270      
187      12.159096      0.087270      
188      11.967149      0.087270      
189      11.951106      0.087270      
190      11.849690      0.087270      
191      11.724208      0.087270      
192      11.718478      0.087270      
193      11.297915      0.087270      
194      11.032628      0.087270      
195      10.838389      0.087270      
196      10.491740      0.087270      
197      10.321566      0.087270      
198      10.047111      0.087270      
199      9.914754      0.087270      
200      9.715359      0.087270      
201      9.702180      0.087270      
202      9.694732      0.087270      
203      9.599045      0.087270      
204      9.279325      0.087270      
205      9.104568      0.087270      
206      9.036384      0.087270      
207      8.793443      0.087270      
208      8.454815      0.087270      
209      8.202133      0.087270      
210      7.925959      0.087270      
211      7.588477      0.087270      
212      7.263027      0.087270      
213      7.020659      0.087270      
214      6.704950      0.087270      
215      6.393825      0.087270      
216      6.162916      0.087270      
217      5.849499      0.087270      
218      5.772147      0.087270      
219      5.531498      0.087270      
220      5.429508      0.087270      
221      5.158491      0.087270      
222      4.897215      0.087270      
223      4.748241      0.087270      
224      4.529365      0.087270      
225      4.530511      0.087270      
226      4.378100      0.087270      
227      4.230845      0.087270      
228      4.244597      0.087270      
229      4.078434      0.087270      
230      3.991342      0.087270      
231      3.758714      0.087270      
232      3.527232      0.087270      
233      3.377113      0.087270      
234      3.298042      0.087270      
235      3.139901      0.087270      
236      3.147350      0.087270      
237      3.067134      0.087270      
238      2.896960      0.087270      
239      2.830495      0.087270      
240      2.764030      0.087270      
241      2.704441      0.087270      
242      2.555467      0.087270      
243      2.397899      0.087270      
244      2.344612      0.087270      
245      2.209963      0.087270      
246      2.070158      0.087270      
247      1.772784      0.087270      
248      1.276588      0.087270      
249      0.805029      0.087270      
250      0.566099      0.087270      
251      0.418272      0.087270      
252      0.338628      0.087270      
253      0.337482      0.087270      
254      0.257839      0.087270      
255      0.253255      0.087270      
256      0.335190      0.087270      
257      0.253828      0.087270      
258      0.157568      0.087270      
259      -0.001719      0.087270      
260      -0.246379      0.087270      
261      -0.453223      0.087270      
262      -0.573548      0.087270      
263      -0.834824      0.087270      
264      -0.864046      0.087270      
265      -0.972911      0.087270      
266      -1.101257      0.087270      
267      -1.163712      0.087270      
268      -1.175744      0.087270      
269      -1.255961      0.087270      
270      -1.428426      0.087270      
271      -1.590005      0.087270      
272      -1.736113      0.087270      
273      -1.827216      0.087270      
274      -1.917746      0.087270      
275      -2.008276      0.087270      
276      -2.159542      0.087270      
277      -2.223715      0.087270      
278      -2.292472      0.087270      
279      -2.354926      0.087270      
280      -2.425402      0.087270      
281      -2.566927      0.087270      
282      -2.676365      0.087270      
283      -2.753716      0.087270      
284      -2.789241      0.087270      
285      -2.898679      0.087270      
286      -3.215534      0.087270      
287      -3.291167      0.087270      
288      -3.429827      0.087270      
289      -3.587395      0.087270      
290      -3.916282      0.087270      
291      -4.890912      0.087270      
292      -5.061658      0.087270      
293      -5.071972      0.087270      
294      -5.340124      0.087270      
295      -5.446124      0.087270      
296      -5.398568      0.087270      
297      -5.541811      0.087270      
298      -5.489098      0.087270      
299      -5.655260      0.087270      
300      -5.825434      0.087270      
301      -6.086710      0.087270      
302      -6.524463      0.087270      
303      -6.659112      0.087270      
304      -6.719847      0.087270      
305      -6.932994      0.087270      
306      -6.887156      0.087270      
307      -6.953621      0.087270      
308      -7.114627      0.087270      
309      -7.040140      0.087270      
310      -7.059048      0.087270      
311      -6.966226      0.087270      
312      -6.968518      0.087270      
313      -6.974821      0.087270      
314      -6.900334      0.087270      
315      -6.952475      0.087270      
316      -6.901480      0.087270      
317      -6.875123      0.087270      
318      -6.852777      0.087270      
319      -6.891167      0.087270      
320      -6.954194      0.087270      
321      -6.999459      0.087270      
322      -7.194270      0.087270      
323      -7.212032      0.087270      
324      -7.345536      0.087270      
325      -7.391374      0.087270      
326      -7.513417      0.087270      
327      -7.534617      0.087270      
328      -7.586758      0.087270      
329      -7.735158      0.087270      
330      -7.751775      0.087270      
331      -7.724845      0.087270      
332      -7.739169      0.087270      
333      -7.779850      0.087270      
334      -7.725991      0.087270      
335      -7.973516      0.087270      
336      -8.007321      0.087270      
337      -7.965494      0.087270      
338      -8.137960      0.087270      
339      -8.144835      0.087270      
340      -8.238230      0.087270      
341      -8.333344      0.087270      
342      -8.415279      0.087270      
343      -8.428458      0.087270      
344      -8.536177      0.087270      
345      -8.563680      0.087270      
346      -8.516696      0.087270      
347      -8.535604      0.087270      
348      -8.461117      0.087270      
349      -8.468566      0.087270      
350      -8.478307      0.087270      
351      -8.496642      0.087270      
352      -8.411269      0.087270      
353      -8.484609      0.087270      
354      -8.472004      0.087270      
355      -8.304695      0.087270      
356      -8.292090      0.087270      
357      -8.309852      0.087270      
358      -8.222760      0.087270      
359      -8.247971      0.087270      
360      -8.247971      0.087270      
361      -7.917937      0.087270      
362      -7.563266      0.087270      
363      -6.565144      0.087270      
364      -4.488684      0.087270      
365      -3.683654      0.087270      
366      -2.346904      0.087270      
367      -0.553494      0.087270      
368      0.642305      0.087270      
369      2.066720      0.087270      
370      3.301480      0.087270      
371      4.835906      0.087270      
372      6.772561      0.087270      
373      8.181506      0.087270      
374      9.262136      0.087270      
375      10.683113      0.087270      
376      12.306923      0.087270      
377      14.117523      0.087270      
378      15.608977      0.087270      
379      18.368996      0.087270      
380      20.380710      0.087270      
381      21.942639      0.087270      
382      24.307305      0.087270      
383      26.190673      0.087270      
384      28.974184      0.087270      
385      31.256915      0.087270      
386      33.352284      0.087270      
387      34.423747      0.087270      
388      35.859048      0.087270      
389      37.510934      0.087270      
390      38.781219      0.087270      
391      39.918574      0.087270      
392      41.676460      0.087270      
393      43.240108      0.087270      
394      45.273022      0.087270      
395      47.503613      0.087270      
396      48.977304      0.087270      
397      51.404998      0.087270      
398      53.418431      0.087270      
399      56.493013      0.087270      
400      58.092185      0.087270      
401      59.275378      0.087270      
402      60.073532      0.087270      
403      60.837307      0.087270      
404      62.345376      0.087270      
405      63.328028      0.087270      
406      64.205825      0.087270      
407      65.786089      0.087270      
408      66.874741      0.087270      
409      67.868279      0.087270      
410      68.896196      0.087270      
411      69.626166      0.087270      
412      70.897024      0.087270      
413      71.653350      0.087270      
414      72.678402      0.087270      
415      73.840968      0.088420      
