181      0.026160      1637688428051      
182      0.014610      1637688428082      
183      0.025460      1637688428111      
184      0.020600      1637688428145      
185      0.004650      1637688428201      
186      0.013820      1637688428234      
187      0.002990      1637688428267      
188      0.006610      1637688428295      
189      0.014730      1637688428318      
190      0.009930      1637688428350      
191      0.012400      1637688428386      
192      0.014580      1637688428417      
193      0.012340      1637688428461      
194      0.024980      1637688428491      
195      0.010350      1637688428522      
196      0.012750      1637688428553      
197      0.010430      1637688428587      
198      0.010450      1637688428622      
199      0.014600      1637688428646      
200      0.011670      1637688428695      
201      0.025280      1637688428725      
202      0.015450      1637688428754      
203      0.006220      1637688428790      
204      0.014170      1637688428821      
205      0.010610      1637688428848      
206      0.009690      1637688428893      
207      0.015940      1637688428922      
208      0.007420      1637688428956      
209      0.006610      1637688428987      
210      0.001460      1637688429028      
211      0.011620      1637688429051      
212      0.010850      1637688429083      
213      0.008690      1637688429115      
214      0.014150      1637688429162      
215      0.021920      1637688429194      
216      0.012920      1637688429231      
217      0.012520      1637688429261      
218      0.008560      1637688429289      
219      0.016180      1637688429320      
220      0.004610      1637688429351      
221      0.008320      1637688429384      
222      0.009420      1637688429437      
223      0.013940      1637688429463      
224      0.009690      1637688429494      
225      0.009410      1637688429524      
226      0.016740      1637688429556      
227      0.009430      1637688429588      
228      0.011080      1637688429628      
229      0.005480      1637688429671      
230      0.013840      1637688429699      
231      0.008050      1637688429730      
232      0.006730      1637688429763      
233      0.009030      1637688429796      
234      0.013640      1637688429833      
235      0.008250      1637688429866      
236      0.006480      1637688429889      
237      0.010830      1637688429921      
238      0.005840      1637688429967      
239      0.017900      1637688429999      
240      0.013320      1637688430032      
241      0.022260      1637688430078      
242      0.013330      1637688430112      
243      0.015030      1637688430140      
244      0.010700      1637688430171      
245      0.006540      1637688430206      
246      0.010420      1637688430236      
247      0.010970      1637688430271      
248      0.010750      1637688430296      
249      0.012850      1637688430328      
250      0.011100      1637688430363      
251      0.011720      1637688430390      
252      0.005890      1637688430426      
253      0.013550      1637688430460      
254      0.007010      1637688430493      
255      0.008850      1637688430519      
256      0.009430      1637688430549      
257      0.010650      1637688430583      
258      0.009200      1637688430611      
259      0.013200      1637688430644      
260      0.011940      1637688430672      
261      0.006460      1637688430704      
262      0.008540      1637688430734      
263      0.007570      1637688430766      
264      0.011060      1637688430816      
265      0.014610      1637688430850      
266      0.007640      1637688430882      
267      -0.000540      1637688430904      
268      0.003730      1637688430937      
269      0.002010      1637688430969      
270      0.002800      1637688431001      
271      0.004920      1637688431033      
272      0.002120      1637688431080      
273      0.008220      1637688431121      
274      0.004940      1637688431147      
275      0.000980      1637688431172      
276      0.003180      1637688431204      
277      0.000340      1637688431237      
278      0.000200      1637688431268      
279      0.000520      1637688431328      
280      -0.011500      1637688431350      
281      -0.002790      1637688431379      
282      -0.008400      1637688431410      
283      -0.009410      1637688431438      
284      -0.001460      1637688431471      
285      -0.010760      1637688431505      
286      0.001540      1637688431541      
287      -0.002590      1637688431582      
288      -0.006290      1637688431617      
289      0.010260      1637688431647      
290      0.003090      1637688431679      
291      0.008770      1637688431717      
292      0.010900      1637688431745      
293      0.006680      1637688431775      
294      0.006150      1637688431805      
295      0.009860      1637688431838      
296      0.006320      1637688431870      
297      0.005660      1637688431929      
298      0.009070      1637688431950      
299      0.009820      1637688431980      
300      0.009040      1637688432011      
301      0.004680      1637688432040      
302      0.011610      1637688432071      
303      0.005650      1637688432108      
304      0.009180      1637688432155      
305      0.006170      1637688432185      
306      0.003150      1637688432217      
307      0.009820      1637688432249      
308      0.006900      1637688432280      
309      0.007650      1637688432317      
310      0.008860      1637688432360      
311      0.009450      1637688432395      
312      0.004060      1637688432423      
313      0.004170      1637688432456      
314      0.002230      1637688432487      
315      0.006600      1637688432531      
316      0.005680      1637688432563      
317      0.008140      1637688432587      
318      0.001550      1637688432614      
319      0.005440      1637688432644      
320      0.002720      1637688432694      
321      0.008270      1637688432734      
322      0.003770      1637688432765      
323      0.005010      1637688432795      
324      0.002410      1637688432818      
325      0.005990      1637688432849      
326      0.002480      1637688432881      
327      0.004360      1637688432915      
328      0.005730      1637688432963      
329      0.002740      1637688432991      
330      0.001320      1637688433021      
331      0.001170      1637688433054      
332      0.000100      1637688433085      
333      0.000250      1637688433119      
334      -0.001470      1637688433151      
335      -0.004030      1637688433180      
336      -0.005800      1637688433228      
337      -0.005950      1637688433261      
338      -0.002670      1637688433294      
339      -0.011690      1637688433328      
340      -0.000890      1637688433360      
341      -0.010730      1637688433385      
342      -0.001320      1637688433418      
343      -0.008140      1637688433448      
344      -0.008380      1637688433498      
345      -0.024130      1637688433535      
346      -0.009350      1637688433563      
347      -0.024490      1637688433592      
348      -0.029800      1637688433620      
349      -0.032190      1637688433651      
350      -0.030270      1637688433684      
351      -0.057340      1637688433741      
352      -0.065960      1637688433777      
353      -0.056830      1637688433810      
354      -0.029100      1637688433845      
355      -0.021420      1637688433874      
356      -0.006590      1637688433910      
357      -0.015590      1637688433947      
358      -0.014990      1637688433994      
359      -0.008980      1637688434027      
360      -0.017640      1637688434062      
361      -0.023020      1637688434090      
362      -0.022600      1637688434120      
363      -0.018380      1637688434142      
364      -0.014270      1637688434178      
365      -0.012850      1637688434210      
366      -0.020620      1637688434245      
367      -0.020800      1637688434266      
368      -0.025170      1637688434300      
369      -0.028380      1637688434327      
370      -0.021430      1637688434367      
371      -0.027560      1637688434405      
372      -0.051660      1637688434437      
373      -0.021670      1637688434472      
374      -0.038150      1637688434502      
375      -0.035270      1637688434534      
376      -0.042150      1637688434581      
377      -0.041250      1637688434612      
378      -0.042380      1637688434644      
379      -0.033410      1637688434673      
380      -0.028800      1637688434707      
381      -0.030760      1637688434737      
382      -0.016960      1637688434779      
383      -0.036410      1637688434806      
384      -0.034150      1637688434833      
385      -0.033510      1637688434863      
