78      -1.930000      
79      -2.920000      
80      -3.160000      
81      -2.450000      
82      -1.910000      
83      -1.180000      
84      -1.680000      
85      -3.190000      
86      -2.580000      
87      -2.670000      
88      -2.480000      
89      -2.610000      
90      -2.220000      
91      -3.180000      
92      -3.140000      
93      -2.550000      
94      -1.520000      
95      -2.030000      
96      -1.700000      
97      -1.610000      
98      -1.490000      
99      -1.740000      
100      -1.560000      
101      -0.710000      
102      -0.780000      
103      -0.840000      
104      -1.530000      
105      -1.140000      
106      -1.480000      
107      -0.590000      
108      -0.790000      
109      -1.570000      
110      -1.360000      
111      -1.510000      
112      -0.220000      
113      -0.360000      
114      0.150000      
115      -0.210000      
116      -0.460000      
117      -0.070000      
118      0.020000      
119      -0.100000      
120      0.110000      
121      -0.400000      
122      -0.140000      
123      -0.740000      
124      -1.100000      
125      -0.510000      
126      -0.470000      
127      -0.800000      
128      -0.860000      
129      -0.750000      
130      -0.380000      
131      -0.030000      
132      -0.370000      
133      -0.730000      
134      -0.880000      
135      -0.400000      
136      -0.570000      
137      -0.340000      
138      -0.500000      
139      -0.470000      
140      -0.640000      
141      -0.780000      
142      -0.700000      
143      -0.910000      
144      -1.130000      
145      -0.990000      
146      -0.660000      
147      -0.710000      
148      -0.530000      
149      -0.460000      
150      -0.260000      
151      -0.030000      
152      0.240000      
153      1.810000      
154      5.520000      
155      5.420000      
156      7.000000      
157      6.930000      
158      3.850000      
159      2.580000      
160      3.050000      
161      3.710000      
162      5.550000      
163      4.060000      
164      2.690000      
165      1.760000      
166      2.030000      
167      4.750000      
168      6.520000      
169      6.420000      
170      6.140000      
191      -10.860000      
192      -7.750000      
193      -6.260000      
194      -6.480000      
195      -5.740000      
196      -5.790000      
197      -5.460000      
198      -3.360000      
199      -2.550000      
200      -2.090000      
201      -3.660000      
202      -2.970000      
203      -3.890000      
204      -3.560000      
205      -3.150000      
206      -2.260000      
207      -0.590000      
208      0.190000      
209      0.940000      
210      7.990000      
211      8.330000      
212      4.460000      
213      5.880000      
214      5.730000      
215      5.320000      
216      5.790000      
217      4.220000      
218      3.520000      
219      1.730000      
220      2.300000      
221      2.920000      
222      4.020000      
223      2.910000      
224      4.010000      
225      4.970000      
