66      0.038030      1637681413530      
67      0.050890      1637681413558      
68      0.073480      1637681413585      
69      0.038490      1637681413632      
70      0.000860      1637681413664      
71      0.001950      1637681413697      
72      0.000950      1637681413741      
73      -0.003020      1637681413765      
74      0.005280      1637681413793      
75      0.014270      1637681413824      
76      0.005780      1637681413857      
77      0.007160      1637681413891      
78      0.062000      1637681413922      
79      0.049460      1637681413966      
80      0.025830      1637681414000      
81      0.009830      1637681414031      
82      0.016870      1637681414064      
83      0.011470      1637681414097      
84      0.012610      1637681414132      
85      0.030400      1637681414166      
86      0.003590      1637681414191      
87      -0.007180      1637681414223      
88      0.001210      1637681414254      
89      0.000790      1637681414298      
90      -0.004570      1637681414332      
91      -0.004840      1637681414364      
92      -0.007110      1637681414398      
93      -0.029660      1637681414429      
94      -0.064370      1637681414459      
95      -0.089910      1637681414490      
96      -0.089290      1637681414521      
97      -0.080910      1637681414553      
117      0.033250      1637681415233      
118      0.061390      1637681415265      
119      0.059440      1637681415297      
120      0.033880      1637681415332      
121      0.008650      1637681415363      
122      0.011320      1637681415394      
123      0.012660      1637681415431      
124      0.008340      1637681415458      
125      0.002760      1637681415492      
126      0.002730      1637681415521      
127      -0.004440      1637681415554      
128      -0.017730      1637681415604      
129      -0.077300      1637681415632      
130      -0.075000      1637681415663      
146      0.057890      1637681416197      
147      0.033870      1637681416235      
148      0.047260      1637681416259      
149      0.033690      1637681416290      
150      0.020370      1637681416323      
151      0.009460      1637681416368      
152      -0.020710      1637681416399      
153      -0.023920      1637681416439      
154      -0.053540      1637681416471      
155      -0.038500      1637681416492      
166      0.064150      1637681416826      
167      0.059770      1637681416860      
168      0.031900      1637681416888      
169      0.035500      1637681416921      
170      0.031020      1637681416953      
171      0.022460      1637681416983      
172      0.021640      1637681417014      
173      0.032760      1637681417055      
174      0.030470      1637681417096      
175      0.038000      1637681417125      
176      0.032840      1637681417157      
177      0.024320      1637681417188      
178      0.024740      1637681417220      
179      0.022660      1637681417257      
180      0.035170      1637681417282      
181      0.040700      1637681417314      
182      0.028530      1637681417347      
183      0.003980      1637681417394      
184      0.021340      1637681417425      
185      0.027850      1637681417462      
186      0.012650      1637681417489      
187      0.002730      1637681417520      
188      -0.000520      1637681417549      
189      0.008140      1637681417582      
190      0.019530      1637681417614      
191      0.012680      1637681417676      
192      0.004210      1637681417694      
193      0.019250      1637681417723      
194      0.000370      1637681417755      
195      -0.005540      1637681417787      
196      -0.010150      1637681417818      
197      -0.018140      1637681417858      
198      -0.036390      1637681417899      
199      -0.069140      1637681417929      
200      -0.082560      1637681417960      
201      -0.077370      1637681417992      
202      -0.071940      1637681418024      
203      -0.050480      1637681418060      
204      -0.037290      1637681418092      
205      -0.020200      1637681418119      
206      -0.021600      1637681418149      
207      -0.006980      1637681418181      
208      0.004520      1637681418229      
209      -0.008000      1637681418262      
210      -0.021540      1637681418291      
211      -0.021530      1637681418323      
212      -0.084110      1637681418355      
