142      0.448581      0.015112      0.140329      1.322458      -1.010072      1.006236      
143      0.449651      0.015672      0.140419      1.323989      -1.007087      1.003245      
144      0.450801      0.016132      0.140389      1.326613      -1.001950      0.998097      
145      0.451941      0.016542      0.140479      1.330283      -0.994709      0.990843      
146      0.452481      0.016692      0.140529      1.332709      -0.989889      0.986014      
147      0.453591      0.016942      0.140539      1.337558      -0.980168      0.976274      
148      0.455111      0.017022      0.140329      1.342274      -0.970604      0.966692      
149      0.455881      0.016982      0.140149      1.343943      -0.967192      0.963274      
150      0.456561      0.016892      0.139819      1.345451      -0.964097      0.960173      
151      0.457131      0.016782      0.139549      1.348164      -0.958501      0.954567      
152      0.457371      0.016672      0.139549      1.348266      -0.958289      0.954355      
153      0.457851      0.016352      0.139679      1.348608      -0.957579      0.953644      
154      0.458271      0.016262      0.139719      1.349864      -0.954972      0.951032      
155      0.458531      0.016292      0.139769      1.351301      -0.951979      0.948034      
156      0.459811      0.016552      0.139899      1.354910      -0.944411      0.940451      
157      0.460921      0.016782      0.140069      1.356369      -0.941332      0.937367      
158      0.463051      0.017292      0.140179      1.356501      -0.941052      0.937086      
159      0.464551      0.017612      0.140249      1.355212      -0.943775      0.939815      
160      0.466301      0.017872      0.140349      1.354246      -0.945810      0.941853      
161      0.467971      0.018072      0.140509      1.350017      -0.954655      0.950714      
162      0.468891      0.018152      0.140579      1.349453      -0.955826      0.951887      
163      0.470621      0.018262      0.140719      1.350111      -0.954458      0.950517      
164      0.472181      0.018352      0.140809      1.348619      -0.957556      0.953621      
165      0.473441      0.018502      0.140889      1.349751      -0.955206      0.951267      
166      0.474461      0.018682      0.140889      1.349962      -0.954768      0.950828      
167      0.475281      0.018902      0.140889      1.350082      -0.954519      0.950578      
168      0.476251      0.019152      0.140949      1.350783      -0.953060      0.949117      
169      0.477161      0.019392      0.140979      1.351587      -0.951382      0.947435      
170      0.478061      0.019602      0.141209      1.352920      -0.948593      0.944641      
171      0.479541      0.019862      0.141689      1.353598      -0.947171      0.943217      
172      0.480031      0.019922      0.141869      1.354397      -0.945492      0.941535      
173      0.481091      0.019992      0.142219      1.357733      -0.938441      0.934471      
174      0.482041      0.020112      0.142479      1.361428      -0.930561      0.926577      
175      0.483011      0.020152      0.142699      1.364557      -0.923827      0.919830      
176      0.483841      0.020182      0.142719      1.367633      -0.917149      0.913141      
177      0.484841      0.020092      0.142679      1.375359      -0.900125      0.896087      
178      0.485391      0.019982      0.142619      1.381437      -0.886467      0.882406      
179      0.485991      0.019762      0.142639      1.385448      -0.877320      0.873244      
180      0.486501      0.019552      0.142599      1.388659      -0.869917      0.865828      
181      0.486711      0.019472      0.142509      1.390160      -0.866431      0.862337      
182      0.487111      0.019342      0.142239      1.392745      -0.860393      0.856289      
183      0.487551      0.019292      0.142029      1.393776      -0.857971      0.853862      
184      0.488031      0.019292      0.141789      1.394823      -0.855503      0.851390      
185      0.488691      0.019412      0.141629      1.395136      -0.854764      0.850650      
186      0.489601      0.019642      0.141519      1.395838      -0.853103      0.848986      
187      0.490541      0.019992      0.141439      1.397663      -0.848766      0.844642      
188      0.491491      0.020522      0.141199      1.399902      -0.843414      0.839281      
189      0.492391      0.021112      0.140919      1.403574      -0.834550      0.830403      
190      0.493071      0.021642      0.140739      1.406817      -0.826635      0.822475      
191      0.493771      0.022062      0.140719      1.407848      -0.824100      0.819936      
192      0.494511      0.022382      0.140749      1.407506      -0.824940      0.820777      
193      0.495121      0.022602      0.140629      1.408421      -0.822687      0.818521      
194      0.495711      0.022682      0.140409      1.410398      -0.817790      0.813617      
195      0.496331      0.022782      0.140239      1.409588      -0.819800      0.815629      
196      0.496631      0.022802      0.140119      1.408133      -0.823397      0.819232      
197      0.496941      0.022662      0.140109      1.407693      -0.824482      0.820318      
198      0.497141      0.022522      0.140169      1.407354      -0.825314      0.821152      
199      0.497571      0.022182      0.140259      1.407457      -0.825062      0.820900      
200      0.498081      0.021812      0.140259      1.410010      -0.818753      0.814581      
201      0.498701      0.021432      0.140189      1.413893      -0.809055      0.804868      
202      0.499251      0.021062      0.140089      1.417934      -0.798823      0.794619      
203      0.500021      0.020612      0.140019      1.426147      -0.777563      0.773327      
204      0.500291      0.020492      0.139999      1.432993      -0.759333      0.755070      
205      0.500651      0.020422      0.140129      1.433825      -0.757085      0.752819      
206      0.500841      0.020452      0.140149      1.433861      -0.756986      0.752719      
207      0.501131      0.020622      0.140219      1.434280      -0.755850      0.751582      
208      0.501491      0.020912      0.140159      1.435719      -0.751937      0.747663      
209      0.502001      0.021232      0.140059      1.437254      -0.747738      0.743458      
210      0.502601      0.021582      0.139919      1.438549      -0.744176      0.739891      
211      0.503551      0.022052      0.139639      1.439837      -0.740613      0.736322      
212      0.503981      0.022332      0.139369      1.441565      -0.735805      0.731507      
213      0.504461      0.022562      0.139079      1.443155      -0.731349      0.727045      
214      0.504961      0.022742      0.138859      1.444710      -0.726960      0.722650      
215      0.505191      0.022842      0.138749      1.445621      -0.724378      0.720064      
216      0.505611      0.023022      0.138599      1.446825      -0.720949      0.716630      
217      0.506011      0.023252      0.138539      1.448731      -0.715481      0.711154      
218      0.506511      0.023612      0.138139      1.454114      -0.699790      0.695441      
219      0.506791      0.023782      0.137879      1.456763      -0.691928      0.687568      
220      0.507031      0.023922      0.137579      1.458694      -0.686134      0.681767      
221      0.507211      0.024012      0.137269      1.459046      -0.685071      0.680702      
222      0.507401      0.024062      0.136779      1.460894      -0.679468      0.675092      
223      0.507641      0.024072      0.136299      1.462495      -0.674573      0.670190      
224      0.507951      0.024042      0.135849      1.464422      -0.668628      0.664237      
225      0.508181      0.024012      0.135629      1.466073      -0.663490      0.659093      
226      0.508361      0.023982      0.135329      1.468480      -0.655920      0.651513      
227      0.508341      0.024072      0.134919      1.472201      -0.644031      0.639608      
228      0.508331      0.024162      0.134759      1.474793      -0.635611      0.631177      
229      0.508421      0.024242      0.134699      1.476248      -0.630828      0.626388      
230      0.508381      0.024312      0.134649      1.477111      -0.627976      0.623532      
231      0.508381      0.024312      0.134619      1.478027      -0.624930      0.620483      
232      0.508331      0.024252      0.134539      1.479926      -0.618567      0.614112      
233      0.508221      0.024122      0.134449      1.482014      -0.611490      0.607026      
234      0.508121      0.024052      0.134259      1.483455      -0.606554      0.602084      
235      0.508061      0.024002      0.134039      1.486321      -0.596608      0.592126      
236      0.508001      0.023972      0.133939      1.489221      -0.586363      0.581869      
237      0.508051      0.024032      0.133889      1.494179      -0.568394      0.563878      
238      0.507951      0.024132      0.133929      1.496869      -0.558392      0.553864      
239      0.507881      0.024222      0.133909      1.496908      -0.558245      0.553717      
240      0.507751      0.024372      0.134059      1.497812      -0.554840      0.550308      
241      0.507701      0.024522      0.134149      1.498557      -0.552016      0.547481      
242      0.507691      0.024722      0.134209      1.500409      -0.544932      0.540389      
243      0.507811      0.024872      0.134379      1.502512      -0.536767      0.532215      
244      0.507961      0.024972      0.134529      1.504856      -0.527512      0.522949      
245      0.507931      0.025032      0.134739      1.508585      -0.512426      0.507847      
246      0.507891      0.025062      0.134689      1.510984      -0.502469      0.497880      
247      0.507671      0.025092      0.134469      1.512095      -0.497789      0.493194      
248      0.507411      0.025192      0.134069      1.513521      -0.491715      0.487114      
249      0.507311      0.025212      0.133979      1.514152      -0.489001      0.484397      
250      0.507041      0.025182      0.133789      1.515127      -0.484777      0.480169      
251      0.506821      0.025062      0.133549      1.515996      -0.480980      0.476368      
252      0.506471      0.024892      0.133259      1.517427      -0.474662      0.470043      
253      0.506041      0.024702      0.132969      1.519957      -0.463266      0.458636      
254      0.505651      0.024482      0.132609      1.522779      -0.450206      0.445563      
255      0.505131      0.024112      0.132149      1.525028      -0.439509      0.434856      
256      0.505111      0.023982      0.132119      1.525342      -0.437998      0.433343      
257      0.505141      0.023762      0.132059      1.526516      -0.432285      0.427625      
258      0.505081      0.023642      0.131999      1.527974      -0.425082      0.420415      
259      0.505111      0.023552      0.131989      1.528994      -0.419967      0.415295      
260      0.505121      0.023482      0.131979      1.530098      -0.414361      0.409683      
261      0.505181      0.023392      0.131969      1.532347      -0.402683      0.397995      
262      0.505281      0.023232      0.131999      1.534460      -0.391392      0.386694      
263      0.505341      0.023112      0.131979      1.534590      -0.390690      0.385991      
264      0.505351      0.022962      0.131909      1.534630      -0.390471      0.385772      
265      0.505361      0.022872      0.131879      1.534822      -0.389425      0.384725      
266      0.505441      0.022682      0.131839      1.535616      -0.385070      0.380366      
267      0.505561      0.022492      0.131809      1.536908      -0.377879      0.373169      
268      0.505661      0.022402      0.131769      1.538574      -0.368392      0.363673      
269      0.505761      0.022432      0.131859      1.540305      -0.358268      0.353541      
270      0.505881      0.022692      0.131939      1.541760      -0.349526      0.344791      
271      0.506141      0.022902      0.131969      1.542488      -0.345063      0.340325      
272      0.506491      0.023082      0.132179      1.542947      -0.342219      0.337478      
273      0.506691      0.023132      0.132269      1.543247      -0.340351      0.335608      
274      0.507021      0.023252      0.132459      1.543039      -0.341648      0.336907      
275      0.507341      0.023402      0.132639      1.543331      -0.339827      0.335084      
276      0.507571      0.023662      0.132669      1.543544      -0.338490      0.333747      
277      0.507641      0.023892      0.132589      1.543911      -0.336177      0.331431      
278      0.507581      0.024122      0.132579      1.544099      -0.334981      0.330234      
279      0.507591      0.024392      0.132629      1.544178      -0.334480      0.329733      
280      0.507731      0.024522      0.132709      1.544484      -0.332526      0.327777      
281      0.508151      0.024742      0.132949      1.544831      -0.330298      0.325548      
282      0.508911      0.025142      0.133329      1.546077      -0.322166      0.317409      
283      0.509291      0.025362      0.133489      1.546455      -0.319656      0.314897      
284      0.509551      0.025582      0.133629      1.547643      -0.311639      0.306874      
285      0.509751      0.025762      0.133609      1.548379      -0.306570      0.301802      
286      0.509861      0.025872      0.133549      1.548722      -0.304177      0.299406      
287      0.510011      0.026252      0.133119      1.548776      -0.303793      0.299022      
288      0.510181      0.026362      0.133059      1.548444      -0.306117      0.301347      
289      0.510311      0.026412      0.133129      1.548600      -0.305029      0.300259      
290      0.510451      0.026462      0.133159      1.549222      -0.300648      0.295875      
291      0.510651      0.026492      0.133239      1.549940      -0.295515      0.290738      
292      0.510981      0.026562      0.133289      1.550802      -0.289232      0.284450      
293      0.511141      0.026602      0.133279      1.551246      -0.285945      0.281160      
294      0.511481      0.026702      0.133309      1.551956      -0.280599      0.275810      
295      0.511931      0.026902      0.133259      1.552495      -0.276474      0.271682      
296      0.512311      0.027062      0.133149      1.552844      -0.273765      0.268972      
297      0.512651      0.027172      0.133119      1.553211      -0.270892      0.266096      
298      0.512851      0.027162      0.133129      1.553625      -0.267611      0.262814      
299      0.513021      0.027082      0.133139      1.553781      -0.266366      0.261568      
300      0.513091      0.026972      0.133059      1.554074      -0.264010      0.259209      
301      0.513321      0.026772      0.133019      1.554502      -0.260533      0.255730      
302      0.513381      0.026652      0.133019      1.554747      -0.258512      0.253708      
303      0.513501      0.026382      0.132989      1.555275      -0.254119      0.249312      
304      0.513661      0.026072      0.132989      1.555639      -0.251049      0.246240      
305      0.513881      0.025792      0.133019      1.556084      -0.247234      0.242422      
306      0.514131      0.025622      0.133049      1.556306      -0.245315      0.240502      
307      0.514401      0.025512      0.132939      1.557162      -0.237748      0.232930      
308      0.514471      0.025492      0.132919      1.558265      -0.227633      0.222808      
309      0.514491      0.025462      0.132839      1.558627      -0.224216      0.219389      
310      0.514491      0.025372      0.132669      1.559110      -0.219569      0.214739      
311      0.514301      0.025242      0.132429      1.559486      -0.215886      0.211053      
312      0.514181      0.025122      0.132239      1.559718      -0.213582      0.208748      
313      0.513971      0.024872      0.131879      1.559829      -0.212469      0.207634      
314      0.513991      0.024622      0.131579      1.560200      -0.208707      0.203870      
315      0.514121      0.024222      0.131229      1.560953      -0.200868      0.196026      
316      0.514251      0.024022      0.131169      1.561442      -0.195607      0.190762      
317      0.514381      0.023852      0.131179      1.562184      -0.187336      0.182486      
318      0.514551      0.023672      0.131259      1.562670      -0.181721      0.176868      
319      0.514781      0.023492      0.131329      1.563309      -0.174060      0.169202      
320      0.514941      0.023292      0.131309      1.563796      -0.167982      0.163121      
321      0.515101      0.023192      0.131369      1.564063      -0.164562      0.159699      
322      0.515311      0.022942      0.131439      1.564329      -0.161072      0.156207      
323      0.515411      0.022802      0.131319      1.564629      -0.157056      0.152188      
324      0.515411      0.022732      0.131169      1.564872      -0.153722      0.148853      
325      0.515431      0.022632      0.131019      1.565132      -0.150082      0.145211      
326      0.515411      0.022582      0.130889      1.565380      -0.146512      0.141639      
327      0.515301      0.022452      0.130759      1.565468      -0.145226      0.140352      
328      0.515271      0.022292      0.130649      1.565458      -0.145383      0.140509      
329      0.515241      0.022202      0.130589      1.565413      -0.146042      0.141168      
330      0.515291      0.022102      0.130569      1.565564      -0.143813      0.138939      
331      0.515231      0.022072      0.130439      1.566039      -0.136611      0.131733      
332      0.515231      0.022052      0.130409      1.566841      -0.123491      0.118607      
333      0.515251      0.022002      0.130409      1.567211      -0.116939      0.112051      
334      0.515141      0.021992      0.130269      1.567543      -0.110755      0.105864      
335      0.515031      0.021952      0.130169      1.567867      -0.104350      0.099456      
336      0.514871      0.021932      0.130009      1.568484      -0.090976      0.086075      
337      0.514731      0.021902      0.129859      1.568801      -0.083275      0.078372      
338      0.514691      0.021892      0.129789      1.568856      -0.081878      0.076974      
339      0.514581      0.021842      0.129589      1.568970      -0.078879      0.073974      
340      0.514311      0.021712      0.129319      1.569048      -0.076752      0.071845      
341      0.514181      0.021542      0.129029      1.569136      -0.074310      0.069403      
342      0.514211      0.021302      0.128769      1.569267      -0.070503      0.065594      
343      0.514211      0.021062      0.128539      1.569325      -0.068752      0.063842      
344      0.514121      0.020962      0.128469      1.569350      -0.067967      0.063057      
345      0.514081      0.020662      0.128399      1.569519      -0.062519      0.057606      
346      0.514061      0.020472      0.128349      1.569597      -0.059857      0.054943      
347      0.514061      0.020362      0.128329      1.569635      -0.058499      0.053585      
348      0.513931      0.020182      0.128239      1.569675      -0.057062      0.052147      
349      0.513581      0.020082      0.127989      1.569775      -0.053286      0.048369      
350      0.513341      0.020092      0.127869      1.569867      -0.049533      0.044615      
351      0.513091      0.020062      0.127729      1.569884      -0.048842      0.043924      
352      0.512611      0.020032      0.127449      1.569935      -0.046596      0.041677      
353      0.512501      0.019902      0.127369      1.570030      -0.042176      0.037255      
354      0.512381      0.019772      0.127279      1.570092      -0.039011      0.034090      
355      0.512221      0.019682      0.127209      1.570151      -0.035784      0.030861      
356      0.512211      0.019632      0.127259      1.570208      -0.032345      0.027421      
357      0.512211      0.019632      0.127259      1.570254      -0.029306      0.024381      
358      0.512211      0.019632      0.127259      1.570283      -0.027241      0.022315      
359      0.512211      0.019632      0.127259      1.570299      -0.025961      0.021035      
360      0.512211      0.019632      0.127259      1.570352      -0.021540      0.016612      
361      0.512211      0.019632      0.127259      1.570410      -0.015384      0.010454      
362      0.512211      0.019632      0.127259      1.570419      -0.014159      0.009229      
363      0.512211      0.019632      0.127259      1.570430      -0.012542      0.007611      
364      0.512211      0.019632      0.127259      1.570441      -0.010775      0.005843      
365      0.512211      0.019632      0.127259      1.570446      -0.009903      0.004971      
366      0.512211      0.019632      0.127259      1.570451      -0.009032      0.004099      
367      0.512211      0.019632      0.127259      1.570453      -0.008639      0.003707      
368      0.512211      0.019632      0.127259      1.570457      -0.007854      0.002921      
369      0.512211      0.019632      0.127259      1.570454      -0.008317      0.003384      
370      0.512211      0.019632      0.127259      1.570456      -0.007885      0.002952      
371      0.512211      0.019632      0.127259      1.570459      -0.007343      0.002410      
372      0.512211      0.019632      0.127259      1.570472      -0.003362      -0.001572      
373      0.512211      0.019632      0.127259      1.570477      -0.000158      -0.004777      
374      0.512211      0.019632      0.127259      1.570478      0.000910      -0.005845      
375      0.512211      0.019632      0.127259      1.570478      0.003124      -0.008060      
376      0.512211      0.019632      0.127259      1.570477      0.003988      -0.008925      
377      0.512211      0.019632      0.127259      1.570472      0.006909      -0.011847      
378      0.512211      0.019632      0.127259      1.570470      0.007985      -0.012923      
379      0.512211      0.019632      0.127259      1.570469      0.008119      -0.013056      
380      0.512211      0.019632      0.127259      1.570466      0.009226      -0.014164      
381      0.512211      0.019632      0.127259      1.570451      0.012775      -0.017714      
382      0.512211      0.019632      0.127259      1.570437      0.015249      -0.020189      
383      0.512211      0.019632      0.127259      1.570424      0.017126      -0.022066      
384      0.512211      0.019632      0.127259      1.570414      0.018602      -0.023543      
385      0.512211      0.019632      0.127259      1.570412      0.018735      -0.023676      
386      0.512211      0.019632      0.127259      1.570419      0.017927      -0.022867      
387      0.512211      0.019632      0.127259      1.570434      0.015704      -0.020644      
388      0.512211      0.019632      0.127259      1.570459      0.011032      -0.015971      
389      0.512211      0.019632      0.127259      1.570466      0.009265      -0.014203      
390      0.512211      0.019632      0.127259      1.570477      0.003831      -0.008767      
391      0.512211      0.019632      0.127259      1.570478      0.001153      -0.006089      
392      0.512211      0.019632      0.127259      1.570478      0.000423      -0.005358      
393      0.512211      0.019632      0.127259      1.570477      0.004224      -0.009160      
394      0.512211      0.019632      0.127259      1.570462      0.010341      -0.015279      
395      0.512211      0.019632      0.127259      1.570438      0.015147      -0.020087      
396      0.512211      0.019632      0.127259      1.570449      0.013058      -0.017997      
397      0.512211      0.019632      0.127259      1.570447      0.013560      -0.018500      
398      0.512211      0.019632      0.127259      1.570427      0.016819      -0.021760      
399      0.512211      0.019632      0.127259      1.570384      0.022026      -0.026968      
400      0.512211      0.019632      0.127259      1.570334      0.026824      -0.031767      
401      0.512211      0.019632      0.127259      1.570275      0.031519      -0.036464      
402      0.512211      0.019632      0.127259      1.570253      0.033035      -0.037980      
403      0.512211      0.019632      0.127259      1.570155      0.039215      -0.044162      
404      0.512211      0.019632      0.127259      1.570046      0.045065      -0.050013      
405      0.512211      0.019632      0.127259      1.569990      0.047798      -0.052747      
406      0.512211      0.019632      0.127259      1.569812      0.055501      -0.060451      
407      0.512211      0.019632      0.127259      1.569631      0.062387      -0.067339      
408      0.512211      0.019632      0.127259      1.569365      0.071228      -0.076183      
409      0.512211      0.019632      0.127259      1.568987      0.082126      -0.087083      
410      0.512211      0.019632      0.127259      1.568805      0.086900      -0.091857      
411      0.512211      0.019632      0.127259      1.568974      0.082472      -0.087428      
412      0.512211      0.019632      0.127259      1.569059      0.080171      -0.085127      
413      0.512211      0.019632      0.127259      1.569160      0.077337      -0.082293      
414      0.512211      0.019632      0.127259      1.569215      0.075743      -0.080698      
415      0.512211      0.019632      0.127259      1.569252      0.074644      -0.079599      
416      0.512211      0.019632      0.127259      1.569357      0.071472      -0.076426      
417      0.512211      0.019632      0.127259      1.569384      0.070616      -0.075570      
418      0.512211      0.019632      0.127259      1.569427      0.069258      -0.074211      
419      0.512211      0.019632      0.127259      1.569376      0.070875      -0.075829      
420      0.512211      0.019632      0.127259      1.569378      0.070812      -0.075766      
421      0.512211      0.019632      0.127259      1.569364      0.071260      -0.076214      
422      0.512211      0.019632      0.127259      1.569400      0.070106      -0.075060      
423      0.512211      0.019632      0.127259      1.569365      0.071213      -0.076167      
424      0.512211      0.019632      0.127259      1.569353      0.071582      -0.076536      
425      0.512211      0.019632      0.127259      1.569274      0.074008      -0.078963      
426      0.512211      0.019632      0.127259      1.569123      0.078373      -0.083329      
427      0.512211      0.019632      0.127259      1.568861      0.085448      -0.090405      
428      0.512211      0.019632      0.127259      1.568519      0.093872      -0.098830      
429      0.512211      0.019632      0.127259      1.567986      0.105616      -0.110577      
430      0.512211      0.019632      0.127259      1.567457      0.116104      -0.121066      
431      0.512211      0.019632      0.127259      1.566894      0.126285      -0.131248      
432      0.512211      0.019632      0.127259      1.566333      0.135664      -0.140629      
433      0.512211      0.019632      0.127259      1.566042      0.140271      -0.145237      
434      0.512211      0.019632      0.127259      1.565808      0.143873      -0.148839      
435      0.512211      0.019632      0.127259      1.565595      0.147067      -0.152034      
436      0.512211      0.019632      0.127259      1.565557      0.147632      -0.152599      
437      0.512211      0.019632      0.127259      1.565571      0.147436      -0.152402      
438      0.512211      0.019632      0.127259      1.565650      0.146259      -0.151225      
439      0.512211      0.019632      0.127259      1.565847      0.143285      -0.148251      
440      0.512211      0.019632      0.127259      1.566012      0.140742      -0.145707      
441      0.512211      0.019632      0.127259      1.566014      0.140710      -0.145676      
442      0.512211      0.019632      0.127259      1.566164      0.138364      -0.143329      
443      0.512211      0.019632      0.127259      1.566172      0.138238      -0.143204      
444      0.512211      0.019632      0.127259      1.566195      0.137869      -0.142835      
445      0.512211      0.019632      0.127259      1.566323      0.135829      -0.140794      
446      0.512211      0.019632      0.127259      1.566333      0.135656      -0.140621      
447      0.512211      0.019632      0.127259      1.566312      0.136001      -0.140967      
448      0.512211      0.019632      0.127259      1.566169      0.138285      -0.143251      
449      0.512211      0.019632      0.127259      1.566085      0.139604      -0.144569      
450      0.512211      0.019632      0.127259      1.565975      0.141307      -0.146273      
451      0.512211      0.019632      0.127259      1.566101      0.139345      -0.144310      
452      0.512211      0.019632      0.127259      1.566021      0.140601      -0.145566      
453      0.512211      0.019632      0.127259      1.566151      0.138560      -0.143525      
454      0.512211      0.019632      0.127259      1.566126      0.138952      -0.143918      
455      0.512211      0.019632      0.127259      1.566003      0.140883      -0.145849      
456      0.512211      0.019632      0.127259      1.566134      0.138827      -0.143792      
457      0.512211      0.019632      0.127259      1.566104      0.139306      -0.144271      
458      0.512211      0.019632      0.127259      1.565980      0.141244      -0.146210      
459      0.512211      0.019632      0.127259      1.565798      0.144030      -0.148996      
460      0.512211      0.019632      0.127259      1.565764      0.144540      -0.149506      
461      0.512211      0.019632      0.127259      1.565576      0.147358      -0.152324      
462      0.512211      0.019632      0.127259      1.565522      0.148158      -0.153124      
463      0.512211      0.019632      0.127259      1.565317      0.151140      -0.156107      
464      0.512211      0.019632      0.127259      1.565210      0.152678      -0.157645      
465      0.512211      0.019632      0.127259      1.565221      0.152529      -0.157496      
466      0.512211      0.019632      0.127259      1.565003      0.155613      -0.160580      
467      0.512211      0.019632      0.127259      1.564879      0.157347      -0.162314      
468      0.512211      0.019632      0.127259      1.564847      0.157794      -0.162762      
469      0.512211      0.019632      0.127259      1.564686      0.159999      -0.164967      
470      0.512211      0.019632      0.127259      1.564618      0.160925      -0.165893      
471      0.512211      0.019632      0.127259      1.564592      0.161278      -0.166246      
472      0.512211      0.019632      0.127259      1.564437      0.163365      -0.168333      
473      0.512211      0.019632      0.127259      1.564292      0.165280      -0.170248      
474      0.512211      0.019632      0.127259      1.564238      0.166002      -0.170970      
475      0.512211      0.019632      0.127259      1.564344      0.164597      -0.169565      
476      0.512211      0.019632      0.127259      1.564914      0.156861      -0.161828      
477      0.512211      0.019632      0.127259      1.565682      0.145780      -0.150746      
478      0.512211      0.019632      0.127259      1.567020      0.124071      -0.129035      
479      0.512211      0.019632      0.127259      1.567853      0.108356      -0.113317      
480      0.512211      0.019632      0.127259      1.568918      0.083971      -0.088928      
481      0.512211      0.019632      0.127259      1.569441      0.068810      -0.073764      
482      0.512211      0.019632      0.127259      1.569612      0.063047      -0.067999      
483      0.512211      0.019632      0.127259      1.569347      0.071762      -0.076717      
484      0.512211      0.019632      0.127259      1.569296      0.073325      -0.078279      
485      0.512211      0.019632      0.127259      1.569291      0.073474      -0.078429      
486      0.512211      0.019632      0.127259      1.569238      0.075060      -0.080015      
487      0.512211      0.019632      0.127259      1.569021      0.081223      -0.086180      
488      0.512211      0.019632      0.127259      1.568934      0.083532      -0.088489      
489      0.512211      0.019632      0.127259      1.568561      0.092867      -0.097825      
490      0.512211      0.019632      0.127259      1.568430      0.095921      -0.100880      
491      0.512211      0.019632      0.127259      1.568339      0.097993      -0.102953      
492      0.512211      0.019632      0.127259      1.568421      0.096148      -0.101108      
493      0.512211      0.019632      0.127259      1.568338      0.098025      -0.102984      
494      0.512211      0.019632      0.127259      1.568184      0.101416      -0.106376      
495      0.512211      0.019632      0.127259      1.567996      0.105404      -0.110365      
496      0.512211      0.019632      0.127259      1.567821      0.108992      -0.113953      
497      0.512211      0.019632      0.127259      1.567569      0.113961      -0.118923      
498      0.512211      0.019632      0.127259      1.567125      0.122211      -0.127174      
499      0.512211      0.019632      0.127259      1.566859      0.126889      -0.131853      
500      0.512211      0.019632      0.127259      1.566251      0.136982      -0.141948      
501      0.512211      0.019632      0.127259      1.565854      0.143167      -0.148133      
502      0.512211      0.019632      0.127259      1.565393      0.150049      -0.155016      
503      0.512211      0.019632      0.127259      1.564814      0.158242      -0.163209      
504      0.512211      0.019632      0.127259      1.564134      0.167351      -0.172319      
505      0.512211      0.019632      0.127259      1.564044      0.168528      -0.173496      
506      0.512211      0.019632      0.127259      1.563997      0.169132      -0.174101      
507      0.512211      0.019632      0.127259      1.563625      0.173855      -0.178824      
508      0.512211      0.019632      0.127259      1.563497      0.175456      -0.180425      
509      0.512211      0.019632      0.127259      1.563489      0.175550      -0.180519      
510      0.512211      0.019632      0.127259      1.563097      0.180359      -0.185328      
511      0.512211      0.019632      0.127259      1.562953      0.182085      -0.187054      
512      0.512211      0.019632      0.127259      1.562784      0.184093      -0.189062      
513      0.512211      0.019632      0.127259      1.562620      0.186023      -0.190992      
514      0.512211      0.019632      0.127259      1.562666      0.185489      -0.190459      
515      0.512211      0.019632      0.127259      1.562149      0.191459      -0.196428      
516      0.512211      0.019632      0.127259      1.561685      0.196651      -0.201621      
517      0.512211      0.019632      0.127259      1.561295      0.200925      -0.205895      
518      0.512211      0.019632      0.127259      1.561127      0.202737      -0.207707      
519      0.512211      0.019632      0.127259      1.561076      0.203278      -0.208248      
520      0.512211      0.019632      0.127259      1.561020      0.203874      -0.208844      
521      0.512211      0.019632      0.127259      1.560577      0.208548      -0.213518      
522      0.512211      0.019632      0.127259      1.560239      0.212038      -0.217008      
523      0.512211      0.019632      0.127259      1.559686      0.217628      -0.222599      
524      0.512211      0.019632      0.127259      1.559259      0.221847      -0.226817      
525      0.512211      0.019632      0.127259      1.559144      0.222968      -0.227938      
526      0.512211      0.019632      0.127259      1.558569      0.228495      -0.233465      
527      0.512211      0.019632      0.127259      1.558758      0.226692      -0.231662      
528      0.512211      0.019632      0.127259      1.558460      0.229530      -0.234500      
529      0.512211      0.019632      0.127259      1.558234      0.231654      -0.236624      
530      0.512211      0.019632      0.127259      1.558211      0.231866      -0.236836      
531      0.512211      0.019632      0.127259      1.558190      0.232062      -0.237032      
532      0.512211      0.019632      0.127259      1.558113      0.232783      -0.237753      
533      0.512211      0.019632      0.127259      1.557917      0.234602      -0.239572      
534      0.512211      0.019632      0.127259      1.558073      0.233159      -0.238129      
535      0.512211      0.019632      0.127259      1.558103      0.232877      -0.237847      
536      0.512211      0.019632      0.127259      1.557602      0.237502      -0.242472      
537      0.512211      0.019632      0.127259      1.557457      0.238819      -0.243789      
538      0.512211      0.019632      0.127259      1.557212      0.241029      -0.245999      
539      0.512211      0.019632      0.127259      1.557019      0.242761      -0.247731      
540      0.512211      0.019632      0.127259      1.556760      0.245066      -0.250035      
541      0.512211      0.019632      0.127259      1.556408      0.248153      -0.253123      
542      0.512211      0.019632      0.127259      1.556110      0.250740      -0.255709      
543      0.512211      0.019632      0.127259      1.555841      0.253059      -0.258028      
544      0.512211      0.019632      0.127259      1.555467      0.256233      -0.261202      
545      0.512211      0.019632      0.127259      1.555238      0.258168      -0.263137      
546      0.512211      0.019632      0.127259      1.554717      0.262493      -0.267462      
547      0.512211      0.019632      0.127259      1.554266      0.266191      -0.271160      
548      0.512211      0.019632      0.127259      1.553787      0.270053      -0.275022      
549      0.512211      0.019632      0.127259      1.553597      0.271573      -0.276541      
550      0.512211      0.019632      0.127259      1.553430      0.272897      -0.277865      
551      0.512211      0.019632      0.127259      1.553387      0.273242      -0.278210      
552      0.512211      0.019632      0.127259      1.553569      0.271793      -0.276761      
553      0.512211      0.019632      0.127259      1.553643      0.271205      -0.276173      
554      0.512211      0.019632      0.127259      1.553892      0.269207      -0.274176      
555      0.512211      0.019632      0.127259      1.554005      0.268299      -0.273267      
556      0.512211      0.019632      0.127259      1.554073      0.267750      -0.272719      
557      0.512211      0.019632      0.127259      1.554068      0.267789      -0.272758      
558      0.512211      0.019632      0.127259      1.554243      0.266371      -0.271340      
559      0.512211      0.019632      0.127259      1.554163      0.267022      -0.271990      
560      0.512211      0.019632      0.127259      1.554408      0.265032      -0.270000      
561      0.512211      0.019632      0.127259      1.555136      0.259014      -0.263983      
562      0.512211      0.019632      0.127259      1.556016      0.251555      -0.256524      
563      0.512211      0.019632      0.127259      1.556607      0.246414      -0.251383      
564      0.512211      0.019632      0.127259      1.557250      0.240692      -0.245662      
565      0.512211      0.019632      0.127259      1.557864      0.235096      -0.240065      
566      0.512211      0.019632      0.127259      1.558488      0.229263      -0.234233      
567      0.512211      0.019632      0.127259      1.558973      0.224622      -0.229592      
568      0.512211      0.019632      0.127259      1.559204      0.222388      -0.227358      
569      0.512211      0.019632      0.127259      1.559896      0.215519      -0.220489      
570      0.512211      0.019632      0.127259      1.560852      0.205654      -0.210624      
571      0.512211      0.019632      0.127259      1.562268      0.190102      -0.195071      
572      0.512211      0.019632      0.127259      1.563766      0.172082      -0.177051      
573      0.512211      0.019632      0.127259      1.564291      0.165296      -0.170264      
574      0.512211      0.019632      0.127259      1.565272      0.151799      -0.156766      
575      0.512211      0.019632      0.127259      1.565719      0.145215      -0.150181      
576      0.512211      0.019632      0.127259      1.566905      0.126088      -0.131052      
577      0.512211      0.019632      0.127259      1.567696      0.111488      -0.116450      
578      0.512211      0.019632      0.127259      1.568596      0.092050      -0.097009      
579      0.512211      0.019632      0.127259      1.569874      0.052980      -0.057930      
580      0.512211      0.019632      0.127259      1.570365      0.023973      -0.028916      
581      0.512211      0.019632      0.127259      1.570472      0.007161      -0.012098      
582      0.512211      0.019632      0.127259      1.570474      -0.002357      -0.002578      
583      0.512211      0.019632      0.127259      1.570405      -0.015965      0.011035      
584      0.512211      0.019632      0.127259      1.570368      -0.019954      0.015026      
585      0.512211      0.019632      0.127259      1.570237      -0.030421      0.025496      
586      0.512211      0.019632      0.127259      1.569990      -0.044091      0.039172      
587      0.512211      0.019632      0.127259      1.569829      -0.051111      0.046194      
588      0.512211      0.019632      0.127259      1.569656      -0.057745      0.052831      
589      0.512211      0.019632      0.127259      1.569288      -0.069875      0.064965      
590      0.512211      0.019632      0.127259      1.568920      -0.080190      0.075285      
591      0.512211      0.019632      0.127259      1.568458      -0.091580      0.086680      
592      0.512211      0.019632      0.127259      1.567745      -0.106815      0.101922      
593      0.512211      0.019632      0.127259      1.566836      -0.123570      0.118685      
594      0.512211      0.019632      0.127259      1.566331      -0.131974      0.127093      
595      0.512211      0.019632      0.127259      1.565826      -0.139891      0.135014      
596      0.512211      0.019632      0.127259      1.565160      -0.149674      0.144803      
597      0.512211      0.019632      0.127259      1.564090      -0.164209      0.159346      
598      0.512211      0.019632      0.127259      1.563050      -0.177197      0.172341      
599      0.512211      0.019632      0.127259      1.562177      -0.187414      0.182564      
600      0.512211      0.019632      0.127259      1.560163      -0.209091      0.204254      
601      0.512211      0.019632      0.127259      1.558553      -0.224922      0.220095      
602      0.512211      0.019632      0.127259      1.557034      -0.238900      0.234082      
603      0.512211      0.019632      0.127259      1.555660      -0.250869      0.246059      
604      0.512211      0.019632      0.127259      1.552238      -0.278446      0.273656      
605      0.512211      0.019632      0.127259      1.548928      -0.302729      0.297957      
606      0.512211      0.019632      0.127259      1.542390      -0.345665      0.340927      
607      0.512211      0.019632      0.127259      1.537744      -0.373148      0.368433      
608      0.512211      0.019632      0.127259      1.534372      -0.391868      0.387170      
609      0.512211      0.019632      0.127259      1.531894      -0.405063      0.400377      
610      0.512211      0.019632      0.127259      1.529441      -0.417706      0.413032      
611      0.512211      0.019632      0.127259      1.526922      -0.430290      0.425627      
612      0.512211      0.019632      0.127259      1.523992      -0.444473      0.439824      
613      0.512211      0.019632      0.127259      1.519879      -0.463624      0.458994      
614      0.512211      0.019632      0.127259      1.510884      -0.502889      0.498300      
615      0.512211      0.019632      0.127259      1.505971      -0.523046      0.518479      
616      0.512211      0.019632      0.127259      1.504502      -0.528917      0.524357      
617      0.512211      0.019632      0.127259      1.504891      -0.527372      0.522810      
618      0.512211      0.019632      0.127259      1.503596      -0.532505      0.527948      
619      0.511281      0.019652      0.126959      1.503027      -0.534749      0.530194      
620      0.510021      0.019692      0.126609      1.502389      -0.537248      0.532697      
621      0.508721      0.019762      0.126209      1.500384      -0.545025      0.540482      
622      0.507571      0.019782      0.125949      1.498371      -0.552722      0.548188      
623      0.506381      0.019792      0.125579      1.495584      -0.563192      0.558670      
624      0.505581      0.019812      0.125309      1.494450      -0.567394      0.562877      
625      0.504451      0.019732      0.125099      1.492361      -0.575052      0.570544      
626      0.503191      0.019642      0.124859      1.490728      -0.580964      0.576463      
627      0.501401      0.019502      0.124429      1.488446      -0.589121      0.584629      
628      0.500671      0.019432      0.124369      1.486496      -0.595997      0.591514      
629      0.499061      0.019272      0.124249      1.482164      -0.610979      0.606515      
630      0.497571      0.019072      0.124089      1.477858      -0.625495      0.621048      
631      0.496001      0.018892      0.124089      1.474809      -0.635557      0.631123      
632      0.494761      0.018702      0.124189      1.471451      -0.646448      0.642028      
633      0.493691      0.018492      0.124169      1.466093      -0.663429      0.659031      
634      0.492421      0.018102      0.124279      1.462352      -0.675013      0.670630      
635      0.491861      0.017842      0.124319      1.459095      -0.684925      0.680556      
636      0.491591      0.017702      0.124339      1.456737      -0.692005      0.687645      
637      0.490791      0.017312      0.124449      1.454573      -0.698435      0.694085      
638      0.489851      0.016932      0.124459      1.451595      -0.707179      0.702841      
639      0.488521      0.016472      0.124519      1.449648      -0.712834      0.708504      
640      0.486061      0.015802      0.124619      1.446784      -0.721064      0.716745      
641      0.484681      0.015382      0.124439      1.444574      -0.727345      0.723035      
642      0.483371      0.014972      0.124279      1.441861      -0.734975      0.730676      
643      0.482431      0.014752      0.124089      1.439884      -0.740483      0.736192      
644      0.481471      0.014462      0.123919      1.437156      -0.748007      0.743727      
645      0.481131      0.014352      0.123839      1.435122      -0.753564      0.749292      
646      0.480641      0.014192      0.123709      1.431790      -0.762570      0.758311      
647      0.479941      0.014072      0.123639      1.428726      -0.770750      0.766504      
648      0.478961      0.014042      0.123549      1.426502      -0.776628      0.772391      
649      0.477971      0.014012      0.123459      1.423028      -0.785712      0.781488      
650      0.476941      0.013972      0.123379      1.419561      -0.794661      0.790451      
651      0.475861      0.013892      0.123229      1.417913      -0.798876      0.794673      
652      0.474681      0.013772      0.123079      1.417303      -0.800429      0.796228      
653      0.474111      0.013722      0.123059      1.417550      -0.799802      0.795600      
654      0.472891      0.013582      0.122939      1.416596      -0.802227      0.798029      
655      0.471741      0.013392      0.122889      1.415905      -0.803978      0.799783      
656      0.470421      0.013182      0.122889      1.415506      -0.804988      0.800794      
657      0.469161      0.013042      0.122839      1.414106      -0.808520      0.804332      
658      0.467841      0.012862      0.122819      1.413272      -0.810615      0.806430      
659      0.465811      0.012652      0.122769      1.409866      -0.819112      0.814940      
660      0.464371      0.012512      0.122609      1.407068      -0.826016      0.821856      
661      0.463591      0.012442      0.122629      1.405907      -0.828864      0.824708      
662      0.461991      0.012302      0.122629      1.403650      -0.834367      0.830220      
663      0.460371      0.012052      0.122659      1.400626      -0.841675      0.837540      
664      0.458751      0.011792      0.122779      1.399298      -0.844863      0.840733      
665      0.457111      0.011492      0.122879      1.398028      -0.847897      0.843772      
666      0.455441      0.011182      0.123079      1.397161      -0.849963      0.845841      
667      0.453801      0.011032      0.123219      1.397833      -0.848362      0.844238      
668      0.451501      0.010942      0.123319      1.396834      -0.850740      0.846620      
669      0.450851      0.010922      0.123349      1.396111      -0.852455      0.848337      
670      0.449791      0.010872      0.123299      1.394826      -0.855495      0.851383      
671      0.448881      0.010862      0.123039      1.393358      -0.858954      0.854847      
672      0.448261      0.010862      0.122809      1.388097      -0.871219      0.867132      
673      0.447941      0.010682      0.122759      1.380060      -0.889583      0.885527      
674      0.447031      0.010202      0.122919      1.375635      -0.899510      0.895471      
675      0.446321      0.009922      0.122959      1.372997      -0.905370      0.901341      
676      0.445861      0.009742      0.122969      1.373621      -0.903989      0.899958      
677      0.444881      0.009412      0.123009      1.375349      -0.900148      0.896110      
678      0.443771      0.009102      0.123009      1.374428      -0.902197      0.898163      
679      0.442031      0.008702      0.123039      1.375635      -0.899510      0.895471      
680      0.441041      0.008532      0.122929      1.376170      -0.898318      0.894277      
681      0.440271      0.008482      0.122529      1.379376      -0.891125      0.887072      
682      0.439781      0.008472      0.122169      1.380595      -0.888374      0.884316      
683      0.439381      0.008312      0.122169      1.383006      -0.882902      0.878835      
684      0.439271      0.008242      0.122199      1.386150      -0.875708      0.871628      
685      0.439221      0.008192      0.121829      1.389935      -0.866957      0.862863      
686      0.439041      0.007922      0.121239      1.391965      -0.862221      0.858119      
687      0.439001      0.007662      0.121279      1.393759      -0.858009      0.853901      
688      0.439031      0.007502      0.121219      1.397714      -0.848644      0.844520      
689      0.439251      0.007392      0.121109      1.400873      -0.841080      0.836944      
690      0.439201      0.007422      0.121059      1.401446      -0.839700      0.835561      
691      0.439151      0.007512      0.120879      1.396994      -0.850359      0.846238      
692      0.439131      0.007592      0.120729      1.391935      -0.862290      0.858188      
693      0.439101      0.007632      0.120729      1.390046      -0.866698      0.862603      
694      0.439091      0.007652      0.120699      1.387748      -0.872025      0.867940      
695      0.439081      0.007712      0.120609      1.390860      -0.864802      0.860705      
696      0.439071      0.007772      0.120679      1.393017      -0.859754      0.855648      
697      0.439071      0.007762      0.120409      1.391818      -0.862564      0.858463      
698      0.438991      0.007712      0.120209      1.390752      -0.865054      0.860956      
699      0.438891      0.007652      0.119839      1.390429      -0.865807      0.861711      
700      0.438661      0.007492      0.119249      1.387689      -0.872162      0.868077      
701      0.438501      0.007402      0.118959      1.384585      -0.879298      0.875224      
702      0.438101      0.007222      0.118549      1.378749      -0.892538      0.888487      
703      0.437471      0.007002      0.118299      1.372602      -0.906242      0.902215      
704      0.436921      0.006822      0.118029      1.370544      -0.910779      0.906760      
705      0.436521      0.006652      0.117689      1.368699      -0.914822      0.910810      
706      0.436121      0.006372      0.117169      1.369160      -0.913813      0.909799      
707      0.435881      0.006222      0.117209      1.368862      -0.914465      0.910453      
708      0.435741      0.006122      0.117199      1.369205      -0.913715      0.909701      
709      0.435421      0.005902      0.117209      1.370606      -0.910643      0.906623      
710      0.435121      0.005682      0.117219      1.370554      -0.910757      0.906737      
711      0.434721      0.005412      0.117239      1.368817      -0.914564      0.910551      
712      0.434141      0.005022      0.117269      1.367953      -0.916452      0.912443      
713      0.433331      0.004552      0.117319      1.363739      -0.925592      0.921599      
714      0.432821      0.004282      0.117339      1.359498      -0.934687      0.930710      
715      0.432431      0.004032      0.117379      1.354533      -0.945205      0.941247      
716      0.432151      0.003872      0.117379      1.349075      -0.956612      0.952675      
717      0.432051      0.003772      0.117409      1.342596      -0.969947      0.966034      
718      0.432171      0.003692      0.117459      1.336761      -0.981774      0.977883      
719      0.432311      0.003642      0.117629      1.332319      -0.990665      0.986791      
720      0.432511      0.003652      0.117579      1.328330      -0.998571      0.994712      
721      0.432671      0.003692      0.117539      1.324240      -1.006598      1.002755      
722      0.432751      0.003702      0.117539      1.323141      -1.008742      1.004902      
723      0.432831      0.003732      0.117399      1.322994      -1.009027      1.005189      
724      0.432861      0.003742      0.117379      1.323573      -1.007899      1.004059      
725      0.432861      0.003752      0.117369      1.321332      -1.012260      1.008428      
