222      74.507910      0.087270      
223      73.903995      0.087270      
224      73.674805      0.087270      
225      73.594016      0.087270      
226      73.530415      0.087270      
227      73.556772      0.087270      
228      73.568232      0.087270      
229      73.519529      0.087270      
230      73.592870      0.087270      
231      73.606621      0.087270      
232      73.606048      0.087270      
233      73.344772      0.087270      
234      73.193506      0.087270      
235      73.198663      0.087270      
236      73.051409      0.087270      
237      72.759764      0.087270      
238      72.614229      0.087270      
239      72.193092      0.087270      
240      71.825816      0.087270      
241      70.957759      0.087270      
242      70.211746      0.087270      
243      69.790610      0.087270      
244      68.818845      0.087270      
245      67.807544      0.087270      
246      67.573198      0.087270      
247      67.422505      0.087270      
248      67.244883      0.087270      
249      67.232851      0.087270      
250      67.036320      0.087270      
251      66.856406      0.087270      
252      66.493140      0.087270      
253      65.966004      0.087270      
254      65.132898      0.087270      
255      64.213847      0.087270      
256      63.671240      0.087270      
257      63.495337      0.087270      
258      63.359542      0.087270      
259      63.178482      0.087270      
260      62.742448      0.087270      
261      62.524145      0.087270      
262      61.977527      0.087270      
263      60.951329      0.087270      
264      60.427630      0.087270      
265      60.041445      0.087270      
266      59.448416      0.087270      
267      59.381378      0.087270      
268      58.997485      0.087270      
269      58.755690      0.087270      
270      58.515614      0.087270      
271      57.912844      0.087270      
272      57.419513      0.087270      
273      56.962852      0.087270      
274      56.501608      0.087270      
275      56.213974      0.087270      
276      55.997390      0.087270      
277      55.870762      0.087270      
278      55.315550      0.087270      
279      54.403947      0.087270      
280      53.710075      0.087270      
281      53.049435      0.087270      
282      52.240395      0.087270      
283      51.721853      0.087270      
284      51.327646      0.087270      
285      51.154608      0.087270      
286      50.570746      0.087270      
287      50.226389      0.087270      
288      50.085437      0.087270      
289      49.944485      0.087270      
290      49.696387      0.087270      
291      49.344581      0.087270      
292      49.308483      0.087270      
293      48.824893      0.087270      
294      48.671335      0.087270      
295      48.356199      0.087270      
296      47.943085      0.087270      
297      47.774057      0.087270      
298      46.593156      0.087270      
299      46.020754      0.087270      
300      45.462677      0.087270      
301      45.180201      0.087270      
302      44.942416      0.087270      
303      44.457106      0.087270      
304      44.386631      0.087270      
305      44.314436      0.087270      
306      43.931116      0.087270      
307      43.685883      0.087270      
308      43.378768      0.087270      
309      43.234951      0.087270      
310      43.020086      0.087270      
311      42.758809      0.087270      
312      42.555976      0.087270      
313      42.010505      0.087270      
314      41.544103      0.087270      
315      41.030145      0.087270      
316      40.850804      0.087270      
317      40.380965      0.087270      
318      39.817157      0.087270      
319      38.982906      0.087270      
320      38.381856      0.087270      
321      37.928060      0.087270      
322      37.996244      0.087270      
323      37.621518      0.087270      
324      37.487442      0.087270      
325      37.398631      0.087270      
326      37.130479      0.087270      
327      36.771797      0.087270      
328      36.099698      0.087270      
329      35.549642      0.087270      
330      35.484323      0.087270      
331      35.255706      0.087270      
332      35.087251      0.087270      
333      34.921662      0.087270      
334      34.719975      0.087270      
335      34.416298      0.087270      
336      34.052459      0.087270      
337      33.449690      0.087270      
338      33.120229      0.087270      
339      32.806812      0.087270      
340      32.523190      0.087270      
341      32.129556      0.087270      
342      31.945058      0.087270      
343      31.751393      0.087270      
344      31.509024      0.087270      
345      31.144039      0.087270      
346      30.767595      0.087270      
347      30.355053      0.087270      
348      29.920739      0.087270      
349      29.673213      0.087270      
350      29.283591      0.087270      
351      28.956995      0.087270      
352      28.785676      0.087270      
353      28.612064      0.087270      
354      28.276301      0.087270      
355      27.892981      0.087270      
356      27.714786      0.087270      
357      27.277033      0.087270      
358      27.097692      0.087270      
359      26.766513      0.087270      
360      26.527582      0.087270      
361      26.187808      0.087270      
362      25.975808      0.087270      
363      25.413720      0.087270      
364      24.704377      0.087270      
365      24.542798      0.087270      
366      24.337100      0.087270      
367      24.130256      0.087270      
368      24.038007      0.087270      
369      23.923412      0.087270      
370      23.886742      0.087270      
371      23.724017      0.087270      
372      23.373357      0.087270      
373      22.895496      0.087270      
374      22.660003      0.087270      
375      22.283559      0.087270      
376      22.207353      0.087270      
377      22.103072      0.087270      
378      21.701417      0.087270      
379      21.192615      0.087270      
380      20.973166      0.087270      
381      20.664905      0.087270      
382      20.470667      0.087270      
383      20.160115      0.087270      
384      19.921184      0.087270      
385      19.875346      0.087270      
386      19.657616      0.087270      
387      19.583129      0.087270      
388      19.257679      0.087270      
389      18.983798      0.087270      
390      18.593029      0.087270      
391      18.295082      0.087270      
392      17.866497      0.087270      
393      17.588031      0.087270      
394      16.874678      0.087270      
395      16.258157      0.087270      
396      15.748782      0.087270      
397      15.585485      0.087270      
398      15.396976      0.087270      
399      15.244565      0.087270      
400      15.137418      0.087270      
401      15.304154      0.087270      
402      15.395830      0.087270      
403      15.689766      0.087270      
404      15.435938      0.087270      
405      15.002769      0.087270      
406      14.602833      0.087270      
407      14.256183      0.087270      
408      13.722171      0.087270      
409      13.346300      0.087270      
410      12.838071      0.087270      
411      12.348178      0.087270      
412      12.084036      0.087270      
413      11.635970      0.087270      
414      11.409645      0.087270      
415      11.582110      0.087270      
416      11.800414      0.087270      
417      11.888652      0.087270      
418      12.111539      0.087270      
419      11.936209      0.087270      
420      11.490435      0.087270      
421      10.930065      0.087270      
422      10.725513      0.087270      
423      10.317555      0.087270      
424      10.273436      0.087270      
425      9.752602      0.087270      
426      9.108579      0.087270      
427      8.721248      0.087270      
428      8.110457      0.087270      
429      7.821105      0.087270      
430      7.043005      0.087270      
431      6.861372      0.087270      
432      6.359446      0.087270      
433      5.969823      0.087270      
434      5.954926      0.087270      
435      5.707401      0.087270      
436      5.789336      0.087270      
437      5.312048      0.087270      
438      4.901799      0.087270      
439      4.766004      0.087270      
440      4.483527      0.087270      
441      4.352316      0.087270      
442      4.034888      0.087270      
443      3.417794      0.087270      
444      3.075728      0.087270      
445      2.217985      0.087270      
446      1.987649      0.087270      
447      1.597453      0.087270      
448      1.619799      0.087270      
449      1.544167      0.087270      
450      1.681681      0.087270      
451      1.799141      0.087270      
452      2.183607      0.087270      
453      2.206526      0.087270      
454      2.431132      0.087270      
455      2.472959      0.087270      
456      2.311953      0.087270      
457      2.156677      0.087270      
458      1.513799      0.087270      
459      1.255388      0.087270      
460      0.892122      0.087270      
461      0.747159      0.087270      
462      0.721375      0.087270      
463      0.776954      0.087270      
464      0.631991      0.087270      
465      0.818208      0.087270      
466      0.507083      0.087270      
467      0.543753      0.087270      
468      0.377590      0.087270      
469      0.165590      0.087270      
470      -0.161579      0.087270      
471      -0.433169      0.087270      
472      -0.461818      0.087270      
473      -0.885246      0.087270      
474      -1.265701      0.087270      
475      -1.802005      0.087270      
476      -2.226580      0.087270      
477      -2.741111      0.087270      
478      -2.872322      0.087270      
479      -2.863728      0.087270      
480      -3.072290      0.087270      
481      -3.153653      0.087270      
482      -3.382843      0.087270      
483      -3.589686      0.087270      
484      -3.702562      0.087270      
485      -3.937482      0.087270      
486      -4.380392      0.087270      
487      -4.547127      0.087270      
488      -5.028426      0.087270      
489      -5.520611      0.087270      
490      -6.254592      0.087270      
491      -6.787458      0.087270      
492      -6.931848      0.087270      
493      -6.979978      0.087270      
494      -7.173643      0.087270      
495      -7.125513      0.087270      
496      -7.326627      0.087270      
497      -7.322044      0.087270      
498      -7.477893      0.087270      
499      -7.330638      0.087270      
500      -7.697915      0.087270      
501      -7.962056      0.087270      
502      -8.081235      0.087270      
503      -8.303549      0.087270      
504      -8.504663      0.087270      
505      -8.611810      0.087270      
506      -9.066752      0.087270      
507      -8.778545      0.087270      
508      -9.240936      0.087270      
509      -9.248385      0.087270      
510      -9.252968      0.087270      
511      -9.309693      0.087270      
512      -9.545185      0.087270      
513      -9.696451      0.087270      
514      -9.686710      0.087270      
515      -9.918765      0.087270      
516      -10.011587      0.087270      
517      -10.318701      0.087270      
518      -10.390896      0.087270      
519      -10.705459      0.087270      
520      -10.741557      0.087270      
521      -10.901417      0.087270      
522      -11.062422      0.087270      
523      -11.285883      0.087270      
524      -11.535127      0.087270      
525      -11.596435      0.087270      
526      -11.690403      0.087270      
527      -11.796976      0.087270      
528      -11.892663      0.087270      
529      -11.971160      0.087270      
530      -12.117269      0.087270      
531      -12.521789      0.087270      
532      -12.667325      0.087270      
533      -12.921725      0.087270      
534      -13.337132      0.087270      
535      -13.730193      0.087270      
536      -13.891198      0.087270      
537      -13.851090      0.087270      
538      -13.811555      0.087270      
539      -14.050485      0.087270      
540      -13.980583      0.087270      
541      -13.941047      0.087270      
542      -14.165080      0.087270      
543      -14.248162      0.087270      
544      -14.229254      0.087270      
545      -14.428649      0.087270      
546      -14.599395      0.087270      
547      -14.991310      0.087270      
548      -15.059494      0.087270      
549      -15.005634      0.087270      
550      -15.277224      0.087270      
551      -15.410727      0.087270      
552      -15.491517      0.087270      
553      -15.574598      0.087270      
554      -15.606112      0.087270      
555      -16.119497      0.087270      
556      -16.384784      0.087270      
557      -16.676428      0.087270      
558      -16.873532      0.087270      
559      -16.927964      0.087270      
560      -16.943435      0.087270      
561      -17.043132      0.087270      
562      -17.013911      0.087270      
563      -16.924527      0.087270      
564      -16.978959      0.087270      
565      -16.883845      0.087270      
566      -16.985262      0.087270      
567      -16.836861      0.087270      
568      -16.882699      0.087270      
569      -16.942862      0.087270      
570      -16.956040      0.087270      
571      -17.201273      0.087270      
572      -17.233360      0.087270      
573      -17.181219      0.087270      
574      -17.363425      0.087270      
575      -17.550215      0.087270      
576      -17.849881      0.087270      
577      -17.913481      0.087270      
578      -18.135795      0.087270      
579      -18.065319      0.087270      
580      -18.151265      0.087270      
581      -18.228044      0.087270      
582      -18.331752      0.087270      
583      -18.410250      0.087270      
584      -18.430304      0.087270      
585      -18.414834      0.087270      
586      -18.592456      0.087270      
587      -18.591310      0.087270      
588      -18.823365      0.087270      
589      -18.887538      0.087270      
590      -18.988954      0.087270      
591      -18.987235      0.087270      
592      -19.231323      0.087270      
593      -19.328728      0.087270      
594      -19.412956      0.087270      
595      -19.492599      0.087270      
596      -19.581983      0.087270      
597      -19.663346      0.087270      
598      -19.885087      0.087270      
599      -19.965876      0.087270      
600      -20.069012      0.087270      
601      -20.158396      0.087270      
602      -20.212828      0.087270      
603      -20.381856      0.087270      
604      -20.385294      0.087270      
605      -20.546873      0.087270      
606      -20.705014      0.087270      
607      -20.862009      0.087270      
608      -20.943371      0.087270      
609      -21.027025      0.087270      
610      -21.033328      0.087270      
611      -21.153653      0.087270      
612      -20.981760      0.087270      
613      -21.079166      0.087270      
614      -21.153080      0.087270      
615      -21.213815      0.087270      
616      -21.383416      0.087270      
617      -21.638389      0.087270      
618      -21.863568      0.087270      
619      -22.108802      0.087270      
620      -22.440554      0.087270      
621      -22.512749      0.087270      
622      -22.602706      0.087270      
623      -22.880598      0.087270      
624      -22.954512      0.087270      
625      -23.270794      0.087270      
626      -23.512590      0.087270      
627      -24.024829      0.087270      
628      -24.211619      0.087270      
629      -24.284386      0.087270      
630      -24.669425      0.087270      
631      -24.476906      0.087270      
632      -24.447684      0.087270      
633      -24.708388      0.087270      
634      -24.619004      0.087270      
635      -24.637912      0.087270      
636      -24.633901      0.087270      
637      -24.655101      0.087270      
638      -24.545663      0.087270      
639      -24.757664      0.087270      
640      -24.674582      0.087270      
641      -24.747350      0.087270      
642      -25.142130      0.114400      
643      -25.194843      0.186000      
644      -25.501958      0.232100      
645      -25.522585      0.278240      
646      -25.717396      0.324240      
647      -25.948305      0.371850      
648      -26.392360      0.418150      
649      -26.338501      0.436330      
650      -26.466274      0.436330      
651      -26.537896      0.436330      
652      -26.821518      0.436330      
653      -26.626134      0.436330      
654      -26.842718      0.436330      
655      -26.754480      0.436330      
656      -26.808913      0.436330      
657      -26.909184      0.436330      
658      -26.936113      0.436330      
659      -27.005443      0.436330      
660      -27.051281      0.436330      
661      -27.193952      0.436330      
662      -27.346936      0.436330      
663      -27.459812      0.436330      
664      -27.534872      0.436330      
665      -27.514818      0.436330      
666      -27.593315      0.436330      
667      -27.706191      0.436330      
668      -27.698170      0.436330      
669      -27.799586      0.436330      
670      -27.874073      0.436330      
671      -27.915327      0.436330      
672      -27.961738      0.436330      
673      -28.017890      0.436330      
674      -28.076333      0.436330      
675      -28.134203      0.436330      
676      -28.298074      0.436330      
677      -28.283177      0.436330      
678      -28.296928      0.436330      
679      -28.304950      0.436330      
680      -28.522107      0.436330      
681      -28.505491      0.436330      
682      -28.432723      0.436330      
683      -28.020754      0.436330      
684      -27.588731      0.436330      
685      -27.358396      0.436330      
686      -26.948719      0.436330      
687      -26.027948      0.436330      
688      -25.616553      0.436330      
689      -25.213751      0.436330      
690      -24.459144      0.436330      
691      -24.245424      0.436330      
692      -23.743498      0.436330      
693      -23.230113      0.436330      
694      -22.713290      0.436330      
695      -22.024001      0.436330      
696      -21.627503      0.436330      
697      -21.335859      0.436330      
698      -20.961706      0.436330      
699      -20.083909      0.436330      
700      -19.211269      0.436330      
701      -17.216744      0.436330      
702      -15.944167      0.436330      
703      -14.703104      0.436330      
704      -14.095750      0.436330      
705      -13.255197      0.436330      
706      -12.389432      0.436330      
707      -12.162534      0.436330      
708      -11.587840      0.436330      
709      -10.663632      0.436330      
710      -9.873500      0.436330      
711      -8.836989      0.436330      
712      -7.068216      0.404110      
713      -4.841636      0.358080      
714      -3.149642      0.311970      
715      -2.525672      0.288240      
716      -1.440458      0.218200      
717      -1.086360      0.172130      
718      -0.449785      0.125970      
719      0.193665      0.087270      
720      1.138501      0.087270      
721      2.747414      0.087270      
722      3.809136      0.087270      
723      5.824288      0.087270      
724      7.751202      0.087270      
725      9.331466      0.087270      
726      10.585707      0.087270      
727      12.178577      0.087270      
728      13.114818      0.087270      
729      14.335254      0.087270      
730      15.431354      0.087270      
731      16.430049      0.087270      
732      17.200127      0.087270      
733      18.959160      0.087270      
734      20.280439      0.087270      
735      21.393156      0.087270      
736      22.759128      0.087270      
737      24.274073      0.087270      
738      25.052746      0.087270      
739      25.862932      0.087270      
740      26.825529      0.087270      
741      27.739424      0.087270      
742      28.321566      0.087270      
743      29.540856      0.087270      
744      30.926882      0.087270      
745      32.167372      0.087270      
746      34.019226      0.087270      
747      35.429317      0.087270      
748      36.833105      0.087270      
749      38.293045      0.087270      
750      39.664173      0.087270      
751      41.057648      0.087270      
752      41.906223      0.087270      
753      42.874550      0.087270      
754      43.836002      0.087270      
755      44.927519      0.087270      
756      45.682126      0.087270      
757      46.359382      0.087270      
758      47.579819      0.087270      
759      48.690816      0.087270      
760      49.276970      0.087270      
761      50.163361      0.087270      
762      51.061213      0.087270      
763      51.688047      0.087270      
764      52.419163      0.087270      
765      52.899889      0.087270      
766      53.420150      0.087270      
767      54.201687      0.087270      
768      54.722521      0.087270      
769      54.995830      0.087270      
770      56.113704      0.087270      
771      57.246475      0.087270      
772      58.250326      0.087270      
773      59.224956      0.087270      
774      60.149164      0.087270      
775      60.907783      0.087270      
776      61.676715      0.087270      
777      62.166035      0.087270      
778      62.591183      0.087270      
779      62.785994      0.087270      
780      63.639726      0.087270      
781      64.269998      0.087270      
782      64.758746      0.087270      
783      65.197644      0.087270      
784      65.554608      0.087270      
785      65.894382      0.087270      
786      66.302340      0.087270      
787      67.207067      0.087270      
788      67.381251      0.087270      
789      67.761133      0.087270      
790      68.294000      0.087270      
791      68.696801      0.087270      
792      69.280089      0.087270      
793      69.526468      0.087270      
794      69.863950      0.087270      
795      70.309152      0.087270      
796      70.309152      0.087270      
797      70.299984      0.087270      
798      70.313163      0.087270      
799      70.373898      0.087270      
800      70.683304      0.087270      
801      71.173770      0.087270      
802      71.480312      0.087270      
803      71.739297      0.087270      
804      71.826962      0.087270      
805      72.001719      0.087270      
806      71.782270      0.087270      
807      71.507815      0.087270      
808      71.501512      0.087270      
809      71.144549      0.087270      
810      71.111889      0.087270      
811      71.228776      0.087270      
812      71.278625      0.087270      
813      71.343371      0.087270      
814      71.535890      0.087270      
815      72.029795      0.087270      
816      72.963743      0.087270      
817      74.235747      0.087270      
