85      0.438301      0.027692      0.112769      1.321850      -1.011253      1.007418      
86      0.438861      0.027842      0.112549      1.323966      -1.007132      1.003290      
87      0.439431      0.027952      0.112369      1.325881      -1.003387      0.999537      
88      0.440151      0.028142      0.112229      1.326923      -1.001340      0.997487      
89      0.440941      0.028292      0.112059      1.330557      -0.994167      0.990300      
90      0.441621      0.028452      0.111869      1.333815      -0.987682      0.983803      
91      0.442861      0.028792      0.111559      1.339364      -0.976518      0.972618      
92      0.443641      0.029042      0.111289      1.343117      -0.968883      0.964968      
93      0.444401      0.029292      0.110919      1.347634      -0.959596      0.955664      
94      0.445351      0.029582      0.110509      1.351036      -0.952531      0.948587      
95      0.446071      0.029872      0.110209      1.353349      -0.947693      0.943739      
96      0.447391      0.030362      0.109689      1.357954      -0.937972      0.934001      
97      0.448461      0.030812      0.109289      1.361015      -0.931447      0.927464      
98      0.449191      0.031092      0.109029      1.363592      -0.925910      0.921918      
99      0.450191      0.031512      0.108819      1.365376      -0.922054      0.918054      
100      0.450971      0.031742      0.108689      1.367087      -0.918340      0.914334      
101      0.451771      0.031962      0.108479      1.370916      -0.909960      0.905940      
102      0.452431      0.032102      0.108359      1.373692      -0.903829      0.899798      
103      0.453241      0.032222      0.108219      1.376656      -0.897232      0.893189      
104      0.454351      0.032362      0.107889      1.381950      -0.885304      0.881241      
105      0.454991      0.032442      0.107699      1.384212      -0.880149      0.876077      
106      0.455771      0.032502      0.107469      1.387230      -0.873220      0.869136      
107      0.456361      0.032502      0.107289      1.389122      -0.868844      0.864754      
108      0.457001      0.032512      0.107079      1.391815      -0.862571      0.858470      
109      0.457771      0.032552      0.106779      1.395410      -0.854116      0.850001      
110      0.459101      0.032592      0.106419      1.398749      -0.846174      0.842046      
111      0.459811      0.032592      0.106179      1.401702      -0.839082      0.834942      
112      0.460671      0.032592      0.105869      1.404600      -0.832055      0.827904      
113      0.461411      0.032602      0.105719      1.406866      -0.826513      0.822353      
114      0.462291      0.032602      0.105599      1.409690      -0.819548      0.815377      
115      0.463001      0.032612      0.105489      1.411935      -0.813962      0.809782      
116      0.464021      0.032732      0.105439      1.414048      -0.808665      0.804477      
117      0.465391      0.032882      0.105369      1.418530      -0.797300      0.793095      
118      0.466211      0.033012      0.105289      1.421387      -0.789961      0.785744      
119      0.467061      0.033142      0.105209      1.423672      -0.784035      0.779809      
120      0.468021      0.033342      0.104879      1.426682      -0.776153      0.771915      
121      0.468761      0.033592      0.104399      1.428556      -0.771202      0.766957      
122      0.469791      0.033922      0.103799      1.430138      -0.766994      0.762742      
123      0.470921      0.034182      0.103369      1.431796      -0.762554      0.758296      
124      0.471881      0.034302      0.103219      1.431973      -0.762079      0.757820      
125      0.472861      0.034382      0.103009      1.433357      -0.758351      0.754086      
126      0.473721      0.034482      0.102729      1.435410      -0.752781      0.748508      
127      0.474641      0.034622      0.102319      1.437481      -0.747117      0.742835      
128      0.475611      0.034862      0.101599      1.439593      -0.741289      0.736999      
129      0.476541      0.035182      0.100729      1.442728      -0.732547      0.728245      
130      0.477241      0.035452      0.100239      1.444735      -0.726891      0.722581      
131      0.477791      0.035622      0.099879      1.447465      -0.719118      0.714797      
132      0.478281      0.035782      0.099689      1.449656      -0.712811      0.708481      
133      0.478871      0.035922      0.099409      1.453294      -0.702207      0.697862      
134      0.479301      0.036082      0.099029      1.456464      -0.692821      0.688463      
135      0.479941      0.036322      0.098469      1.460874      -0.679530      0.675154      
136      0.480771      0.036512      0.097839      1.466832      -0.661114      0.656713      
137      0.481031      0.036582      0.097659      1.468077      -0.657194      0.652788      
138      0.481271      0.036632      0.097479      1.469716      -0.651999      0.647587      
139      0.481521      0.036682      0.097309      1.470615      -0.649127      0.644711      
140      0.482111      0.036722      0.096809      1.474788      -0.635627      0.631193      
141      0.482631      0.036812      0.096369      1.477562      -0.626476      0.622031      
142      0.483241      0.036852      0.095919      1.481755      -0.612372      0.607909      
143      0.483681      0.036832      0.095609      1.484666      -0.602375      0.597900      
144      0.484101      0.036822      0.095299      1.486617      -0.595571      0.591087      
145      0.484561      0.036722      0.095039      1.488666      -0.588338      0.583846      
146      0.484851      0.036642      0.094829      1.489809      -0.584264      0.579767      
147      0.485501      0.036542      0.094429      1.491171      -0.579368      0.574865      
148      0.485891      0.036442      0.094209      1.492118      -0.575936      0.571429      
149      0.486381      0.036322      0.093899      1.493350      -0.571441      0.566928      
150      0.486891      0.036302      0.093539      1.494303      -0.567937      0.563420      
151      0.487511      0.036252      0.093099      1.496250      -0.560711      0.556186      
152      0.488251      0.036182      0.092419      1.498640      -0.551698      0.547163      
153      0.488861      0.036192      0.091939      1.501148      -0.542076      0.537530      
154      0.489271      0.036212      0.091609      1.503768      -0.531829      0.527272      
155      0.489741      0.036272      0.091309      1.506174      -0.522230      0.517662      
156      0.490081      0.036312      0.091179      1.507774      -0.515743      0.511168      
157      0.490381      0.036312      0.091089      1.509666      -0.507965      0.503381      
158      0.490691      0.036382      0.090989      1.510693      -0.503690      0.499101      
159      0.491161      0.036412      0.091069      1.513112      -0.493465      0.488866      
160      0.491481      0.036382      0.091099      1.514977      -0.485431      0.480823      
161      0.491821      0.036372      0.091019      1.516585      -0.478389      0.473775      
162      0.492221      0.036362      0.090919      1.518136      -0.471494      0.466872      
163      0.492691      0.036342      0.090729      1.519957      -0.463266      0.458636      
164      0.493161      0.036312      0.090429      1.521566      -0.455869      0.451231      
165      0.493471      0.036302      0.090129      1.523051      -0.448929      0.444284      
166      0.494131      0.036302      0.089409      1.526350      -0.433096      0.428436      
167      0.494541      0.036302      0.088939      1.527972      -0.425090      0.420423      
168      0.494991      0.036302      0.088409      1.529840      -0.415679      0.411002      
169      0.495541      0.036292      0.087759      1.531439      -0.407442      0.402758      
170      0.495951      0.036212      0.087279      1.532387      -0.402473      0.397784      
171      0.496321      0.036092      0.086849      1.533364      -0.397292      0.392599      
172      0.496681      0.035992      0.086459      1.534305      -0.392235      0.387537      
173      0.497041      0.035802      0.085999      1.535180      -0.387466      0.382764      
174      0.497291      0.035602      0.085569      1.536175      -0.381978      0.377272      
175      0.497451      0.035412      0.085179      1.536950      -0.377645      0.372935      
176      0.497671      0.035172      0.084759      1.538314      -0.369891      0.365174      
177      0.497871      0.034962      0.084449      1.539356      -0.363854      0.359131      
178      0.498061      0.034592      0.084109      1.540766      -0.355518      0.350789      
179      0.498261      0.034332      0.083899      1.541420      -0.351588      0.346856      
180      0.498561      0.033912      0.083669      1.542503      -0.344970      0.340231      
181      0.498681      0.033712      0.083579      1.542949      -0.342211      0.337470      
182      0.498791      0.033542      0.083519      1.543736      -0.337279      0.332534      
183      0.498801      0.033412      0.083499      1.544858      -0.330126      0.325375      
184      0.498841      0.033392      0.083439      1.545500      -0.325958      0.321205      
185      0.498871      0.033412      0.083389      1.546292      -0.320743      0.315985      
186      0.498881      0.033392      0.083429      1.546877      -0.316833      0.312072      
187      0.499081      0.033452      0.083369      1.548798      -0.303645      0.298873      
188      0.499191      0.033502      0.083349      1.549921      -0.295656      0.290879      
189      0.499321      0.033502      0.083299      1.550615      -0.290609      0.285828      
190      0.499551      0.033602      0.083109      1.551363      -0.285068      0.280283      
191      0.499721      0.033672      0.082879      1.551913      -0.280928      0.276139      
192      0.499951      0.033732      0.082459      1.552790      -0.274188      0.269395      
193      0.500081      0.033772      0.082219      1.553205      -0.270939      0.266143      
194      0.500221      0.033772      0.081939      1.554010      -0.264526      0.259726      
195      0.500351      0.033772      0.081709      1.554405      -0.261324      0.256522      
196      0.500471      0.033722      0.081559      1.554898      -0.257267      0.252462      
197      0.500571      0.033652      0.081469      1.555237      -0.254440      0.249633      
198      0.500851      0.033652      0.081259      1.555784      -0.249811      0.245001      
199      0.500931      0.033642      0.081229      1.555841      -0.249326      0.244515      
200      0.501001      0.033642      0.081189      1.556332      -0.245088      0.240275      
201      0.501071      0.033662      0.081119      1.556440      -0.244148      0.239334      
202      0.501101      0.033672      0.081069      1.556821      -0.240795      0.235979      
203      0.501121      0.033692      0.081029      1.556864      -0.240411      0.235595      
204      0.501151      0.033722      0.080989      1.556957      -0.239581      0.234764      
205      0.501191      0.033712      0.080979      1.557639      -0.233431      0.228610      
206      0.501241      0.033712      0.080889      1.558092      -0.229255      0.224431      
207      0.501281      0.033692      0.080839      1.558723      -0.223300      0.218472      
208      0.501281      0.033662      0.080839      1.559148      -0.219201      0.214371      
209      0.501331      0.033672      0.080779      1.559778      -0.212986      0.208152      
210      0.501341      0.033672      0.080769      1.560081      -0.209921      0.205085      
211      0.501321      0.033672      0.080779      1.560729      -0.203235      0.198395      
212      0.501351      0.033742      0.080719      1.561005      -0.200311      0.195469      
213      0.501331      0.033742      0.080689      1.561331      -0.196815      0.191970      
214      0.501361      0.033692      0.080649      1.561536      -0.194573      0.189727      
215      0.501401      0.033672      0.080579      1.561812      -0.191523      0.186675      
216      0.501421      0.033622      0.080509      1.562091      -0.188386      0.183537      
217      0.501491      0.033542      0.080399      1.562334      -0.185619      0.180768      
218      0.501521      0.033332      0.080249      1.562664      -0.181784      0.176931      
219      0.501501      0.033162      0.080199      1.562968      -0.178185      0.173329      
220      0.501521      0.033012      0.080079      1.563063      -0.177048      0.172192      
221      0.501531      0.032912      0.079979      1.563336      -0.173723      0.168865      
222      0.501541      0.032812      0.079869      1.563439      -0.172452      0.167593      
223      0.501581      0.032772      0.079779      1.563447      -0.172358      0.167499      
224      0.501541      0.032762      0.079719      1.563548      -0.171103      0.166244      
225      0.501441      0.032712      0.079599      1.563779      -0.168201      0.163340      
226      0.501391      0.032712      0.079519      1.563997      -0.165417      0.160554      
227      0.501311      0.032722      0.079479      1.564267      -0.161895      0.157031      
228      0.501231      0.032712      0.079359      1.564498      -0.158828      0.153962      
229      0.501191      0.032712      0.079269      1.564681      -0.156357      0.151490      
230      0.501111      0.032692      0.079189      1.564901      -0.153329      0.148460      
231      0.501011      0.032722      0.079069      1.565102      -0.150505      0.145635      
232      0.500951      0.032722      0.079009      1.565528      -0.144355      0.139481      
233      0.500891      0.032722      0.078989      1.565757      -0.140934      0.136058      
234      0.500861      0.032722      0.078989      1.566245      -0.133363      0.128483      
235      0.500851      0.032722      0.078979      1.566565      -0.128153      0.123270      
236      0.500821      0.032712      0.078939      1.567000      -0.120714      0.115827      
237      0.500801      0.032712      0.078899      1.567017      -0.120415      0.115529      
238      0.500781      0.032672      0.078909      1.567127      -0.118461      0.113574      
239      0.500751      0.032662      0.078939      1.567312      -0.115087      0.110198      
240      0.500731      0.032662      0.078879      1.567328      -0.114789      0.109900      
241      0.500731      0.032622      0.078889      1.567392      -0.113604      0.108714      
242      0.500721      0.032602      0.078899      1.567450      -0.112513      0.107623      
243      0.500731      0.032602      0.078889      1.567429      -0.112913      0.108023      
244      0.500691      0.032602      0.078889      1.567575      -0.110127      0.105236      
245      0.500661      0.032602      0.078979      1.567660      -0.108487      0.103594      
246      0.500641      0.032602      0.079009      1.567663      -0.108432      0.103540      
247      0.500621      0.032602      0.079049      1.567717      -0.107364      0.102472      
248      0.500621      0.032602      0.079069      1.567856      -0.104570      0.099676      
249      0.500621      0.032572      0.079069      1.568006      -0.101494      0.096598      
250      0.500611      0.032572      0.079099      1.568211      -0.097106      0.092209      
251      0.500561      0.032542      0.079099      1.568454      -0.091659      0.086759      
252      0.500551      0.032522      0.079089      1.568570      -0.088943      0.084042      
253      0.500571      0.032542      0.079049      1.568663      -0.086698      0.081796      
254      0.500581      0.032552      0.079059      1.568823      -0.082710      0.077806      
255      0.500581      0.032572      0.079059      1.568909      -0.080496      0.075591      
256      0.500571      0.032572      0.079079      1.568950      -0.079405      0.074500      
257      0.500581      0.032572      0.079089      1.569032      -0.077199      0.072293      
258      0.500601      0.032552      0.079109      1.569132      -0.074404      0.069497      
259      0.500631      0.032542      0.079149      1.569211      -0.072151      0.067243      
260      0.500651      0.032502      0.079189      1.569301      -0.069459      0.064549      
261      0.500671      0.032472      0.079179      1.569395      -0.066554      0.061643      
262      0.500671      0.032422      0.079179      1.569491      -0.063468      0.058556      
263      0.500661      0.032382      0.079169      1.569575      -0.060626      0.055713      
264      0.500681      0.032382      0.079139      1.569604      -0.059598      0.054684      
265      0.500681      0.032352      0.079139      1.569657      -0.057722      0.052807      
266      0.500671      0.032302      0.079159      1.569717      -0.055523      0.050608      
267      0.500671      0.032282      0.079159      1.569754      -0.054079      0.049163      
268      0.500681      0.032232      0.079169      1.569811      -0.051864      0.046948      
269      0.500671      0.032202      0.079189      1.569908      -0.047805      0.042887      
270      0.500691      0.032102      0.079239      1.569944      -0.046219      0.041300      
271      0.500721      0.032032      0.079289      1.569984      -0.044390      0.039470      
272      0.500781      0.031982      0.079309      1.569934      -0.046628      0.041709      
273      0.500801      0.031912      0.079329      1.569981      -0.044500      0.039580      
274      0.500821      0.031792      0.079379      1.569991      -0.044021      0.039101      
275      0.500861      0.031742      0.079419      1.570009      -0.043181      0.038261      
276      0.500871      0.031712      0.079399      1.570090      -0.039090      0.034168      
277      0.500881      0.031722      0.079389      1.570151      -0.035769      0.030846      
278      0.500891      0.031742      0.079369      1.570269      -0.028238      0.023313      
279      0.500911      0.031762      0.079329      1.570385      -0.018282      0.013353      
280      0.500921      0.031762      0.079259      1.570397      -0.016947      0.012017      
281      0.500931      0.031722      0.079239      1.570406      -0.015832      0.010902      
282      0.500931      0.031692      0.079329      1.570418      -0.014293      0.009362      
283      0.500931      0.031692      0.079319      1.570426      -0.013178      0.008247      
284      0.500921      0.031692      0.079339      1.570438      -0.011324      0.006393      
285      0.500861      0.031672      0.079439      1.570436      -0.011749      0.006817      
286      0.500861      0.031672      0.079449      1.570436      -0.011756      0.006825      
287      0.500861      0.031642      0.079449      1.570454      -0.008333      0.003400      
288      0.500861      0.031592      0.079449      1.570471      -0.003912      -0.001022      
289      0.500871      0.031552      0.079449      1.570474      -0.002467      -0.002468      
290      0.500871      0.031452      0.079449      1.570478      0.000839      -0.005775      
291      0.500891      0.031422      0.079409      1.570478      0.003085      -0.008021      
292      0.500911      0.031402      0.079439      1.570478      0.003658      -0.008595      
293      0.500911      0.031322      0.079469      1.570471      0.007616      -0.012554      
294      0.500921      0.031322      0.079449      1.570455      0.011833      -0.016772      
295      0.500951      0.031302      0.079449      1.570446      0.013749      -0.018688      
296      0.500981      0.031282      0.079499      1.570439      0.014903      -0.019843      
297      0.501031      0.031322      0.079479      1.570422      0.017455      -0.022396      
298      0.501061      0.031382      0.079459      1.570407      0.019481      -0.024423      
299      0.501061      0.031452      0.079459      1.570377      0.022787      -0.027729      
300      0.501071      0.031542      0.079439      1.570356      0.024892      -0.029835      
301      0.501061      0.031602      0.079429      1.570343      0.026085      -0.031029      
302      0.501061      0.031662      0.079429      1.570330      0.027193      -0.032136      
303      0.501071      0.031672      0.079419      1.570312      0.028645      -0.033589      
304      0.501081      0.031672      0.079409      1.570316      0.028316      -0.033259      
305      0.501061      0.031662      0.079409      1.570266      0.032179      -0.037124      
306      0.501051      0.031622      0.079419      1.570257      0.032807      -0.037752      
307      0.501051      0.031572      0.079429      1.570239      0.034024      -0.038970      
308      0.501021      0.031572      0.079399      1.570218      0.035414      -0.040360      
309      0.501021      0.031552      0.079399      1.570182      0.037621      -0.042567      
310      0.501041      0.031492      0.079379      1.570083      0.043188      -0.048136      
311      0.501101      0.031492      0.079369      1.570054      0.044688      -0.049636      
312      0.501121      0.031452      0.079389      1.569956      0.049384      -0.054333      
313      0.501141      0.031432      0.079399      1.569858      0.053624      -0.058574      
314      0.501191      0.031432      0.079429      1.569843      0.054244      -0.059195      
315      0.501241      0.031432      0.079409      1.569764      0.057401      -0.062352      
316      0.501271      0.031452      0.079369      1.569648      0.061767      -0.066719      
317      0.501281      0.031452      0.079339      1.569614      0.062984      -0.067936      
318      0.501321      0.031452      0.079289      1.569529      0.065913      -0.070866      
319      0.501361      0.031482      0.079289      1.569437      0.068936      -0.073889      
320      0.501381      0.031482      0.079269      1.569319      0.072642      -0.077596      
321      0.501411      0.031482      0.079219      1.569281      0.073788      -0.078743      
322      0.501481      0.031482      0.079119      1.569233      0.075225      -0.080180      
323      0.501581      0.031472      0.079029      1.569238      0.075052      -0.080007      
324      0.501771      0.031462      0.078929      1.569121      0.078452      -0.083408      
325      0.501871      0.031462      0.078829      1.569092      0.079268      -0.084224      
326      0.501961      0.031452      0.078729      1.568969      0.082613      -0.087570      
327      0.502031      0.031452      0.078689      1.568856      0.085589      -0.090546      
328      0.502091      0.031452      0.078669      1.568774      0.087669      -0.092627      
329      0.502111      0.031432      0.078679      1.568737      0.088596      -0.093554      
330      0.502161      0.031452      0.078709      1.568698      0.089562      -0.094519      
331      0.502261      0.031462      0.078739      1.568633      0.091155      -0.096114      
332      0.502351      0.031462      0.078789      1.568589      0.092207      -0.097166      
333      0.502501      0.031492      0.078799      1.568519      0.093872      -0.098830      
334      0.502661      0.031562      0.078729      1.568407      0.096455      -0.101414      
335      0.502801      0.031612      0.078629      1.568324      0.098323      -0.103283      
336      0.502881      0.031652      0.078599      1.568377      0.097130      -0.102089      
337      0.502911      0.031662      0.078619      1.568301      0.098841      -0.103801      
338      0.502981      0.031752      0.078619      1.568252      0.099940      -0.104900      
339      0.503001      0.031802      0.078629      1.568194      0.101204      -0.106164      
340      0.503011      0.031832      0.078659      1.568147      0.102209      -0.107169      
341      0.503031      0.031882      0.078639      1.568047      0.104337      -0.109297      
342      0.503061      0.031882      0.078649      1.568056      0.104164      -0.109124      
343      0.503071      0.031882      0.078689      1.567943      0.106511      -0.111472      
344      0.503111      0.031882      0.078729      1.567896      0.107469      -0.112430      
345      0.503261      0.031882      0.078809      1.567835      0.108709      -0.113671      
346      0.503351      0.031882      0.078849      1.567801      0.109408      -0.114369      
347      0.503421      0.031872      0.078899      1.567790      0.109628      -0.114589      
348      0.503501      0.031872      0.078979      1.567772      0.109989      -0.114950      
349      0.503541      0.031882      0.079049      1.567724      0.110947      -0.115908      
350      0.503581      0.031972      0.079039      1.567714      0.111127      -0.116089      
351      0.503631      0.032042      0.079029      1.567727      0.110876      -0.115837      
352      0.503711      0.032052      0.079029      1.567693      0.111559      -0.116521      
353      0.503911      0.032162      0.078839      1.567710      0.111206      -0.116167      
354      0.504011      0.032162      0.078799      1.567680      0.111810      -0.116772      
355      0.504211      0.032212      0.078789      1.567731      0.110805      -0.115767      
356      0.504361      0.032242      0.078829      1.567785      0.109730      -0.114691      
357      0.504521      0.032312      0.078849      1.567754      0.110334      -0.115296      
358      0.504761      0.032482      0.078689      1.567729      0.110844      -0.115806      
359      0.504871      0.032532      0.078609      1.567743      0.110570      -0.115531      
360      0.504971      0.032582      0.078569      1.567701      0.111394      -0.116356      
361      0.505061      0.032622      0.078519      1.567660      0.112203      -0.117164      
362      0.505091      0.032572      0.078539      1.567560      0.114141      -0.119104      
363      0.505171      0.032482      0.078579      1.567530      0.114707      -0.119669      
364      0.505231      0.032412      0.078569      1.567490      0.115476      -0.120438      
365      0.505261      0.032152      0.078649      1.567017      0.124126      -0.129090      
366      0.505331      0.032122      0.078569      1.566961      0.125123      -0.130087      
367      0.505371      0.032102      0.078489      1.566791      0.128051      -0.133015      
368      0.505441      0.032102      0.078499      1.566752      0.128726      -0.133690      
369      0.505501      0.032132      0.078509      1.566687      0.129817      -0.134781      
370      0.505571      0.032132      0.078529      1.566588      0.131481      -0.136445      
371      0.505681      0.032152      0.078529      1.566423      0.134204      -0.139169      
372      0.505781      0.032172      0.078459      1.566400      0.134573      -0.139538      
373      0.505861      0.032172      0.078509      1.566116      0.139117      -0.144083      
374      0.505991      0.032192      0.078499      1.566025      0.140546      -0.145511      
375      0.506081      0.032182      0.078509      1.565987      0.141134      -0.146100      
376      0.506191      0.032152      0.078529      1.565736      0.144964      -0.149930      
377      0.506311      0.032132      0.078499      1.565853      0.143183      -0.148148      
378      0.506471      0.032112      0.078469      1.565749      0.144768      -0.149734      
379      0.506591      0.032032      0.078429      1.565641      0.146392      -0.151359      
380      0.506681      0.031922      0.078419      1.565667      0.146000      -0.150966      
381      0.506871      0.031732      0.078439      1.565586      0.147208      -0.152175      
382      0.507001      0.031622      0.078419      1.565564      0.147538      -0.152504      
383      0.507181      0.031502      0.078369      1.565417      0.149696      -0.154663      
384      0.507351      0.031382      0.078339      1.565398      0.149979      -0.154945      
385      0.507481      0.031312      0.078349      1.565298      0.151423      -0.156389      
386      0.507611      0.031272      0.078319      1.565337      0.150858      -0.155824      
387      0.507801      0.031272      0.078209      1.565384      0.150183      -0.155149      
388      0.507951      0.031272      0.078209      1.565366      0.150442      -0.155408      
389      0.508241      0.031272      0.078179      1.565316      0.151156      -0.156123      
390      0.508471      0.031272      0.078119      1.565260      0.151972      -0.156939      
391      0.508631      0.031282      0.078079      1.565157      0.153447      -0.158414      
392      0.508781      0.031282      0.078039      1.565139      0.153698      -0.158665      
393      0.508951      0.031302      0.078039      1.565048      0.154977      -0.159944      
394      0.509061      0.031302      0.078089      1.564924      0.156727      -0.161695      
395      0.509221      0.031332      0.078129      1.564920      0.156782      -0.161749      
396      0.509331      0.031332      0.078179      1.564818      0.158195      -0.163162      
397      0.509431      0.031332      0.078199      1.564790      0.158571      -0.163539      
398      0.509551      0.031352      0.078169      1.564752      0.159105      -0.164072      
399      0.509651      0.031352      0.078169      1.564714      0.159615      -0.164582      
400      0.509801      0.031362      0.078229      1.564695      0.159882      -0.164849      
401      0.509931      0.031362      0.078229      1.564680      0.160086      -0.165053      
402      0.510061      0.031382      0.078189      1.564655      0.160423      -0.165391      
403      0.510131      0.031382      0.078179      1.564572      0.161545      -0.166513      
404      0.510141      0.031362      0.078149      1.564349      0.164527      -0.169495      
405      0.510181      0.031382      0.078109      1.564186      0.166684      -0.171653      
406      0.510271      0.031402      0.078069      1.564158      0.167045      -0.172013      
407      0.510391      0.031402      0.078099      1.563963      0.169572      -0.174540      
408      0.510691      0.031432      0.078009      1.563257      0.178413      -0.183382      
409      0.510811      0.031462      0.077969      1.562978      0.181787      -0.186756      
410      0.510881      0.031462      0.077979      1.563014      0.181355      -0.186324      
411      0.510911      0.031462      0.077989      1.562740      0.184619      -0.189588      
412      0.510911      0.031462      0.077989      1.562422      0.188321      -0.193291      
413      0.510911      0.031482      0.077979      1.562421      0.188337      -0.193306      
414      0.510911      0.031482      0.077989      1.562133      0.191631      -0.196601      
415      0.510921      0.031462      0.077959      1.560654      0.207740      -0.212710      
416      0.510951      0.031462      0.077909      1.560473      0.209622      -0.214593      
417      0.510951      0.031452      0.077899      1.560424      0.210132      -0.215102      
418      0.510971      0.031442      0.077859      1.560207      0.212367      -0.217337      
419      0.511031      0.031462      0.077789      1.560110      0.213355      -0.218325      
420      0.511081      0.031532      0.077729      1.560078      0.213684      -0.218654      
421      0.511111      0.031672      0.077659      1.560073      0.213731      -0.218702      
422      0.511101      0.031752      0.077649      1.559846      0.216029      -0.220999      
423      0.511081      0.031782      0.077659      1.559728      0.217205      -0.222175      
424      0.511041      0.031852      0.077629      1.559455      0.219918      -0.224888      
425      0.511011      0.031892      0.077589      1.559314      0.221306      -0.226276      
426      0.511001      0.031872      0.077629      1.558771      0.226566      -0.231536      
427      0.510971      0.031872      0.077619      1.558507      0.229083      -0.234053      
428      0.510941      0.031872      0.077599      1.558282      0.231207      -0.236177      
429      0.510861      0.031872      0.077539      1.557761      0.236044      -0.241014      
430      0.510821      0.031912      0.077499      1.557616      0.237369      -0.242338      
431      0.510741      0.031962      0.077479      1.557438      0.238991      -0.243961      
432      0.510671      0.032012      0.077439      1.556911      0.243725      -0.248695      
433      0.510611      0.032192      0.077319      1.556674      0.245818      -0.250787      
434      0.510511      0.032352      0.077159      1.556569      0.246743      -0.251712      
435      0.510381      0.032462      0.077069      1.556233      0.249674      -0.254643      
436      0.510301      0.032552      0.076959      1.556119      0.250669      -0.255638      
437      0.510241      0.032562      0.076899      1.555910      0.252464      -0.257433      
438      0.510161      0.032582      0.076809      1.555911      0.252456      -0.257425      
439      0.510101      0.032602      0.076749      1.555830      0.253153      -0.258122      
440      0.510031      0.032562      0.076719      1.555662      0.254579      -0.259548      
441      0.509941      0.032532      0.076659      1.555561      0.255441      -0.260410      
442      0.509781      0.032442      0.076619      1.555086      0.259438      -0.264406      
443      0.509691      0.032402      0.076579      1.554460      0.264609      -0.269577      
444      0.509661      0.032392      0.076559      1.554586      0.263574      -0.268543      
445      0.509621      0.032332      0.076599      1.554192      0.266787      -0.271755      
446      0.509621      0.032332      0.076569      1.553259      0.274252      -0.279220      
447      0.509601      0.032322      0.076519      1.552826      0.277644      -0.282611      
448      0.509541      0.032232      0.076529      1.552668      0.278874      -0.283841      
449      0.509451      0.032212      0.076529      1.551492      0.287841      -0.292808      
450      0.509411      0.032212      0.076479      1.550898      0.292266      -0.297232      
451      0.509381      0.032212      0.076469      1.550873      0.292446      -0.297412      
452      0.509341      0.032212      0.076439      1.550803      0.292962      -0.297928      
453      0.509331      0.032212      0.076439      1.549781      0.300401      -0.305366      
454      0.509321      0.032212      0.076399      1.549185      0.304652      -0.309616      
455      0.509301      0.032212      0.076339      1.549298      0.303853      -0.308818      
456      0.509261      0.032232      0.076299      1.549225      0.304370      -0.309334      
457      0.509201      0.032232      0.076309      1.549178      0.304706      -0.309671      
458      0.509141      0.032282      0.076269      1.550315      0.296541      -0.301506      
459      0.509131      0.032302      0.076279      1.551098      0.290778      -0.295744      
460      0.509121      0.032322      0.076309      1.554704      0.262603      -0.267572      
461      0.509071      0.032282      0.076439      1.558114      0.232775      -0.237745      
462      0.508921      0.032182      0.076709      1.560918      0.204956      -0.209926      
463      0.508781      0.032132      0.076869      1.562803      0.183873      -0.188843      
464      0.508571      0.032112      0.077029      1.565321      0.151085      -0.156052      
465      0.508351      0.032092      0.077159      1.565744      0.144838      -0.149805      
466      0.508151      0.032092      0.077279      1.565774      0.144391      -0.149357      
467      0.507971      0.032022      0.077399      1.565439      0.149374      -0.154341      
468      0.507791      0.031952      0.077509      1.565383      0.150191      -0.155157      
469      0.507711      0.031942      0.077549      1.565467      0.148958      -0.153925      
470      0.507661      0.031832      0.077619      1.565181      0.153094      -0.158061      
471      0.507671      0.031802      0.077689      1.565398      0.149979      -0.154945      
472      0.507711      0.031812      0.077729      1.565866      0.142994      -0.147960      
473      0.507801      0.031882      0.077729      1.566910      0.126010      -0.130974      
474      0.507801      0.031902      0.077919      1.568662      0.090433      -0.095391      
475      0.507641      0.031742      0.078189      1.569542      0.065457      -0.070410      
476      0.507471      0.031572      0.078439      1.570261      0.032501      -0.037446      
477      0.507271      0.031412      0.078759      1.570478      0.002543      -0.007479      
478      0.507111      0.031352      0.079039      1.570363      -0.020449      0.015521      
479      0.506931      0.031242      0.079359      1.570064      -0.040464      0.035543      
480      0.506561      0.031072      0.079869      1.569602      -0.059676      0.054763      
481      0.506241      0.031042      0.080239      1.569000      -0.078078      0.073172      
482      0.505951      0.031012      0.080499      1.568248      -0.096298      0.091400      
483      0.505301      0.030872      0.081079      1.567262      -0.116013      0.111124      
484      0.504971      0.030822      0.081399      1.566762      -0.124841      0.119957      
485      0.504531      0.030712      0.081819      1.565465      -0.145273      0.140399      
486      0.503971      0.030492      0.082389      1.564351      -0.160781      0.155916      
487      0.503571      0.030372      0.082749      1.563854      -0.167244      0.162383      
488      0.503101      0.030312      0.083059      1.563176      -0.175675      0.170819      
489      0.502711      0.030202      0.083349      1.562718      -0.181157      0.176303      
490      0.502231      0.030012      0.083659      1.562656      -0.181878      0.177025      
491      0.501771      0.029852      0.083999      1.561801      -0.191648      0.186801      
492      0.501371      0.029702      0.084309      1.561012      -0.200241      0.195398      
493      0.500811      0.029512      0.084779      1.559992      -0.210823      0.205987      
494      0.499911      0.029132      0.085559      1.557991      -0.230195      0.225372      
495      0.499351      0.028912      0.085959      1.556709      -0.241782      0.236967      
496      0.498581      0.028592      0.086569      1.555057      -0.255944      0.251138      
497      0.497951      0.028312      0.087139      1.553364      -0.269686      0.264890      
498      0.497121      0.027972      0.087979      1.551016      -0.287651      0.282868      
499      0.496321      0.027642      0.088779      1.548525      -0.305553      0.300784      
500      0.495271      0.027232      0.089959      1.544629      -0.331596      0.326846      
501      0.494771      0.027022      0.090519      1.541417      -0.351604      0.346871      
502      0.494221      0.026842      0.091179      1.537596      -0.373991      0.369277      
503      0.493781      0.026722      0.091579      1.535504      -0.385686      0.380983      
504      0.493401      0.026702      0.091829      1.532786      -0.400366      0.395676      
505      0.493191      0.026672      0.092129      1.530169      -0.413994      0.409316      
506      0.492551      0.026492      0.092619      1.528431      -0.422798      0.418128      
507      0.491851      0.026302      0.093249      1.524320      -0.442907      0.438256      
508      0.491131      0.026052      0.093959      1.519559      -0.465080      0.460452      
509      0.490491      0.025862      0.094509      1.515879      -0.481494      0.476882      
510      0.489971      0.025722      0.095089      1.510040      -0.506410      0.501825      
511      0.489551      0.025742      0.095519      1.503844      -0.531526      0.526969      
512      0.489271      0.025792      0.095839      1.498526      -0.552132      0.547598      
513      0.488921      0.025822      0.096429      1.490999      -0.579988      0.575486      
514      0.488461      0.025852      0.096889      1.484962      -0.601345      0.596869      
515      0.487531      0.025952      0.097539      1.473161      -0.640926      0.636499      
516      0.487101      0.025962      0.098029      1.465006      -0.666815      0.662422      
517      0.486391      0.026152      0.098319      1.454651      -0.698204      0.693853      
518      0.485811      0.026322      0.098449      1.447494      -0.719034      0.714712      
519      0.484681      0.026392      0.098699      1.441650      -0.735567      0.731269      
520      0.483961      0.026452      0.098769      1.436152      -0.750755      0.746479      
521      0.483281      0.026692      0.098609      1.427748      -0.773341      0.769098      
522      0.482611      0.026832      0.098599      1.421461      -0.789770      0.785552      
523      0.481701      0.027062      0.098639      1.408922      -0.821450      0.817282      
524      0.481391      0.027132      0.098759      1.401253      -0.840165      0.836027      
525      0.480861      0.027112      0.098979      1.392767      -0.860340      0.856235      
526      0.480341      0.027082      0.099199      1.383056      -0.882788      0.878720      
527      0.479841      0.026992      0.099419      1.375117      -0.900664      0.896627      
528      0.479151      0.026862      0.099629      1.366878      -0.918794      0.914789      
529      0.478291      0.026722      0.099809      1.356022      -0.942066      0.938102      
530      0.477511      0.026662      0.099969      1.347217      -0.960457      0.956527      
531      0.476721      0.026642      0.100089      1.341552      -0.972075      0.968166      
532      0.475311      0.026672      0.100489      1.329130      -0.996990      0.993128      
