211      0.008800      1637689517162      
212      0.008120      1637689517194      
213      0.009820      1637689517225      
214      0.009330      1637689517253      
215      0.002880      1637689517284      
216      0.013880      1637689517336      
217      0.008220      1637689517366      
218      0.006790      1637689517397      
219      0.005360      1637689517428      
220      0.003230      1637689517461      
221      0.005050      1637689517498      
222      0.008700      1637689517529      
223      0.006410      1637689517573      
224      0.014340      1637689517609      
225      0.004890      1637689517634      
226      0.009910      1637689517675      
227      0.008470      1637689517703      
228      0.009980      1637689517729      
229      0.005570      1637689517758      
230      0.008190      1637689517804      
231      0.010400      1637689517836      
232      0.001300      1637689517881      
233      0.002170      1637689517909      
234      0.003550      1637689517932      
235      0.006410      1637689517963      
236      0.010640      1637689517996      
237      0.007660      1637689518028      
238      0.011450      1637689518079      
239      0.042500      1637689518107      
240      0.020720      1637689518143      
241      0.009480      1637689518167      
242      0.007850      1637689518198      
243      0.006950      1637689518229      
244      0.005900      1637689518267      
245      0.007140      1637689518308      
246      0.011650      1637689518341      
247      0.005070      1637689518376      
248      0.005730      1637689518404      
249      0.005880      1637689518436      
250      0.004700      1637689518475      
251      0.012210      1637689518501      
252      0.008710      1637689518530      
253      0.011250      1637689518576      
254      0.013300      1637689518609      
255      0.008790      1637689518638      
256      0.020320      1637689518677      
257      0.010730      1637689518703      
258      0.001050      1637689518735      
259      0.006720      1637689518767      
260      0.003370      1637689518799      
261      -0.002130      1637689518846      
262      0.013160      1637689518883      
263      0.014260      1637689518920      
264      0.014940      1637689518946      
265      0.016570      1637689518978      
266      0.013540      1637689519010      
267      0.012610      1637689519036      
268      0.006100      1637689519068      
269      0.013480      1637689519126      
270      0.016150      1637689519145      
271      0.011100      1637689519178      
272      0.013670      1637689519210      
273      0.017600      1637689519241      
274      0.018220      1637689519269      
275      0.010110      1637689519305      
276      0.002680      1637689519349      
277      0.018850      1637689519380      
278      0.009830      1637689519413      
279      0.012580      1637689519444      
280      0.011660      1637689519462      
281      0.006350      1637689519498      
282      0.007440      1637689519534      
283      0.003960      1637689519557      
284      0.003410      1637689519585      
285      0.000500      1637689519618      
286      0.006830      1637689519649      
287      0.004450      1637689519681      
288      0.009780      1637689519741      
289      0.012480      1637689519777      
290      0.014510      1637689519810      
291      0.012150      1637689519841      
292      0.009470      1637689519875      
293      0.008870      1637689519912      
294      0.005910      1637689519941      
295      0.007630      1637689519974      
296      0.012830      1637689520001      
297      0.010300      1637689520033      
298      0.009980      1637689520059      
299      0.017140      1637689520089      
300      0.022300      1637689520130      
301      0.010730      1637689520153      
302      0.005540      1637689520183      
303      0.005570      1637689520214      
304      0.005200      1637689520261      
305      0.009020      1637689520292      
306      0.007680      1637689520341      
307      0.007290      1637689520377      
308      0.009090      1637689520403      
309      0.000880      1637689520436      
310      0.002200      1637689520473      
311      0.009550      1637689520502      
312      0.005380      1637689520545      
313      0.003580      1637689520578      
314      0.010830      1637689520610      
315      0.008200      1637689520643      
316      0.007540      1637689520675      
317      0.008700      1637689520705      
318      0.004070      1637689520747      
319      0.007020      1637689520771      
320      0.008000      1637689520799      
321      0.010990      1637689520829      
322      0.006670      1637689520860      
323      0.007710      1637689520890      
324      0.010010      1637689520927      
325      0.008590      1637689520952      
326      0.007090      1637689520984      
327      0.007110      1637689521016      
328      0.004280      1637689521064      
329      0.007710      1637689521093      
330      0.007010      1637689521129      
331      0.021770      1637689521162      
332      0.010740      1637689521186      
333      0.007470      1637689521218      
334      0.006190      1637689521252      
335      0.001270      1637689521304      
336      0.006990      1637689521337      
337      0.006690      1637689521369      
338      0.003270      1637689521396      
339      0.006320      1637689521426      
340      0.007120      1637689521458      
341      0.007210      1637689521488      
342      0.006880      1637689521519      
343      0.005950      1637689521551      
344      0.005030      1637689521602      
345      0.005900      1637689521632      
346      0.005510      1637689521663      
347      0.005630      1637689521695      
348      0.009550      1637689521725      
349      0.013720      1637689521763      
350      0.019310      1637689521808      
351      0.028200      1637689521834      
352      0.014260      1637689521867      
353      0.012040      1637689521897      
354      0.000540      1637689521929      
355      0.002110      1637689521976      
356      0.001960      1637689522011      
357      0.001870      1637689522043      
358      0.001570      1637689522075      
359      0.000720      1637689522109      
360      0.001270      1637689522135      
361      0.003810      1637689522167      
362      0.000930      1637689522201      
363      0.004190      1637689522230      
364      0.005970      1637689522262      
365      0.002820      1637689522294      
366      0.004240      1637689522326      
367      0.005860      1637689522374      
368      0.005030      1637689522411      
369      0.011060      1637689522438      
370      0.004200      1637689522468      
371      0.002950      1637689522499      
372      0.001400      1637689522533      
373      0.001290      1637689522563      
374      0.004390      1637689522595      
375      0.003050      1637689522624      
376      0.003270      1637689522676      
377      0.006180      1637689522706      
378      0.002820      1637689522733      
379      0.000000      1637689522767      
380      0.000480      1637689522807      
381      0.003410      1637689522829      
382      -0.000010      1637689522861      
383      0.003050      1637689522894      
384      0.002830      1637689522941      
385      0.005280      1637689522976      
386      0.002600      1637689523008      
387      0.005460      1637689523033      
388      0.001720      1637689523067      
389      0.006770      1637689523097      
390      0.002240      1637689523130      
391      0.000340      1637689523190      
392      0.003890      1637689523219      
393      0.002110      1637689523246      
394      0.002070      1637689523274      
395      0.000540      1637689523300      
396      0.001610      1637689523332      
397      0.000680      1637689523368      
398      0.002570      1637689523425      
399      0.006860      1637689523445      
400      0.006100      1637689523476      
401      0.002790      1637689523509      
402      0.004120      1637689523539      
403      0.008310      1637689523578      
404      0.007500      1637689523612      
405      0.009300      1637689523632      
406      0.002950      1637689523666      
407      0.004290      1637689523719      
408      0.002380      1637689523748      
409      0.003530      1637689523790      
410      0.001050      1637689523814      
411      0.001930      1637689523842      
412      0.003750      1637689523869      
413      0.003730      1637689523900      
414      0.004840      1637689523934      
415      0.002420      1637689523991      
416      0.005230      1637689524026      
417      0.002670      1637689524050      
418      0.002480      1637689524079      
419      -0.001130      1637689524112      
420      0.001930      1637689524143      
421      0.004230      1637689524170      
422      0.000950      1637689524226      
423      0.006420      1637689524257      
424      0.001760      1637689524288      
425      0.003490      1637689524319      
426      0.006420      1637689524349      
427      0.004690      1637689524379      
428      0.002850      1637689524410      
429      0.005440      1637689524445      
430      0.003490      1637689524486      
431      0.004670      1637689524523      
432      0.007270      1637689524551      
433      0.006300      1637689524581      
434      0.004370      1637689524623      
435      0.001870      1637689524648      
436      0.004810      1637689524679      
437      0.001680      1637689524720      
438      0.006270      1637689524752      
439      0.002120      1637689524785      
440      0.001170      1637689524827      
441      0.003040      1637689524863      
442      0.001030      1637689524896      
443      0.000840      1637689524928      
444      0.001600      1637689524957      
445      0.004140      1637689524990      
446      0.002560      1637689525018      
447      0.006890      1637689525056      
448      0.003650      1637689525082      
449      0.002690      1637689525113      
450      0.005510      1637689525146      
451      0.004180      1637689525191      
452      0.008400      1637689525224      
453      0.005950      1637689525259      
454      0.006340      1637689525285      
455      0.004990      1637689525318      
456      0.007270      1637689525350      
457      0.000280      1637689525380      
458      0.003920      1637689525433      
459      0.003360      1637689525465      
460      0.001330      1637689525491      
461      0.001410      1637689525526      
462      0.001240      1637689525552      
463      0.002440      1637689525586      
464      0.002100      1637689525615      
465      -0.001990      1637689525668      
466      0.003310      1637689525693      
467      0.005940      1637689525724      
468      0.003860      1637689525756      
469      0.002320      1637689525785      
470      0.004480      1637689525822      
471      -0.000040      1637689525861      
472      -0.000960      1637689525883      
473      -0.001660      1637689525915      
474      0.001650      1637689525946      
475      -0.000230      1637689525975      
476      -0.000970      1637689526005      
477      -0.000080      1637689526046      
478      -0.000910      1637689526079      
479      -0.001620      1637689526109      
480      -0.012320      1637689526131      
481      -0.008850      1637689526162      
482      -0.012880      1637689526194      
483      -0.019310      1637689526226      
484      -0.018760      1637689526273      
485      -0.030360      1637689526310      
486      -0.021060      1637689526333      
487      -0.013200      1637689526366      
488      -0.011580      1637689526398      
489      -0.005330      1637689526431      
490      -0.008100      1637689526475      
491      -0.010900      1637689526495      
492      -0.008730      1637689526527      
493      -0.010400      1637689526575      
494      -0.010580      1637689526607      
495      -0.012390      1637689526644      
496      -0.012730      1637689526676      
497      -0.014600      1637689526705      
498      -0.008710      1637689526732      
499      -0.011310      1637689526762      
500      -0.009700      1637689526795      
501      -0.010570      1637689526849      
502      -0.011740      1637689526884      
503      -0.007300      1637689526907      
504      -0.011660      1637689526938      
505      -0.010150      1637689526968      
506      -0.013470      1637689527000      
507      -0.011360      1637689527033      
508      -0.015830      1637689527067      
509      -0.005210      1637689527107      
510      -0.009920      1637689527129      
511      -0.008170      1637689527184      
512      -0.012820      1637689527208      
513      -0.010080      1637689527240      
514      -0.010570      1637689527270      
515      -0.011000      1637689527301      
516      -0.012850      1637689527339      
517      -0.007310      1637689527366      
518      -0.011210      1637689527396      
519      -0.014000      1637689527443      
520      -0.014930      1637689527475      
521      -0.012720      1637689527512      
522      -0.014270      1637689527542      
523      -0.021280      1637689527566      
524      -0.020050      1637689527598      
525      -0.008370      1637689527631      
526      -0.012020      1637689527690      
527      -0.028010      1637689527728      
528      -0.020240      1637689527759      
529      -0.028200      1637689527791      
530      -0.017020      1637689527824      
531      -0.013320      1637689527857      
532      -0.014520      1637689527892      
533      -0.011810      1637689527925      
534      -0.006240      1637689527955      
535      -0.014840      1637689527984      
536      -0.012950      1637689528011      
537      -0.016800      1637689528043      
538      -0.024210      1637689528080      
539      -0.030310      1637689528108      
540      -0.030820      1637689528135      
541      -0.030020      1637689528190      
542      -0.038360      1637689528216      
543      -0.005040      1637689528256      
544      -0.016060      1637689528292      
545      -0.014500      1637689528328      
546      -0.016830      1637689528359      
547      -0.015860      1637689528391      
548      -0.017720      1637689528425      
549      -0.014890      1637689528451      
550      -0.006280      1637689528495      
551      -0.012990      1637689528520      
552      -0.014420      1637689528543      
553      -0.009010      1637689528575      
554      -0.015000      1637689528606      
555      -0.012280      1637689528640      
556      -0.008130      1637689528693      
557      -0.018870      1637689528720      
558      -0.005740      1637689528751      
559      -0.009330      1637689528785      
560      -0.011560      1637689528813      
561      -0.013740      1637689528845      
562      -0.010130      1637689528876      
563      -0.012900      1637689528932      
564      -0.019110      1637689528961      
565      -0.013480      1637689528987      
566      -0.017150      1637689529017      
567      -0.013570      1637689529061      
568      -0.007560      1637689529080      
569      -0.012050      1637689529117      
570      -0.014380      1637689529144      
571      -0.017670      1637689529191      
572      -0.021760      1637689529222      
573      -0.014850      1637689529251      
574      -0.018660      1637689529284      
575      -0.020280      1637689529331      
576      -0.009750      1637689529365      
577      -0.027830      1637689529398      
578      -0.019870      1637689529427      
579      -0.015710      1637689529458      
580      -0.015300      1637689529486      
581      -0.012690      1637689529528      
582      -0.013520      1637689529549      
583      -0.004160      1637689529581      
584      -0.009280      1637689529628      
585      -0.013580      1637689529660      
586      -0.009240      1637689529692      
587      -0.003130      1637689529731      
588      -0.009220      1637689529754      
589      -0.013320      1637689529785      
590      -0.012750      1637689529816      
591      -0.004410      1637689529858      
592      -0.009110      1637689529900      
593      -0.009660      1637689529930      
594      -0.008920      1637689529965      
595      -0.006150      1637689529992      
596      -0.009860      1637689530022      
597      -0.011980      1637689530057      
598      -0.012910      1637689530083      
599      -0.007840      1637689530141      
600      -0.010540      1637689530174      
601      -0.007520      1637689530200      
602      -0.005550      1637689530228      
603      -0.010520      1637689530259      
604      -0.008180      1637689530291      
605      -0.005970      1637689530344      
