0      0.011230      1640272205052      
0      0.019050      1640272205082      
0      0.010890      1640272205113      
0      0.015860      1640272205160      
0      0.029570      1640272205199      
0      0.013550      1640272205225      
0      0.016780      1640272205256      
0      0.014630      1640272205286      
0      0.015050      1640272205317      
0      0.008910      1640272205350      
0      0.011620      1640272205384      
0      0.008620      1640272205419      
0      0.014810      1640272205461      
0      0.020350      1640272205493      
0      0.010580      1640272205525      
0      0.010300      1640272205557      
0      0.008630      1640272205591      
0      0.012310      1640272205618      
0      0.016790      1640272205651      
0      0.010360      1640272205699      
0      0.024280      1640272205730      
0      0.016510      1640272205760      
0      0.011020      1640272205797      
0      0.012030      1640272205825      
0      0.014780      1640272205854      
0      0.021320      1640272205886      
0      0.013020      1640272205933      
0      0.019050      1640272205966      
0      0.015870      1640272205998      
0      0.006260      1640272206034      
0      0.010420      1640272206063      
0      0.012890      1640272206094      
0      0.011380      1640272206126      
0      0.011140      1640272206159      
0      0.014560      1640272206175      
0      0.007560      1640272206211      
0      0.016780      1640272206235      
0      0.017750      1640272206266      
0      0.012820      1640272206297      
0      0.009570      1640272206346      
0      0.028050      1640272206379      
0      0.013810      1640272206419      
0      0.016500      1640272206442      
0      0.011180      1640272206473      
0      0.013580      1640272206503      
0      0.018600      1640272206535      
0      0.012620      1640272206567      
0      0.008160      1640272206600      
0      0.017380      1640272206632      
0      0.008020      1640272206666      
0      0.017780      1640272206713      
0      0.022980      1640272206745      
0      0.018470      1640272206777      
0      0.020580      1640272206811      
0      0.014690      1640272206841      
0      0.012290      1640272206869      
0      0.015810      1640272206902      
0      0.014730      1640272206934      
0      0.015640      1640272206966      
0      0.027650      1640272207001      
0      0.012480      1640272207049      
0      0.014790      1640272207078      
0      0.007050      1640272207111      
0      0.009380      1640272207143      
0      0.008150      1640272207176      
0      0.009030      1640272207208      
0      0.004910      1640272207235      
0      0.005490      1640272207266      
0      0.009040      1640272207300      
0      0.018520      1640272207333      
0      0.011070      1640272207380      
0      0.017250      1640272207414      
0      0.010630      1640272207446      
0      0.009400      1640272207477      
0      0.007190      1640272207507      
0      0.008520      1640272207540      
0      0.011340      1640272207569      
0      0.007640      1640272207600      
0      0.005290      1640272207649      
0      0.008910      1640272207681      
0      0.005490      1640272207712      
0      0.016530      1640272207744      
0      0.009040      1640272207780      
0      0.009510      1640272207808      
0      0.009140      1640272207842      
0      0.006210      1640272207868      
0      0.009050      1640272207916      
0      0.008490      1640272207949      
0      0.008260      1640272207981      
0      0.004910      1640272208015      
0      0.010880      1640272208048      
0      0.004970      1640272208078      
0      0.005260      1640272208110      
0      0.010290      1640272208141      
0      0.012510      1640272208174      
0      0.006990      1640272208206      
0      0.005730      1640272208250      
0      0.014410      1640272208282      
0      -0.001150      1640272208316      
0      -0.000880      1640272208347      
0      0.000150      1640272208379      
0      0.003220      1640272208411      
0      0.003660      1640272208446      
0      0.004400      1640272208475      
0      0.008330      1640272208518      
0      0.007900      1640272208549      
0      0.006100      1640272208581      
0      0.006010      1640272208614      
0      0.007360      1640272208652      
0      0.000160      1640272208677      
0      0.003900      1640272208710      
0      0.014720      1640272208741      
0      0.002660      1640272208775      
0      0.000000      1640272208806      
0      0.005870      1640272208859      
0      0.000540      1640272208887      
0      -0.000880      1640272208915      
0      -0.000240      1640272208948      
0      -0.000190      1640272208977      
0      0.002580      1640272209009      
0      -0.002430      1640272209045      
0      0.003250      1640272209090      
0      0.001220      1640272209123      
0      0.002620      1640272209150      
0      0.002780      1640272209182      
0      0.006480      1640272209216      
0      0.006100      1640272209248      
0      0.001660      1640272209284      
0      0.003560      1640272209313      
0      0.003100      1640272209344      
0      0.005360      1640272209376      
0      0.014500      1640272209408      
0      0.002000      1640272209441      
0      -0.001070      1640272209489      
0      -0.001860      1640272209517      
0      0.000470      1640272209548      
0      -0.001400      1640272209581      
0      0.001260      1640272209615      
0      0.000150      1640272209646      
0      0.002360      1640272209678      
0      0.003260      1640272209708      
0      -0.002660      1640272209739      
0      -0.000140      1640272209782      
0      0.002130      1640272209816      
0      -0.000850      1640272209851      
0      0.003170      1640272209880      
0      0.002030      1640272209911      
0      -0.000180      1640272209943      
0      0.001040      1640272209975      
0      0.000880      1640272210006      
0      0.002970      1640272210056      
0      0.004190      1640272210083      
0      0.001300      1640272210115      
0      0.000770      1640272210146      
0      -0.001390      1640272210178      
0      -0.000250      1640272210210      
0      0.002880      1640272210241      
0      -0.001440      1640272210277      
0      -0.001490      1640272210318      
0      0.001910      1640272210349      
0      -0.001300      1640272210383      
0      0.003020      1640272210413      
0      0.000000      1640272210447      
0      0.003430      1640272210483      
0      0.001130      1640272210513      
0      0.005270      1640272210542      
0      0.000750      1640272210586      
0      0.002360      1640272210616      
0      0.005520      1640272210649      
0      0.002550      1640272210682      
0      0.001160      1640272210716      
0      0.004190      1640272210743      
0      0.004410      1640272210776      
0      0.002510      1640272210807      
0      0.000560      1640272210852      
0      0.005790      1640272210883      
0      0.000760      1640272210916      
0      0.001390      1640272210948      
0      0.000600      1640272210981      
0      0.002590      1640272211011      
0      0.003100      1640272211043      
0      -0.000440      1640272211078      
0      0.003070      1640272211124      
0      0.004200      1640272211150      
0      0.000060      1640272211183      
0      0.001310      1640272211215      
0      0.001150      1640272211248      
0      -0.001400      1640272211282      
0      0.000740      1640272211318      
0      0.000740      1640272211345      
0      0.002810      1640272211376      
0      0.002460      1640272211408      
0      0.002330      1640272211442      
0      0.006870      1640272211489      
0      0.001700      1640272211517      
0      0.004220      1640272211548      
0      0.000920      1640272211582      
0      0.004590      1640272211614      
0      0.001420      1640272211647      
0      0.000860      1640272211680      
0      0.001680      1640272211717      
0      0.007820      1640272211745      
0      0.002840      1640272211791      
0      0.006850      1640272211817      
0      0.004420      1640272211849      
0      0.003420      1640272211883      
0      0.004060      1640272211915      
0      0.003960      1640272211949      
0      0.000680      1640272211981      
0      0.000650      1640272212010      
0      0.004650      1640272212042      
0      0.003530      1640272212093      
0      0.001880      1640272212122      
0      0.002540      1640272212148      
0      0.000010      1640272212181      
0      0.000960      1640272212214      
0      0.001800      1640272212247      
0      -0.001490      1640272212279      
0      0.003910      1640272212311      
0      0.001910      1640272212358      
0      0.002960      1640272212384      
0      0.006360      1640272212417      
0      0.003270      1640272212449      
0      -0.000730      1640272212481      
0      0.000410      1640272212517      
0      -0.001290      1640272212547      
0      -0.004240      1640272212578      
0      -0.000370      1640272212625      
0      -0.001300      1640272212656      
0      0.001470      1640272212683      
0      -0.000270      1640272212716      
0      0.002190      1640272212749      
0      0.000470      1640272212781      
0      0.003180      1640272212813      
0      0.002200      1640272212844      
0      0.006790      1640272212892      
0      0.007780      1640272212930      
0      0.005360      1640272212953      
0      0.009570      1640272212983      
0      0.009040      1640272213015      
0      0.000700      1640272213047      
0      0.003180      1640272213079      
0      0.013520      1640272213113      
0      0.005840      1640272213165      
0      0.007550      1640272213199      
0      0.020950      1640272213228      
0      0.001120      1640272213256      
0      -0.002660      1640272213283      
0      0.005320      1640272213327      
0      0.000180      1640272213348      
0      -0.001050      1640272213381      
0      0.001020      1640272213413      
0      0.000530      1640272213444      
0      0.000880      1640272213493      
0      0.007150      1640272213532      
0      0.004140      1640272213559      
0      0.002590      1640272213584      
0      0.008080      1640272213616      
0      0.001210      1640272213649      
0      0.002910      1640272213679      
0      0.009070      1640272213711      
0      0.013700      1640272213764      
0      -0.004240      1640272213792      
0      0.004680      1640272213824      
0      0.002380      1640272213856      
0      0.001270      1640272213887      
0      0.010100      1640272213917      
0      0.000850      1640272213948      
0      0.000230      1640272213982      
0      0.008080      1640272214014      
0      0.002540      1640272214047      
0      0.001350      1640272214098      
0      0.007090      1640272214125      
0      0.000190      1640272214162      
0      0.003670      1640272214188      
0      0.001800      1640272214217      
0      0.005750      1640272214250      
0      0.001650      1640272214281      
0      0.001320      1640272214314      
0      0.003910      1640272214350      
0      0.003540      1640272214383      
0      0.006060      1640272214427      
0      0.001160      1640272214459      
0      0.005700      1640272214490      
0      -0.000210      1640272214522      
0      0.007510      1640272214559      
0      0.007580      1640272214591      
0      -0.001990      1640272214617      
0      0.006740      1640272214648      
0      0.006490      1640272214696      
0      0.003250      1640272214728      
0      0.008880      1640272214767      
0      0.010250      1640272214796      
0      -0.004370      1640272214817      
0      -0.002510      1640272214850      
0      -0.003740      1640272214881      
0      -0.023050      1640272214916      
0      -0.041250      1640272214947      
0      -0.025750      1640272215003      
0      -0.075520      1640272215028      
0      -0.042530      1640272215057      
0      -0.028400      1640272215089      
0      -0.046670      1640272215121      
0      -0.052330      1640272215151      
0      -0.031170      1640272215189      
0      -0.044160      1640272215214      
0      -0.065550      1640272215248      
0      -0.043920      1640272215297      
0      -0.030770      1640272215328      
0      -0.050930      1640272215361      
0      -0.049690      1640272215395      
0      -0.029560      1640272215424      
0      -0.031550      1640272215455      
0      -0.048240      1640272215484      
0      -0.044040      1640272215516      
0      -0.043100      1640272215548      
0      -0.049270      1640272215598      
0      -0.046830      1640272215641      
0      -0.039360      1640272215663      
0      -0.035650      1640272215695      
0      -0.045990      1640272215725      
0      -0.048560      1640272215756      
0      -0.030070      1640272215791      
0      -0.032240      1640272215820      
0      -0.027440      1640272215849      
0      -0.008570      1640272215899      
0      -0.024720      1640272215931      
0      -0.020890      1640272215964      
0      -0.008810      1640272216004      
0      -0.025140      1640272216027      
0      -0.034210      1640272216056      
0      -0.019450      1640272216075      
0      -0.006000      1640272216108      
0      -0.022620      1640272216134      
0      -0.033240      1640272216150      
0      -0.013870      1640272216194      
0      -0.020120      1640272216216      
0      -0.052130      1640272216250      
0      -0.043200      1640272216278      
0      -0.027890      1640272216310      
0      -0.026010      1640272216342      
0      -0.028420      1640272216390      
0      -0.029390      1640272216423      
0      -0.019440      1640272216450      
0      -0.018990      1640272216483      
0      -0.019810      1640272216516      
0      -0.035250      1640272216550      
0      -0.019770      1640272216583      
