87      74.671781      0.436330      
88      73.865606      0.436330      
89      73.053127      0.436330      
90      71.401814      0.436330      
91      69.336814      0.436330      
92      67.028299      0.436330      
93      65.450326      0.436330      
94      64.795416      0.436330      
95      64.125036      0.436330      
96      62.853032      0.436330      
97      61.264746      0.436330      
98      60.419035      0.436330      
99      60.223651      0.436330      
100      59.793920      0.436330      
101      59.601974      0.436330      
102      60.000191      0.436330      
103      60.213338      0.436330      
104      61.226357      0.436330      
105      62.110457      0.436330      
106      62.250263      0.436330      
107      62.351106      0.436330      
108      62.212446      0.436330      
109      61.041286      0.436330      
110      60.261467      0.436330      
111      60.376062      0.436330      
112      60.274073      0.436330      
113      60.392679      0.436330      
114      60.248289      0.436330      
115      59.300016      0.436330      
116      59.338978      0.436330      
117      59.157345      0.436330      
118      59.000923      0.436330      
119      58.520770      0.436330      
120      57.607449      0.436330      
121      57.118128      0.436330      
122      56.153239      0.436330      
123      54.041827      0.436330      
124      53.638453      0.436330      
125      53.402960      0.436330      
126      52.410568      0.436330      
127      51.862804      0.436330      
128      50.981569      0.436330      
129      50.338692      0.436330      
130      49.577208      0.436330      
131      49.340570      0.436330      
132      48.908547      0.436330      
133      49.082731      0.436330      
134      49.213369      0.436330      
135      49.201910      0.436330      
136      49.382970      0.436330      
137      49.511889      0.436330      
138      49.786917      0.436330      
139      49.510170      0.436330      
140      49.659144      0.436330      
141      49.954799      0.436330      
142      49.759414      0.436330      
143      49.740506      0.436330      
144      49.477511      0.436330      
145      49.169250      0.436330      
146      48.969855      0.436330      
147      48.347605      0.436330      
148      47.844533      0.436330      
149      47.385580      0.436330      
150      46.362247      0.436330      
151      46.060290      0.436330      
152      45.817348      0.436330      
153      44.796307      0.436330      
154      44.219322      0.436330      
155      43.386217      0.436330      
156      42.786312      0.436330      
157      42.806939      0.436330      
158      42.009359      0.436330      
159      41.638071      0.436330      
160      40.663441      0.436330      
161      40.467484      0.436330      
162      40.076715      0.436330      
163      39.561038      0.436330      
164      39.055674      0.436330      
165      37.979628      0.436330      
166      37.575107      0.436330      
167      37.333312      0.436330      
168      37.162566      0.436330      
169      36.539169      0.436330      
170      35.894000      0.436330      
171      35.971351      0.436330      
172      35.894000      0.436330      
173      35.816075      0.436330      
174      35.679134      0.436330      
175      35.035111      0.436330      
176      34.388222      0.436330      
177      34.147573      0.436330      
178      32.436670      0.436330      
179      31.657425      0.436330      
180      31.515900      0.436330      
181      31.185294      0.436330      
182      31.092472      0.436330      
183      30.605443      0.436330      
184      29.952825      0.436330      
185      29.697278      0.436330      
186      29.461213      0.436330      
187      28.964444      0.436330      
188      28.629254      0.436330      
189      28.572529      0.436330      
190      28.329015      0.436330      
191      28.208117      0.436330      
192      28.051122      0.436330      
193      27.931370      0.436330      
194      27.831100      0.436330      
195      27.506796      0.436330      
196      27.416839      0.436330      
197      27.226039      0.436330      
198      27.114881      0.436330      
199      26.905746      0.436330      
200      26.420436      0.436330      
201      26.323603      0.436330      
202      26.144835      0.436330      
203      25.975808      0.436330      
204      25.832564      0.436330      
205      25.827980      0.436330      
206      25.657807      0.436330      
207      25.549515      0.436330      
208      25.512271      0.436330      
209      25.357568      0.436330      
210      25.189113      0.436330      
211      24.706096      0.436330      
212      24.566863      0.436330      
213      24.491230      0.436330      
214      24.347414      0.436330      
215      24.368041      0.436330      
216      24.165208      0.436330      
217      23.930861      0.436330      
218      23.988731      0.436330      
219      23.939456      0.436330      
220      23.915964      0.436330      
221      23.743498      0.436330      
222      23.662709      0.436330      
223      23.684482      0.436330      
224      23.707401      0.436330      
225      23.437530      0.436330      
226      23.423778      0.436330      
227      23.017539      0.436330      
228      22.843928      0.436330      
229      22.668598      0.436330      
230      21.962693      0.436330      
231      21.562184      0.436330      
232      20.632246      0.436330      
233      20.397899      0.436330      
234      20.579532      0.436330      
235      20.817890      0.436330      
236      20.887792      0.436330      
237      21.220691      0.436330      
238      21.441859      0.436330      
239      21.906541      0.436330      
240      22.084737      0.436330      
241      22.130575      0.436330      
242      22.425084      0.436330      
243      22.692663      0.436330      
244      22.608435      0.436330      
245      22.831896      0.436330      
246      22.913258      0.436330      
247      22.959096      0.436330      
248      23.015820      0.436330      
249      23.017539      0.436330      
250      23.243864      0.436330      
251      23.153334      0.436330      
252      23.138437      0.436330      
253      22.902944      0.436330      
254      22.362056      0.436330      
255      22.352316      0.436330      
256      21.593697      0.436330      
257      20.980614      0.436330      
258      21.155372      0.436330      
259      21.318669      0.436330      
260      21.239599      0.436330      
261      21.247048      0.436330      
262      21.378832      0.436330      
263      21.459621      0.436330      
264      21.225275      0.436330      
265      21.142766      0.436330      
266      21.060258      0.436330      
267      21.029317      0.436330      
268      20.549737      0.436330      
269      20.600732      0.436330      
270      20.691835      0.436330      
271      20.699284      0.436330      
272      20.502753      0.436330      
273      20.520516      0.436330      
274      20.525672      0.436330      
275      20.366385      0.436330      
276      19.877638      0.436330      
277      19.645010      0.436330      
278      19.221009      0.436330      
279      18.641732      0.436330      
280      17.704918      0.436330      
281      17.069489      0.436330      
282      16.844883      0.436330      
283      17.099284      0.436330      
284      17.034538      0.436330      
285      16.890148      0.436330      
286      16.859207      0.436330      
287      16.470158      0.436330      
288      16.320611      0.436330      
289      16.299984      0.436330      
290      16.071367      0.436330      
291      15.869107      0.436330      
292      15.865096      0.436330      
293      15.654815      0.436330      
294      15.500111      0.436330      
295      15.546522      0.436330      
296      15.301862      0.436330      
297      15.060640      0.436330      
298      15.048034      0.436330      
299      14.653828      0.436330      
300      14.622314      0.436330      
301      14.702531      0.436330      
302      14.778736      0.436330      
303      14.726023      0.436330      
304      14.773007      0.436330      
305      14.717428      0.436330      
306      14.582779      0.436330      
307      14.260194      0.436330      
308      14.005793      0.436330      
309      14.033296      0.436330      
310      14.146745      0.436330      
311      13.816712      0.436330      
312      13.813274      0.436330      
313      14.041891      0.436330      
314      14.036734      0.436330      
315      13.974280      0.436330      
316      13.811555      0.436330      
317      13.883750      0.436330      
318      13.898647      0.436330      
319      13.660863      0.436330      
320      13.501003      0.436330      
321      13.415057      0.436330      
322      13.087315      0.436330      
323      12.922871      0.436330      
324      12.979596      0.436330      
325      12.924590      0.436330      
326      12.842655      0.436330      
327      12.609454      0.436330      
328      12.635811      0.436330      
329      12.640968      0.436330      
330      12.315518      0.436330      
331      12.071431      0.436330      
332      11.756295      0.436330      
333      11.912717      0.436330      
334      11.693841      0.436330      
335      11.658889      0.436330      
336      11.600446      0.436330      
337      11.203947      0.436330      
338      11.009709      0.436330      
339      10.337609      0.436330      
340      9.915327      0.436330      
341      9.938819      0.436330      
342      9.833965      0.436330      
343      9.781251      0.436330      
344      9.493045      0.436330      
345      8.979086      0.436330      
346      8.848448      0.436330      
347      8.763075      0.436330      
348      8.513831      0.436330      
349      8.571128      0.436330      
350      8.683431      0.436330      
351      8.814070      0.436330      
352      8.814643      0.436330      
353      8.768805      0.436330      
354      8.697183      0.436330      
355      8.219322      0.436330      
356      7.830845      0.436330      
357      7.912781      0.436330      
358      7.751775      0.436330      
359      7.625720      0.436330      
360      7.522585      0.436330      
361      7.332357      0.436330      
362      7.046443      0.436330      
363      6.569728      0.436330      
364      6.325068      0.436330      
365      6.371479      0.436330      
366      6.085564      0.436330      
367      5.648958      0.436330      
368      5.650676      0.436330      
369      5.530925      0.436330      
370      5.559000      0.436330      
371      5.559000      0.436330      
372      5.424924      0.436330      
373      5.479930      0.436330      
374      5.399714      0.436330      
375      5.163075      0.436330      
376      5.164221      0.436330      
377      5.160783      0.436330      
378      4.823301      0.436330      
379      4.880025      0.436330      
380      4.643387      0.436330      
381      4.483527      0.436330      
382      4.727041      0.436330      
383      4.485246      0.436330      
384      4.402738      0.436330      
385      4.407894      0.436330      
386      4.211364      0.436330      
387      4.216521      0.436330      
388      4.209072      0.436330      
389      4.050358      0.436330      
390      3.973007      0.436330      
391      4.018845      0.436330      
392      3.376540      0.436330      
393      3.049944      0.436330      
394      3.098074      0.436330      
395      2.856852      0.436330      
396      2.771479      0.436330      
397      2.535413      0.436330      
398      2.098233      0.436330      
399      2.121152      0.436330      
400      1.959573      0.436330      
401      1.710902      0.436330      
402      1.708038      0.436330      
403      1.602037      0.436330      
404      1.757886      0.436330      
405      1.763043      0.436330      
406      1.680535      0.436330      
407      1.438739      0.436330      
408      1.441604      0.436330      
409      1.198090      0.436330      
410      1.034792      0.436330      
411      1.028490      0.436330      
412      0.947700      0.436330      
413      0.941970      0.436330      
414      0.779819      0.436330      
415      0.538023      0.436330      
416      0.594175      0.436330      
417      0.319720      0.436330      
418      -0.083654      0.436330      
419      -0.085946      0.436330      
420      -0.170173      0.436330      
421      -0.339201      0.436330      
422      -0.226898      0.436330      
423      -0.229190      0.436330      
424      -0.179341      0.436330      
425      -0.301958      0.436330      
426      -0.305396      0.436330      
427      -0.385612      0.436330      
428      -0.624542      0.436330      
429      -0.574694      0.436330      
430      -0.735700      0.436330      
431      -0.785548      0.436330      
432      -0.735700      0.436330      
433      -1.108133      0.436330      
434      -1.298934      0.436330      
435      -1.296069      0.436330      
436      -1.537864      0.436330      
437      -1.859876      0.436330      
438      -1.865033      0.436330      
439      -1.869043      0.436330      
440      -1.808881      0.436330      
441      -2.148655      0.436330      
442      -2.194493      0.436330      
443      -2.279866      0.436330      
444      -3.002387      0.436330      
445      -3.664173      0.436330      
446      -3.908260      0.436330      
447      -3.962693      0.436330      
448      -3.680216      0.436330      
449      -3.522648      0.436330      
450      -3.365080      0.436330      
451      -2.939360      0.436330      
452      -2.541143      0.436330      
453      -2.599013      0.436330      
454      -2.558332      0.436330      
455      -2.744549      0.436330      
456      -2.899825      0.436330      
457      -3.283718      0.436330      
458      -5.329811      0.436330      
459      -5.905077      0.436330      
460      -5.675887      0.436330      
461      -5.231259      0.436330      
462      -5.430081      0.436330      
463      -5.431800      0.436330      
464      -5.440395      0.436330      
465      -5.528633      0.436330      
466      -5.684482      0.436330      
467      -5.603120      0.436330      
468      -5.316059      0.436330      
469      -5.550979      0.436330      
470      -5.652395      0.436330      
471      -5.652395      0.436330      
472      -5.897629      0.436330      
473      -5.895337      0.436330      
474      -6.215629      0.436330      
475      -6.301576      0.436330      
476      -6.538214      0.436330      
477      -6.617285      0.436330      
478      -6.598377      0.436330      
479      -6.730734      0.436330      
480      -6.648225      0.436330      
481      -6.643069      0.436330      
482      -6.918096      0.436330      
483      -7.079102      0.436330      
484      -6.998313      0.436330      
485      -7.403406      0.436330      
486      -7.676715      0.436330      
487      -7.515136      0.436330      
488      -7.279071      0.436330      
489      -7.167913      0.436330      
490      -7.167340      0.436330      
491      -7.086551      0.436330      
492      -7.081394      0.436330      
493      -7.130670      0.436330      
494      -7.135827      0.436330      
495      -7.185103      0.436330      
496      -7.271049      0.436330      
497      -7.591342      0.436330      
498      -7.852045      0.436330      
499      -7.796467      0.436330      
500      -7.957473      0.436330      
501      -7.848034      0.436330      
502      -7.933981      0.436330      
503      -7.933981      0.436330      
504      -7.928824      0.436330      
505      -7.954608      0.436330      
506      -7.878975      0.436330      
507      -8.203279      0.436330      
508      -8.445074      0.436330      
509      -8.284068      0.436330      
510      -8.281776      0.436330      
511      -8.119051      0.436330      
512      -7.955754      0.436330      
513      -7.875537      0.436330      
514      -7.885278      0.436330      
515      -7.841732      0.436330      
516      -7.765526      0.436330      
517      -7.846315      0.436330      
518      -7.846315      0.436330      
519      -7.846315      0.436330      
520      -8.009613      0.436330      
521      -8.007894      0.436330      
522      -7.848607      0.436330      
523      -7.932262      0.436330      
524      -7.719115      0.436330      
525      -7.559255      0.436330      
526      -7.316887      0.436330      
527      -7.188541      0.436330      
528      -7.186822      0.436330      
529      -7.186249      0.436330      
530      -7.263600      0.436330      
531      -7.536336      0.436330      
532      -8.019927      0.436330      
533      -8.022219      0.436330      
534      -7.785007      0.436330      
535      -7.838294      0.436330      
536      -7.794748      0.436330      
537      -7.869807      0.436330      
538      -7.716250      0.436330      
539      -7.962056      0.436330      
540      -7.877256      0.436330      
541      -7.806780      0.436330      
542      -8.048576      0.436330      
543      -7.889862      0.436330      
544      -7.811364      0.436330      
545      -7.892726      0.436330      
546      -7.861786      0.436330      
547      -8.290944      0.436330      
548      -8.295528      0.436330      
549      -8.297247      0.436330      
550      -8.329333      0.436330      
551      -8.139106      0.436330      
552      -7.814229      0.436330      
553      -7.414293      0.436330      
554      -6.933567      0.436330      
555      -6.400700      0.436330      
556      -5.589368      0.436330      
557      -4.591819      0.436330      
558      -4.125991      0.436330      
559      -3.663027      0.436330      
560      -3.118128      0.436330      
561      -3.022442      0.436330      
562      -2.887219      0.436330      
563      -2.814452      0.436330      
564      -2.679230      0.436330      
565      -2.443164      0.436330      
566      -2.362375      0.436330      
567      -2.301639      0.436330      
568      -1.978482      0.436330      
569      -1.439885      0.436330      
570      -1.116155      0.436330      
571      -0.791851      0.436330      
572      -0.654337      0.436330      
573      -0.406812      0.436330      
574      0.134076      0.436330      
575      0.340920      0.436330      
576      0.968327      0.436330      
577      1.223301      0.436330      
578      1.388318      0.436330      
579      1.917746      0.436330      
580      2.144071      0.436330      
581      2.500462      0.436330      
582      3.541557      0.436330      
583      4.122553      0.436330      
584      4.609008      0.436330      
585      5.151042      0.436330      
586      5.724017      0.436330      
587      6.232246      0.436330      
588      6.546809      0.436330      
589      7.233806      0.436330      
590      7.830272      0.436330      
591      7.853191      0.436330      
592      8.423301      0.436330      
593      9.475283      0.436330      
594      9.788127      0.436330      
595      10.291771      0.436330      
596      11.311666      0.436330      
597      11.818749      0.436330      
598      12.734936      0.436330      
599      14.080280      0.436330      
600      14.344994      0.436330      
601      15.604966      0.436330      
602      16.557823      0.436330      
603      17.075219      0.436330      
604      17.486042      0.436330      
605      18.246952      0.436330      
606      19.294350      0.436330      
607      20.729078      0.436330      
608      21.695114      0.436330      
609      22.983734      0.436330      
610      24.784020      0.436330      
611      25.575871      0.436330      
612      27.858603      0.436330      
613      28.326150      0.436330      
614      31.413911      0.436330      
615      31.821869      0.436330      
616      32.126691      0.436330      
617      33.328219      0.436330      
618      35.126214      0.436330      
619      35.480312      0.436330      
620      35.995416      0.436330      
621      36.003438      0.436330      
622      36.313990      0.436330      
623      36.819927      0.436330      
624      36.916187      0.436330      
625      37.904568      0.436330      
626      39.813147      0.436330      
627      41.534363      0.436330      
628      43.025243      0.436330      
629      44.422728      0.436330      
630      45.828235      0.436330      
631      48.920006      0.436330      
632      50.524336      0.436330      
633      52.342957      0.436330      
634      53.806335      0.436330      
635      54.936814      0.436330      
636      56.737673      0.436330      
637      57.967277      0.436330      
638      58.931020      0.436330      
639      60.613847      0.436330      
640      61.327773      0.436330      
641      61.331211      0.436330      
642      62.997995      0.436330      
643      63.431163      0.436330      
644      64.000127      0.436330      
645      64.916887      0.436330      
646      65.458921      0.436330      
647      66.626070      0.436330      
648      67.865988      0.436330      
649      69.135127      0.436330      
650      70.446666      0.436330      
651      72.040681      0.436330      
652      73.855292      0.436330      
653      74.666051      0.436330      
715      74.714181      0.436330      
716      74.074741      0.436330      
717      74.100525      0.436330      
718      74.004265      0.436330      
719      74.816744      0.436330      
