93      74.902117      0.087270      
94      73.934363      0.087270      
95      72.454369      0.087270      
96      71.861913      0.087270      
97      71.131943      0.087270      
98      70.655801      0.087270      
99      70.477033      0.087270      
100      69.753939      0.087270      
101      69.374057      0.087270      
102      69.262327      0.087270      
103      68.417762      0.087270      
104      67.680344      0.087270      
105      67.318797      0.087270      
106      66.589400      0.087270      
107      65.405061      0.087270      
108      65.218845      0.087270      
109      64.584562      0.087270      
110      63.956008      0.087270      
111      63.294223      0.087270      
112      63.140092      0.087270      
113      62.574566      0.087270      
114      61.266465      0.087270      
115      60.351424      0.087270      
116      59.793347      0.087270      
117      59.147032      0.087270      
118      58.793506      0.087270      
119      58.477797      0.087270      
120      57.740952      0.087270      
121      57.198918      0.087270      
122      56.448321      0.087270      
123      56.014006      0.087270      
124      55.419831      0.087270      
125      55.060576      0.087270      
126      54.582142      0.087270      
127      53.853891      0.087270      
128      53.087251      0.087270      
129      52.732007      0.087270      
130      52.248989      0.087270      
131      51.670858      0.087270      
132      51.145440      0.087270      
133      50.735763      0.087270      
134      50.220086      0.087270      
135      49.660863      0.087270      
136      49.150915      0.087270      
137      48.648989      0.087270      
138      47.987777      0.087270      
139      47.602165      0.087270      
140      46.981060      0.087270      
141      46.675092      0.087270      
142      45.666083      0.087270      
143      45.167022      0.087270      
144      44.569410      0.087270      
145      43.716250      0.087270      
146      43.565558      0.087270      
147      43.260735      0.087270      
148      42.851058      0.087270      
149      42.637339      0.087270      
150      42.128537      0.087270      
151      41.710266      0.087270      
152      41.214070      0.087270      
153      40.305332      0.087270      
154      39.692822      0.087270      
155      39.046506      0.087270      
156      38.270699      0.087270      
157      37.627821      0.087270      
158      37.141366      0.087270      
159      36.606780      0.087270      
160      36.260131      0.087270      
161      35.742734      0.087270      
162      35.415566      0.087270      
163      35.322171      0.087270      
164      34.450103      0.087270      
165      33.961356      0.087270      
166      33.500111      0.087270      
167      33.045742      0.087270      
168      32.657839      0.087270      
169      32.251027      0.087270      
170      32.106064      0.087270      
171      31.817285      0.087270      
172      31.718160      0.087270      
173      31.545122      0.087270      
174      31.409327      0.087270      
175      31.014547      0.087270      
176      30.854687      0.087270      
177      30.526946      0.087270      
178      30.240458      0.087270      
179      30.003247      0.087270      
180      29.876046      0.087270      
181      29.505332      0.087270      
182      29.187904      0.087270      
183      28.563934      0.087270      
184      28.046538      0.087270      
185      27.694159      0.087270      
186      27.167022      0.087270      
187      26.593474      0.087270      
188      25.664682      0.087270      
189      24.867102      0.087270      
190      24.604679      0.087270      
191      24.562279      0.087270      
192      24.401846      0.087270      
193      24.012796      0.087270      
194      23.899347      0.087270      
195      23.419195      0.087270      
196      22.940761      0.087270      
197      22.026866      0.087270      
198      21.414356      0.087270      
199      21.116409      0.087270      
200      20.594429      0.087270      
201      20.301066      0.087270      
202      20.140060      0.087270      
203      20.038644      0.087270      
204      20.020309      0.087270      
205      19.689129      0.087270      
206      19.286901      0.087270      
207      19.125322      0.087270      
208      18.500207      0.087270      
209      18.180487      0.087270      
210      17.582874      0.087270      
211      16.937705      0.087270      
212      16.523444      0.087270      
213      15.906923      0.087270      
214      15.536209      0.087270      
215      15.379214      0.087270      
216      14.738628      0.087270      
217      14.512303      0.087270      
218      14.175967      0.087270      
219      13.327391      0.087270      
220      13.210505      0.087270      
221      13.225402      0.087270      
222      13.357186      0.087270      
223      13.498138      0.087270      
224      13.156645      0.087270      
225      12.937196      0.087270      
226      12.344167      0.087270      
227      11.953971      0.087270      
228      11.546013      0.087270      
229      11.470953      0.087270      
230      11.056693      0.087270      
231      11.001687      0.087270      
232      10.915741      0.087270      
233      10.940952      0.087270      
234      10.857297      0.087270      
235      10.790259      0.087270      
236      10.673946      0.087270      
237      10.630399      0.087270      
238      10.530702      0.087270      
239      10.498615      0.087270      
240      10.566799      0.087270      
241      10.544453      0.087270      
242      10.503772      0.087270      
243      10.502053      0.087270      
244      10.375426      0.087270      
245      10.336463      0.087270      
246      9.901003      0.087270      
247      9.212287      0.087270      
248      9.095400      0.087270      
249      8.684577      0.087270      
250      8.267452      0.087270      
251      7.842878      0.087270      
252      7.589623      0.087270      
253      7.244692      0.087270      
254      7.139838      0.087270      
255      6.947318      0.087270      
256      6.682031      0.087270      
257      6.828712      0.087270      
258      6.289543      0.087270      
259      6.140570      0.087270      
260      5.465606      0.087270      
261      5.196307      0.087270      
262      4.966545      0.087270      
263      4.537387      0.087270      
264      4.491549      0.087270      
265      4.345440      0.087270      
266      4.474932      0.087270      
267      4.401592      0.087270      
268      4.337418      0.087270      
269      4.427375      0.087270      
270      3.975298      0.087270      
271      3.817157      0.087270      
272      3.669330      0.087270      
273      3.310075      0.087270      
274      3.339869      0.087270      
275      3.122139      0.087270      
276      3.279134      0.087270      
277      2.866592      0.087270      
278      2.808149      0.087270      
279      2.672354      0.087270      
280      2.680376      0.087270      
281      2.542862      0.087270      
282      2.303931      0.087270      
283      1.944676      0.087270      
284      1.970460      0.087270      
285      1.680535      0.087270      
286      1.616935      0.087270      
287      1.587713      0.087270      
288      1.246220      0.087270      
289      1.243355      0.087270      
290      0.917905      0.087270      
291      0.662359      0.087270      
292      0.371288      0.087270      
293      0.179914      0.087270      
294      0.205125      0.087270      
295      -0.043546      0.087270      
296      0.030368      0.087270      
297      0.029222      0.087270      
298      0.092822      0.087270      
299      0.090530      0.087270      
300      -0.069903      0.087270      
301      -0.207417      0.087270      
302      -0.360974      0.087270      
303      -0.846857      0.087270      
304      -1.113290      0.087270      
305      -1.658762      0.087270      
306      -1.776795      0.087270      
307      -1.802578      0.087270      
308      -2.132039      0.087270      
309      -1.982492      0.087270      
310      -2.311953      0.087270      
311      -2.216839      0.087270      
312      -2.377845      0.087270      
313      -2.720484      0.087270      
314      -2.572656      0.087270      
315      -2.858571      0.087270      
316      -2.874041      0.087270      
317      -2.883782      0.087270      
318      -3.112972      0.087270      
319      -3.250485      0.087270      
320      -3.360497      0.087270      
321      -3.613178      0.087270      
322      -3.535827      0.087270      
323      -3.750119      0.087270      
324      -3.769028      0.087270      
325      -3.824606      0.087270      
326      -4.243451      0.087270      
327      -4.227980      0.087270      
328      -4.615884      0.087270      
329      -4.719020      0.087270      
330      -4.947064      0.087270      
331      -5.375649      0.087270      
332      -5.380805      0.087270      
333      -5.796212      0.087270      
334      -5.881012      0.087270      
335      -6.067802      0.087270      
336      -6.450549      0.087270      
337      -6.368041      0.087270      
338      -6.480917      0.087270      
339      -6.554830      0.087270      
340      -6.621296      0.087270      
341      -6.880853      0.087270      
342      -7.014356      0.087270      
343      -7.312303      0.087270      
344      -7.374757      0.087270      
345      -7.241827      0.087270      
346      -7.575871      0.087270      
347      -7.579882      0.087270      
348      -8.151711      0.087270      
349      -8.217603      0.087270      
350      -8.616393      0.087270      
351      -8.946427      0.087270      
352      -9.026070      0.087270      
353      -9.315996      0.087270      
354      -9.532580      0.087270      
355      -9.448926      0.087270      
356      -9.690148      0.087270      
357      -9.899857      0.087270      
358      -9.891835      0.087270      
359      -10.269998      0.087270      
360      -10.311253      0.087270      
361      -10.484291      0.087270      
362      -10.537005      0.087270      
363      -10.519242      0.087270      
364      -10.829222      0.087270      
365      -10.953557      0.087270      
366      -10.849276      0.087270      
367      -11.107687      0.087270      
368      -11.301353      0.087270      
369      -11.146650      0.087270      
370      -11.689830      0.087270      
371      -11.509916      0.087270      
372      -11.759160      0.087270      
373      -12.012987      0.087270      
374      -12.061690      0.087270      
375      -12.333280      0.087270      
376      -12.383129      0.087270      
377      -12.496005      0.087270      
378      -12.726914      0.087270      
379      -12.702276      0.087270      
380      -12.868439      0.087270      
381      -12.944644      0.087270      
382      -13.046061      0.087270      
383      -13.298170      0.087270      
384      -13.460894      0.087270      
385      -13.847652      0.087270      
386      -14.131848      0.087270      
387      -14.361611      0.087270      
388      -14.501989      0.087270      
389      -14.813688      0.087270      
390      -15.128824      0.087270      
391      -15.252586      0.087270      
392      -15.156900      0.087270      
393      -15.627312      0.087270      
394      -15.767118      0.087270      
395      -15.668566      0.087270      
396      -16.248416      0.087270      
397      -16.220341      0.087270      
398      -16.610536      0.087270      
399      -16.843164      0.087270      
400      -16.966354      0.087270      
401      -17.308993      0.087270      
402      -17.563393      0.087270      
403      -17.962184      0.087270      
404      -18.246952      0.087270      
405      -18.505364      0.087270      
406      -18.987235      0.087270      
407      -19.065160      0.087270      
408      -19.466815      0.087270      
409      -19.411810      0.087270      
410      -19.964730      0.087270      
411      -20.311380      0.087270      
412      -20.298201      0.087270      
413      -20.857998      0.087270      
414      -20.926755      0.087270      
415      -21.236161      0.087270      
416      -21.177718      0.087270      
417      -21.304345      0.087270      
418      -21.624638      0.087270      
419      -21.756422      0.087270      
420      -21.997071      0.087270      
421      -21.909979      0.087270      
422      -22.137450      0.087270      
423      -21.985612      0.087270      
424      -22.027439      0.087270      
425      -22.186153      0.087270      
426      -22.142034      0.087270      
427      -22.485819      0.087270      
428      -22.994047      0.087270      
429      -23.058221      0.087270      
430      -23.640363      0.087270      
431      -24.079834      0.087270      
432      -24.358873      0.087270      
433      -24.949610      0.087270      
434      -25.201719      0.087270      
435      -25.489925      0.087270      
436      -25.658380      0.087270      
437      -25.728856      0.087270      
438      -26.054305      0.087270      
439      -26.266306      0.087270      
440      -26.734426      0.087270      
441      -26.796307      0.087270      
442      -26.932675      0.087270      
443      -27.267293      0.087270      
444      -27.174471      0.087270      
445      -27.224320      0.087270      
446      -27.227184      0.087270      
447      -27.305109      0.087270      
448      -27.306255      0.087270      
449      -27.548050      0.087270      
450      -27.496483      0.087270      
451      -26.981378      0.087270      
452      -26.733280      0.087270      
453      -24.891167      0.087270      
454      -24.720993      0.087270      
455      -24.159478      0.087270      
456      -23.230686      0.087270      
457      -22.491549      0.087270      
458      -21.472227      0.087270      
459      -19.502913      0.087270      
460      -18.803883      0.087270      
461      -17.133089      0.087270      
462      -16.169346      0.087270      
463      -15.807226      0.087270      
464      -14.633201      0.087270      
465      -13.186440      0.087270      
466      -12.234729      0.087270      
467      -11.638262      0.087270      
468      -11.005125      0.087270      
469      -10.226452      0.087270      
470      -9.559510      0.087270      
471      -8.575712      0.087270      
472      -7.865224      0.087270      
473      -7.330638      0.087270      
474      -6.688334      0.087270      
475      -4.990037      0.087270      
476      -3.708292      0.087270      
477      -2.585835      0.087270      
478      -1.804297      0.087270      
479      -1.022760      0.087270      
480      0.096833      0.087270      
481      1.310966      0.087270      
482      3.846379      0.087270      
483      4.685214      0.087270      
484      5.446124      0.087270      
485      6.221932      0.087270      
486      7.383925      0.087270      
487      8.321311      0.087270      
488      9.366417      0.087270      
489      10.534713      0.087270      
490      11.334585      0.087270      
491      12.766449      0.087270      
492      13.809836      0.087270      
493      14.716282      0.087270      
494      15.207894      0.087270      
495      16.018654      0.087270      
496      16.794461      0.087270      
497      18.489320      0.087270      
498      19.067452      0.087270      
499      19.538437      0.087270      
500      20.600732      0.087270      
501      21.088907      0.087270      
502      22.085883      0.087270      
503      24.026548      0.087270      
504      24.844756      0.087270      
505      25.885851      0.087270      
506      26.912048      0.087270      
507      27.960019      0.087270      
508      28.940952      0.087270      
509      29.901257      0.087270      
510      31.440840      0.087270      
511      33.384371      0.087270      
512      34.126373      0.087270      
513      35.233360      0.087270      
514      36.122617      0.087270      
515      37.360815      0.087270      
516      39.386280      0.087270      
517      40.203342      0.087270      
518      40.735636      0.087270      
519      41.047334      0.087270      
520      42.311889      0.087270      
521      43.375330      0.087270      
522      43.893872      0.087270      
523      44.240522      0.087270      
524      44.654783      0.087270      
525      44.958459      0.087270      
526      45.326309      0.087270      
527      45.932516      0.087270      
528      46.291198      0.087270      
529      46.764476      0.087270      
530      47.409072      0.087270      
531      48.340729      0.087270      
532      49.198472      0.087270      
533      49.927296      0.087270      
534      50.481362      0.087270      
535      50.986726      0.087270      
536      52.018654      0.087270      
537      52.672991      0.087270      
538      52.976094      0.087270      
539      53.860194      0.087270      
540      54.341493      0.087270      
541      54.684705      0.087270      
542      55.335031      0.087270      
543      55.569378      0.087270      
544      56.148655      0.087270      
545      56.769187      0.087270      
546      57.263091      0.087270      
547      57.697406      0.087270      
548      59.116664      0.087270      
549      60.292981      0.087270      
550      60.921534      0.087270      
551      61.989559      0.087270      
552      62.916059      0.087270      
553      63.530288      0.087270      
554      64.023046      0.087270      
555      65.113417      0.087270      
556      65.597581      0.087270      
557      66.281140      0.087270      
558      67.129715      0.087270      
559      67.985739      0.087270      
560      69.177527      0.087270      
561      70.106892      0.087270      
562      70.675283      0.087270      
563      71.451090      0.087270      
564      71.927805      0.087270      
565      72.576986      0.087270      
566      73.092090      0.087270      
567      73.583129      0.087270      
568      74.495305      0.087270      
