44      0.010760      1637778713088      
45      0.016610      1637778713120      
46      0.012880      1637778713154      
47      0.013650      1637778713203      
48      0.015240      1637778713243      
49      0.019370      1637778713270      
50      0.013000      1637778713307      
51      0.001710      1637778713336      
52      0.012910      1637778713357      
53      0.012470      1637778713388      
54      0.008960      1637778713435      
55      0.010460      1637778713476      
56      0.015960      1637778713497      
57      0.014320      1637778713528      
58      0.005330      1637778713562      
59      0.015430      1637778713592      
60      0.009660      1637778713624      
61      0.004810      1637778713660      
62      0.007680      1637778713690      
63      0.005200      1637778713737      
64      0.011400      1637778713765      
65      0.006960      1637778713795      
66      0.005580      1637778713825      
67      0.008810      1637778713859      
68      0.007360      1637778713894      
69      0.005730      1637778713939      
70      0.005030      1637778713967      
71      0.007190      1637778713997      
72      0.008810      1637778714033      
73      0.003120      1637778714069      
74      0.007100      1637778714105      
75      0.007970      1637778714124      
76      0.010500      1637778714154      
77      0.008960      1637778714187      
78      0.011100      1637778714221      
79      0.008240      1637778714271      
80      0.014000      1637778714308      
81      0.012460      1637778714328      
82      0.007940      1637778714362      
83      0.017200      1637778714394      
84      0.010530      1637778714426      
85      0.004970      1637778714457      
86      0.013970      1637778714491      
87      0.014430      1637778714539      
88      0.013490      1637778714574      
89      0.015230      1637778714610      
90      0.012830      1637778714630      
91      0.005820      1637778714672      
92      0.009820      1637778714705      
93      0.013600      1637778714724      
94      0.012550      1637778714756      
95      0.005700      1637778714788      
96      0.007600      1637778714836      
97      0.023570      1637778714863      
98      0.008210      1637778714906      
99      0.004220      1637778714939      
100      0.006480      1637778714960      
101      0.004390      1637778714992      
102      0.008080      1637778715024      
103      0.006580      1637778715057      
104      0.000580      1637778715093      
105      0.001920      1637778715140      
106      0.009780      1637778715169      
107      0.003310      1637778715199      
108      0.005580      1637778715229      
109      0.003950      1637778715261      
110      0.001590      1637778715296      
111      0.005360      1637778715331      
112      0.007090      1637778715361      
113      0.004070      1637778715409      
114      0.007330      1637778715438      
115      0.003770      1637778715463      
116      0.006110      1637778715501      
117      0.005570      1637778715529      
118      0.008910      1637778715561      
119      0.009280      1637778715592      
120      0.007170      1637778715641      
121      0.007670      1637778715670      
122      0.012150      1637778715705      
123      0.003340      1637778715732      
124      0.011730      1637778715759      
125      0.009730      1637778715792      
126      0.014340      1637778715824      
127      0.008280      1637778715856      
128      0.006230      1637778715911      
129      0.005810      1637778715941      
130      0.009770      1637778715969      
131      0.005250      1637778715997      
132      0.010240      1637778716029      
133      0.009420      1637778716066      
134      0.009290      1637778716093      
135      0.003810      1637778716132      
136      0.008390      1637778716158      
137      0.005270      1637778716190      
138      0.010590      1637778716238      
139      0.014290      1637778716270      
140      0.008400      1637778716302      
141      0.002200      1637778716337      
142      0.006090      1637778716362      
143      0.004660      1637778716392      
144      0.006460      1637778716424      
145      0.008120      1637778716475      
146      0.020800      1637778716505      
147      0.003100      1637778716542      
148      0.003080      1637778716563      
149      0.009090      1637778716597      
150      0.013340      1637778716628      
151      0.010700      1637778716661      
152      0.021580      1637778716693      
153      0.010820      1637778716728      
154      0.006530      1637778716781      
155      0.018430      1637778716811      
156      0.014390      1637778716837      
157      0.009660      1637778716865      
158      0.022780      1637778716898      
159      0.020340      1637778716930      
160      0.006080      1637778716972      
161      0.002400      1637778716998      
162      0.000550      1637778717041      
163      0.004340      1637778717073      
164      0.009600      1637778717105      
165      0.007050      1637778717139      
166      0.006050      1637778717183      
167      0.004040      1637778717216      
168      0.005290      1637778717248      
169      0.001240      1637778717286      
170      0.005450      1637778717313      
171      0.007130      1637778717346      
172      0.003520      1637778717386      
173      0.007930      1637778717411      
174      0.008100      1637778717440      
175      0.002180      1637778717470      
176      0.001240      1637778717505      
177      0.000710      1637778717530      
178      0.003240      1637778717564      
179      0.001750      1637778717596      
180      0.000260      1637778717629      
181      0.004030      1637778717661      
182      0.006740      1637778717708      
183      0.002140      1637778717740      
184      0.009310      1637778717774      
185      0.003800      1637778717805      
186      0.005350      1637778717831      
187      0.003280      1637778717863      
188      0.001850      1637778717896      
189      0.004260      1637778717929      
190      0.000080      1637778717960      
191      0.004010      1637778717998      
192      0.007390      1637778718028      
193      0.007020      1637778718055      
194      0.007270      1637778718087      
195      0.005050      1637778718119      
196      0.004420      1637778718162      
197      0.012660      1637778718206      
198      0.008550      1637778718237      
199      0.001460      1637778718264      
200      0.002490      1637778718303      
201      0.003890      1637778718325      
202      0.000480      1637778718355      
203      -0.000440      1637778718391      
204      -0.001280      1637778718432      
205      0.002730      1637778718463      
206      -0.000360      1637778718494      
207      0.001370      1637778718528      
208      0.000470      1637778718562      
209      0.002620      1637778718597      
210      0.004980      1637778718629      
211      0.002330      1637778718656      
212      0.001520      1637778718689      
213      0.009340      1637778718719      
214      0.001850      1637778718762      
215      0.005190      1637778718797      
216      0.005710      1637778718834      
217      0.001700      1637778718860      
218      0.006510      1637778718892      
219      0.006270      1637778718924      
220      0.003070      1637778718954      
221      0.006210      1637778719002      
222      0.006340      1637778719031      
223      0.002600      1637778719063      
224      0.007660      1637778719096      
225      0.003120      1637778719128      
226      0.005130      1637778719158      
227      0.010630      1637778719190      
228      0.007170      1637778719226      
229      0.001250      1637778719254      
230      0.005170      1637778719297      
231      0.009680      1637778719329      
232      0.002620      1637778719362      
233      0.004150      1637778719394      
234      0.013100      1637778719433      
235      0.004100      1637778719458      
236      0.001050      1637778719488      
237      0.009160      1637778719520      
238      0.003720      1637778719553      
239      0.000080      1637778719597      
240      0.002880      1637778719630      
241      -0.000130      1637778719669      
242      -0.001080      1637778719704      
243      -0.001340      1637778719729      
244      0.003700      1637778719762      
245      0.000960      1637778719791      
246      0.000630      1637778719828      
247      0.001140      1637778719856      
248      0.002730      1637778719892      
249      0.019210      1637778719919      
250      0.011720      1637778719963      
251      0.005650      1637778719996      
252      0.029680      1637778720034      
253      0.010230      1637778720065      
254      0.004040      1637778720096      
255      -0.001450      1637778720127      
256      -0.001070      1637778720162      
257      0.000140      1637778720191      
258      0.001130      1637778720220      
259      0.001220      1637778720272      
260      0.003660      1637778720297      
261      0.002770      1637778720330      
262      0.003880      1637778720363      
263      0.002610      1637778720394      
264      0.005570      1637778720424      
265      0.012480      1637778720462      
266      0.004140      1637778720488      
267      0.005230      1637778720532      
268      0.018380      1637778720564      
269      -0.001680      1637778720597      
270      0.000760      1637778720636      
271      0.004750      1637778720673      
272      -0.000890      1637778720699      
273      -0.000450      1637778720725      
274      0.003930      1637778720756      
275      0.004630      1637778720790      
276      0.000950      1637778720831      
277      0.012510      1637778720873      
278      0.001400      1637778720897      
279      -0.001150      1637778720928      
280      0.011050      1637778720959      
281      0.006060      1637778720991      
282      -0.001560      1637778721024      
283      0.009720      1637778721059      
284      0.009880      1637778721104      
285      0.000510      1637778721132      
286      0.005900      1637778721163      
287      0.002080      1637778721196      
288      0.000960      1637778721232      
289      0.004220      1637778721261      
290      0.006230      1637778721295      
291      0.002830      1637778721335      
292      0.004630      1637778721364      
293      0.009410      1637778721396      
294      0.001200      1637778721430      
295      0.012000      1637778721463      
296      0.008570      1637778721498      
297      0.003140      1637778721524      
298      -0.003470      1637778721556      
299      0.002150      1637778721590      
300      0.001240      1637778721632      
301      0.007780      1637778721671      
302      0.003030      1637778721706      
303      0.000770      1637778721734      
304      0.001020      1637778721766      
305      0.010370      1637778721794      
306      -0.000060      1637778721825      
307      0.001700      1637778721858      
308      0.006480      1637778721889      
309      0.000360      1637778721936      
310      0.003970      1637778721968      
311      0.003960      1637778722001      
312      0.020060      1637778722030      
313      0.010590      1637778722063      
314      -0.000840      1637778722107      
315      0.002200      1637778722135      
316      0.002860      1637778722159      
317      0.004710      1637778722189      
318      0.008460      1637778722222      
319      0.004370      1637778722268      
320      0.023620      1637778722306      
321      -0.006780      1637778722330      
322      0.009530      1637778722360      
323      0.006920      1637778722394      
324      -0.003710      1637778722427      
325      -0.015350      1637778722458      
326      -0.001560      1637778722498      
327      -0.006340      1637778722528      
328      -0.007710      1637778722569      
329      -0.002200      1637778722601      
330      -0.009010      1637778722634      
331      -0.007420      1637778722663      
332      -0.011760      1637778722705      
333      -0.007900      1637778722754      
334      -0.040260      1637778722774      
335      -0.023190      1637778722799      
336      -0.009160      1637778722823      
337      -0.033160      1637778722855      
338      -0.040360      1637778722910      
339      -0.033570      1637778722934      
340      -0.023160      1637778722963      
341      -0.048380      1637778722997      
342      -0.028150      1637778723032      
343      -0.041310      1637778723061      
344      -0.031220      1637778723094      
345      -0.037980      1637778723135      
346      -0.034640      1637778723156      
347      -0.033960      1637778723201      
348      -0.060340      1637778723234      
349      -0.046760      1637778723264      
350      -0.041320      1637778723297      
351      -0.030790      1637778723342      
352      -0.020300      1637778723362      
353      -0.052320      1637778723395      
354      -0.032240      1637778723426      
355      -0.018310      1637778723460      
356      -0.011880      1637778723489      
357      -0.021380      1637778723544      
358      -0.054690      1637778723569      
359      -0.025350      1637778723598      
360      -0.023950      1637778723629      
361      -0.022600      1637778723663      
362      -0.021370      1637778723695      
363      -0.017060      1637778723729      
364      -0.027670      1637778723769      
365      -0.025810      1637778723790      
366      -0.034170      1637778723837      
367      -0.035140      1637778723869      
368      -0.028240      1637778723901      
369      -0.031930      1637778723937      
370      -0.026960      1637778723968      
371      -0.013860      1637778723996      
372      -0.023500      1637778724025      
373      -0.018580      1637778724072      
374      -0.019090      1637778724104      
375      -0.011790      1637778724141      
376      -0.024130      1637778724174      
377      -0.013140      1637778724201      
378      -0.012400      1637778724230      
379      -0.018380      1637778724262      
380      -0.008810      1637778724296      
381      -0.005980      1637778724336      
382      -0.015020      1637778724376      
383      -0.019230      1637778724409      
384      -0.017330      1637778724438      
385      -0.012240      1637778724471      
386      -0.029790      1637778724503      
387      -0.025560      1637778724540      
388      -0.011190      1637778724564      
389      -0.036920      1637778724595      
390      -0.036150      1637778724644      
391      -0.019350      1637778724674      
392      -0.012340      1637778724706      
393      -0.024770      1637778724741      
394      -0.027150      1637778724778      
395      -0.010800      1637778724802      
396      -0.023810      1637778724834      
397      -0.030990      1637778724878      
398      -0.016000      1637778724911      
399      -0.007580      1637778724932      
400      -0.002150      1637778724963      
401      -0.002770      1637778724999      
402      -0.006100      1637778725022      
403      -0.010640      1637778725053      
404      -0.013540      1637778725081      
