47      0.427191      0.020702      0.127799      1.322500      -1.009990      1.006153      
48      0.428721      0.021042      0.127549      1.329736      -0.995793      0.991929      
49      0.430411      0.021362      0.127069      1.332361      -0.990582      0.986708      
50      0.432051      0.021722      0.126349      1.334704      -0.985904      0.982021      
51      0.432871      0.021912      0.125909      1.336754      -0.981789      0.977898      
52      0.434561      0.022302      0.124959      1.341474      -0.972233      0.968325      
53      0.436121      0.022782      0.123909      1.343939      -0.967200      0.963282      
54      0.437581      0.023522      0.122949      1.345290      -0.964429      0.960506      
55      0.439171      0.024302      0.122029      1.349628      -0.955463      0.951524      
56      0.440781      0.025002      0.121119      1.353641      -0.947080      0.943126      
57      0.443251      0.026042      0.119539      1.356845      -0.940326      0.936359      
58      0.444631      0.026912      0.118459      1.359260      -0.935194      0.931218      
59      0.446051      0.027552      0.117579      1.361181      -0.931091      0.927108      
60      0.446741      0.027882      0.117249      1.362480      -0.928304      0.924316      
61      0.447921      0.028732      0.116649      1.366323      -0.920000      0.915997      
62      0.449241      0.029482      0.116229      1.369607      -0.912835      0.908819      
63      0.450781      0.029862      0.115889      1.372582      -0.906288      0.902261      
64      0.452421      0.030182      0.115489      1.375724      -0.899312      0.895273      
65      0.454051      0.030492      0.115339      1.378093      -0.894012      0.889964      
66      0.456491      0.030662      0.114999      1.381682      -0.885912      0.881850      
67      0.457981      0.030942      0.114919      1.384415      -0.879685      0.875613      
68      0.459411      0.031022      0.114979      1.387781      -0.871949      0.867864      
69      0.460121      0.031112      0.114999      1.389951      -0.866919      0.862825      
70      0.461581      0.031392      0.114969      1.392039      -0.862046      0.857944      
71      0.463131      0.031522      0.114839      1.394490      -0.856288      0.852176      
72      0.464631      0.031672      0.114639      1.397382      -0.849437      0.845314      
73      0.466231      0.031832      0.114319      1.400299      -0.842461      0.838327      
74      0.467751      0.031892      0.113889      1.402447      -0.837282      0.833139      
75      0.469731      0.032192      0.113039      1.408071      -0.823550      0.819385      
76      0.471041      0.032492      0.112569      1.410278      -0.818088      0.813915      
77      0.472281      0.032682      0.112009      1.414167      -0.808367      0.804179      
78      0.473391      0.032972      0.111569      1.418348      -0.797767      0.793562      
79      0.474021      0.033102      0.111299      1.419854      -0.793911      0.789700      
80      0.475261      0.033242      0.110739      1.423831      -0.783622      0.779395      
81      0.476381      0.033472      0.110169      1.428801      -0.770551      0.766304      
82      0.477521      0.033632      0.109599      1.433263      -0.758604      0.754340      
83      0.478561      0.033822      0.108949      1.437606      -0.746771      0.742489      
84      0.480051      0.033962      0.108109      1.444879      -0.726484      0.722173      
85      0.481231      0.033862      0.107779      1.448472      -0.716227      0.711901      
86      0.482201      0.033762      0.107509      1.452080      -0.705763      0.701423      
87      0.483321      0.033582      0.107439      1.455055      -0.697010      0.692658      
88      0.483891      0.033492      0.107389      1.456024      -0.694130      0.689774      
89      0.484971      0.033302      0.107249      1.459935      -0.682382      0.678009      
90      0.486091      0.033122      0.107169      1.463052      -0.672861      0.668476      
91      0.487271      0.032912      0.107029      1.465076      -0.666599      0.662206      
92      0.488301      0.032852      0.106829      1.468797      -0.654917      0.650508      
93      0.489241      0.032762      0.106439      1.470977      -0.647969      0.643551      
94      0.490611      0.032612      0.105699      1.475379      -0.633687      0.629251      
95      0.491481      0.032522      0.105289      1.479834      -0.618876      0.614421      
96      0.492301      0.032512      0.104759      1.484576      -0.602684      0.598210      
97      0.492651      0.032602      0.104449      1.486076      -0.597467      0.592986      
98      0.493301      0.032842      0.103859      1.488472      -0.589028      0.584536      
99      0.493911      0.033012      0.103259      1.491377      -0.578624      0.574121      
100      0.494531      0.033252      0.102649      1.494962      -0.565503      0.560983      
101      0.495171      0.033422      0.102019      1.496757      -0.558811      0.554284      
102      0.495981      0.033722      0.101059      1.499973      -0.546608      0.542067      
103      0.496461      0.034002      0.100479      1.501304      -0.541471      0.536924      
104      0.496841      0.034172      0.099869      1.502327      -0.537489      0.532938      
105      0.497121      0.034412      0.099239      1.504824      -0.527636      0.523074      
106      0.497371      0.034582      0.098699      1.506288      -0.521772      0.517203      
107      0.497521      0.034642      0.098439      1.506987      -0.518944      0.514373      
108      0.497771      0.034762      0.097809      1.509155      -0.510079      0.505497      
109      0.498051      0.034822      0.097179      1.511183      -0.501637      0.497047      
110      0.498221      0.034872      0.096719      1.511924      -0.498512      0.493918      
111      0.498321      0.034882      0.096239      1.512804      -0.494779      0.490182      
112      0.498371      0.034882      0.095569      1.513370      -0.492361      0.487761      
113      0.498521      0.034712      0.095159      1.513250      -0.492874      0.488274      
114      0.498601      0.034512      0.094719      1.514496      -0.487515      0.482910      
115      0.498751      0.034312      0.094279      1.515145      -0.484699      0.480091      
116      0.498801      0.034222      0.094049      1.515614      -0.482653      0.478043      
117      0.498871      0.034122      0.093429      1.517166      -0.475821      0.471204      
118      0.498891      0.034042      0.092749      1.518745      -0.468762      0.464138      
119      0.498951      0.034002      0.092179      1.520290      -0.461748      0.457116      
120      0.498931      0.034012      0.091129      1.522011      -0.453797      0.449157      
121      0.498931      0.034012      0.090449      1.522666      -0.450736      0.446093      
122      0.499011      0.033932      0.089679      1.523224      -0.448111      0.443466      
123      0.499151      0.033802      0.088989      1.524142      -0.443756      0.439106      
124      0.499201      0.033782      0.088709      1.524214      -0.443413      0.438763      
125      0.499361      0.033662      0.088099      1.524402      -0.442517      0.437866      
126      0.499511      0.033522      0.087629      1.525311      -0.438146      0.433491      
127      0.499551      0.033492      0.087289      1.525746      -0.436042      0.431385      
128      0.499701      0.033392      0.087039      1.525882      -0.435379      0.430722      
129      0.499881      0.033242      0.086759      1.527481      -0.427530      0.422865      
130      0.499951      0.033232      0.086679      1.528911      -0.420389      0.415717      
131      0.500021      0.033262      0.086479      1.530580      -0.411888      0.407209      
132      0.500061      0.033382      0.086329      1.532290      -0.402988      0.398300      
133      0.500101      0.033532      0.085959      1.532998      -0.399243      0.394551      
134      0.500161      0.033562      0.085659      1.533386      -0.397175      0.392482      
135      0.500301      0.033602      0.085209      1.533462      -0.396769      0.392075      
136      0.500431      0.033622      0.084889      1.535036      -0.388254      0.383553      
137      0.500601      0.033602      0.084479      1.536083      -0.382486      0.377779      
138      0.500821      0.033632      0.083979      1.536607      -0.379566      0.374857      
139      0.500991      0.033662      0.083589      1.537621      -0.373850      0.369137      
140      0.501221      0.033662      0.083329      1.538044      -0.371437      0.366721      
141      0.501461      0.033672      0.082849      1.538443      -0.369149      0.364431      
142      0.501631      0.033652      0.082449      1.539352      -0.363877      0.359155      
143      0.501741      0.033632      0.082329      1.539800      -0.361253      0.356528      
144      0.501881      0.033652      0.082129      1.540794      -0.355354      0.350625      
145      0.501971      0.033672      0.081839      1.542048      -0.347767      0.343031      
146      0.501991      0.033672      0.081789      1.542231      -0.346642      0.341905      
147      0.502021      0.033622      0.081719      1.542781      -0.343250      0.338511      
148      0.502051      0.033502      0.081729      1.543685      -0.337599      0.332855      
149      0.502081      0.033362      0.081739      1.544825      -0.330337      0.325587      
150      0.502061      0.033222      0.081819      1.545706      -0.324606      0.319851      
151      0.502031      0.033152      0.081889      1.546209      -0.321290      0.316533      
152      0.502031      0.033002      0.081889      1.547825      -0.310396      0.305630      
153      0.502051      0.032782      0.081869      1.549519      -0.298536      0.293761      
154      0.502081      0.032482      0.081869      1.550554      -0.291055      0.286274      
155      0.502151      0.032262      0.081929      1.551580      -0.283440      0.278654      
156      0.502191      0.032062      0.081959      1.552831      -0.273867      0.269074      
157      0.502171      0.031942      0.081909      1.554066      -0.264072      0.259272      
158      0.502101      0.031912      0.081839      1.554526      -0.260337      0.255534      
159      0.502091      0.031912      0.081779      1.554536      -0.260251      0.255448      
160      0.502091      0.031912      0.081759      1.554686      -0.259021      0.254218      
161      0.502031      0.031902      0.081779      1.555308      -0.253845      0.249038      
162      0.502021      0.031922      0.081789      1.555776      -0.249882      0.245072      
163      0.501991      0.031912      0.081769      1.556062      -0.247430      0.242618      
164      0.501871      0.031932      0.081699      1.556631      -0.242472      0.237657      
165      0.501851      0.031912      0.081679      1.556645      -0.242346      0.237531      
166      0.501771      0.031882      0.081659      1.557133      -0.238014      0.233196      
167      0.501731      0.031842      0.081609      1.558019      -0.229929      0.225105      
168      0.501731      0.031812      0.081619      1.558341      -0.226928      0.222102      
169      0.501611      0.031792      0.081579      1.559328      -0.217446      0.212614      
170      0.501371      0.031902      0.081309      1.559297      -0.217751      0.212920      
171      0.501091      0.031962      0.081079      1.559150      -0.219185      0.214355      
172      0.500881      0.031972      0.080909      1.559202      -0.218676      0.213845      
173      0.500691      0.031962      0.080809      1.559233      -0.218378      0.213547      
174      0.500481      0.031912      0.080669      1.559465      -0.216098      0.211265      
175      0.500141      0.031892      0.080309      1.559819      -0.212571      0.207736      
176      0.499761      0.031842      0.080119      1.560006      -0.210682      0.205846      
177      0.499571      0.031812      0.080009      1.560197      -0.208746      0.203909      
178      0.499201      0.031742      0.079699      1.560240      -0.208299      0.203462      
179      0.498891      0.031642      0.079659      1.560790      -0.202592      0.197752      
180      0.498571      0.031532      0.079399      1.561430      -0.195733      0.190888      
181      0.498471      0.031482      0.079389      1.562022      -0.189170      0.184322      
182      0.498451      0.031462      0.079319      1.562862      -0.179447      0.174593      
183      0.498431      0.031482      0.079259      1.563796      -0.167990      0.163128      
184      0.498411      0.031552      0.079299      1.564440      -0.159597      0.154731      
185      0.498401      0.031682      0.079189      1.564450      -0.159471      0.154606      
186      0.498361      0.031722      0.079139      1.564417      -0.159911      0.155045      
187      0.498291      0.031782      0.079089      1.564571      -0.157848      0.152981      
188      0.498241      0.031802      0.079109      1.565066      -0.151007      0.146137      
189      0.498211      0.031812      0.079229      1.565258      -0.148285      0.143413      
190      0.498211      0.031862      0.079239      1.565481      -0.145037      0.140164      
191      0.498201      0.031912      0.079209      1.565557      -0.143915      0.139041      
192      0.498181      0.032032      0.079309      1.565656      -0.142448      0.137573      
193      0.498181      0.032112      0.079279      1.565834      -0.139765      0.134889      
194      0.498161      0.032182      0.079289      1.565872      -0.139185      0.134308      
195      0.498141      0.032192      0.079229      1.566099      -0.135670      0.130791      
196      0.498111      0.032182      0.079169      1.566255      -0.133198      0.128318      
197      0.498091      0.032202      0.079309      1.566582      -0.127870      0.122988      
198      0.498101      0.032182      0.079299      1.566782      -0.124496      0.119612      
199      0.498071      0.032192      0.079409      1.566745      -0.125132      0.120248      
200      0.498081      0.032212      0.079429      1.567058      -0.119686      0.114799      
201      0.498091      0.032212      0.079429      1.567178      -0.117535      0.112648      
202      0.498131      0.032222      0.079459      1.567139      -0.118249      0.113362      
203      0.498121      0.032352      0.079549      1.567448      -0.112552      0.107662      
204      0.498131      0.032442      0.079579      1.567500      -0.111579      0.106688      
205      0.498161      0.032532      0.079629      1.567483      -0.111901      0.107010      
206      0.498141      0.032612      0.079639      1.567483      -0.111901      0.107010      
207      0.498151      0.032792      0.079669      1.567377      -0.113894      0.109004      
208      0.498151      0.032882      0.079679      1.567311      -0.115118      0.110229      
209      0.498121      0.032932      0.079649      1.567346      -0.114467      0.109578      
210      0.498111      0.032892      0.079719      1.567400      -0.113462      0.108573      
211      0.498131      0.032862      0.079749      1.567337      -0.114632      0.109743      
212      0.498131      0.032832      0.079749      1.567340      -0.114577      0.109688      
213      0.498131      0.032822      0.079769      1.567371      -0.114004      0.109114      
214      0.498081      0.032842      0.079719      1.567328      -0.114796      0.109907      
215      0.498051      0.032852      0.079969      1.567486      -0.111846      0.106955      
216      0.497991      0.032922      0.080189      1.567586      -0.109931      0.105039      
217      0.497981      0.032992      0.080239      1.567695      -0.107804      0.102911      
218      0.498101      0.033022      0.080619      1.568013      -0.101337      0.096441      
219      0.498261      0.033052      0.080689      1.568349      -0.094060      0.089162      
220      0.498311      0.033102      0.080739      1.568477      -0.091133      0.086233      
221      0.498341      0.033172      0.080809      1.568537      -0.089720      0.084819      
222      0.498401      0.033212      0.080859      1.568730      -0.085049      0.080146      
223      0.498471      0.033212      0.080939      1.568848      -0.082074      0.077170      
224      0.498471      0.033272      0.080949      1.568928      -0.079986      0.075081      
225      0.498471      0.033272      0.080999      1.568964      -0.079028      0.074123      
226      0.498551      0.033252      0.081049      1.569017      -0.077607      0.072701      
227      0.498551      0.033272      0.081079      1.569132      -0.074428      0.069521      
228      0.498561      0.033292      0.081049      1.569132      -0.074412      0.069505      
229      0.498591      0.033292      0.081049      1.569089      -0.075637      0.070730      
230      0.498591      0.033292      0.081039      1.569128      -0.074530      0.069623      
231      0.498591      0.033292      0.081079      1.569162      -0.073564      0.068657      
232      0.498621      0.033282      0.081009      1.569165      -0.073470      0.068562      
233      0.498651      0.033292      0.081089      1.569269      -0.070432      0.065523      
234      0.498711      0.033342      0.081219      1.569256      -0.070809      0.065900      
235      0.498721      0.033392      0.081149      1.569258      -0.070770      0.065861      
236      0.498731      0.033442      0.081109      1.569235      -0.071445      0.066536      
237      0.498761      0.033472      0.081069      1.569212      -0.072120      0.067212      
238      0.498801      0.033472      0.081079      1.569187      -0.072834      0.067926      
239      0.498801      0.033502      0.081069      1.569244      -0.071186      0.066277      
240      0.498781      0.033522      0.081089      1.569245      -0.071139      0.066230      
241      0.498831      0.033512      0.081179      1.569362      -0.067598      0.062688      
242      0.498851      0.033532      0.081209      1.569426      -0.065588      0.060677      
243      0.498941      0.033532      0.081269      1.569480      -0.063822      0.058910      
244      0.499151      0.033462      0.081409      1.569519      -0.062526      0.057614      
245      0.499281      0.033452      0.081469      1.569566      -0.060940      0.056027      
246      0.499341      0.033462      0.081529      1.569605      -0.059590      0.054676      
247      0.499381      0.033482      0.081529      1.569679      -0.056929      0.052014      
248      0.499341      0.033562      0.081519      1.569861      -0.049807      0.044890      
249      0.499391      0.033532      0.081599      1.569868      -0.049509      0.044591      
250      0.499531      0.033512      0.081579      1.569909      -0.047758      0.042840      
251      0.499581      0.033502      0.081579      1.569979      -0.044618      0.039698      
252      0.499621      0.033522      0.081579      1.570042      -0.041547      0.036627      
253      0.499661      0.033532      0.081489      1.570043      -0.041500      0.036580      
254      0.499671      0.033532      0.081479      1.570109      -0.038116      0.033194      
255      0.499701      0.033492      0.081489      1.570196      -0.033067      0.028144      
256      0.499811      0.033412      0.081569      1.570240      -0.030272      0.025347      
257      0.499861      0.033382      0.081609      1.570252      -0.029424      0.024499      
258      0.500001      0.033352      0.081639      1.570299      -0.026024      0.021098      
259      0.500141      0.033332      0.081729      1.570350      -0.021674      0.016746      
260      0.500291      0.033272      0.081799      1.570388      -0.017881      0.012952      
261      0.500451      0.033202      0.081829      1.570378      -0.018957      0.014028      
262      0.500581      0.033172      0.081819      1.570394      -0.017222      0.012292      
263      0.500621      0.033222      0.081769      1.570403      -0.016209      0.011279      
264      0.500671      0.033282      0.081479      1.570401      -0.016444      0.011514      
265      0.500681      0.033302      0.081399      1.570415      -0.014709      0.009779      
266      0.500811      0.033202      0.081539      1.570408      -0.015549      0.010619      
267      0.500871      0.033172      0.081549      1.570415      -0.014685      0.009755      
268      0.500981      0.033082      0.081539      1.570409      -0.015447      0.010517      
269      0.500981      0.033072      0.081549      1.570409      -0.015455      0.010525      
270      0.500981      0.033052      0.081549      1.570400      -0.016562      0.011632      
271      0.501001      0.033012      0.081529      1.570401      -0.016491      0.011562      
272      0.500981      0.032992      0.081579      1.570400      -0.016515      0.011585      
273      0.501061      0.032922      0.081609      1.570406      -0.015785      0.010855      
274      0.501131      0.032862      0.081659      1.570426      -0.013264      0.008333      
275      0.501131      0.032882      0.081709      1.570425      -0.013350      0.008420      
276      0.501131      0.032862      0.081609      1.570422      -0.013814      0.008883      
277      0.501151      0.032832      0.081609      1.570421      -0.013869      0.008938      
278      0.501251      0.032752      0.081679      1.570430      -0.012644      0.007713      
279      0.501331      0.032712      0.081729      1.570445      -0.010131      0.005199      
280      0.501401      0.032662      0.081739      1.570463      -0.006432      0.001499      
281      0.501421      0.032632      0.081729      1.570473      -0.003119      -0.001816      
282      0.501471      0.032602      0.081759      1.570476      -0.001634      -0.003300      
283      0.501551      0.032582      0.081779      1.570477      0.004687      -0.009624      
284      0.501671      0.032522      0.081709      1.570477      0.003941      -0.008877      
285      0.501701      0.032512      0.081639      1.570477      0.003980      -0.008917      
286      0.501701      0.032512      0.081629      1.570475      0.005621      -0.010558      
287      0.501711      0.032482      0.081649      1.570474      0.006124      -0.011061      
288      0.501751      0.032472      0.081609      1.570474      0.006148      -0.011085      
289      0.501731      0.032482      0.081599      1.570470      0.007789      -0.012726      
290      0.501751      0.032452      0.081599      1.570469      0.008362      -0.013300      
291      0.501681      0.032472      0.081609      1.570447      0.013537      -0.018476      
292      0.501611      0.032482      0.081519      1.570450      0.012901      -0.017840      
293      0.501531      0.032452      0.081369      1.570442      0.014464      -0.019403      
294      0.501481      0.032442      0.081329      1.570433      0.015822      -0.020762      
295      0.501381      0.032442      0.081259      1.570414      0.018594      -0.023535      
296      0.501341      0.032442      0.081119      1.570418      0.017974      -0.022914      
297      0.501311      0.032432      0.080979      1.570393      0.021083      -0.026025      
298      0.501271      0.032432      0.080929      1.570391      0.021287      -0.026229      
299      0.501281      0.032412      0.080859      1.570374      0.023078      -0.028020      
300      0.501271      0.032432      0.080879      1.570374      0.023062      -0.028004      
301      0.501181      0.032482      0.080719      1.570381      0.022418      -0.027360      
302      0.501151      0.032502      0.080709      1.570362      0.024326      -0.029269      
303      0.501121      0.032522      0.080709      1.570355      0.024915      -0.029858      
304      0.501101      0.032512      0.080659      1.570360      0.024429      -0.029371      
305      0.501091      0.032502      0.080669      1.570323      0.027797      -0.032741      
306      0.501091      0.032462      0.080679      1.570258      0.032729      -0.037674      
307      0.501041      0.032472      0.080719      1.570223      0.035092      -0.040038      
308      0.501031      0.032452      0.080759      1.570207      0.036121      -0.041067      
309      0.501061      0.032412      0.080689      1.570199      0.036632      -0.041577      
310      0.501061      0.032412      0.080749      1.570155      0.039223      -0.044169      
311      0.501061      0.032392      0.080699      1.570134      0.040409      -0.045355      
312      0.501081      0.032402      0.080649      1.570134      0.040440      -0.045387      
313      0.501101      0.032382      0.080629      1.570135      0.040385      -0.045332      
314      0.501101      0.032422      0.080669      1.570116      0.041414      -0.046361      
315      0.501121      0.032422      0.080609      1.570106      0.041963      -0.046911      
316      0.501111      0.032422      0.080689      1.570108      0.041869      -0.046816      
317      0.501131      0.032422      0.080719      1.570078      0.043463      -0.048411      
318      0.501181      0.032412      0.080749      1.570082      0.043220      -0.048167      
319      0.501211      0.032452      0.080769      1.570034      0.045662      -0.050610      
320      0.501281      0.032462      0.080779      1.569994      0.047617      -0.052566      
321      0.501311      0.032462      0.080869      1.569952      0.049549      -0.054498      
322      0.501361      0.032472      0.080989      1.569872      0.053067      -0.058017      
323      0.501401      0.032482      0.081059      1.569797      0.056113      -0.061064      
324      0.501471      0.032472      0.081109      1.569734      0.058571      -0.063522      
325      0.501471      0.032492      0.081149      1.569677      0.060699      -0.065651      
326      0.501451      0.032572      0.081129      1.569677      0.060723      -0.065674      
327      0.501491      0.032572      0.081119      1.569698      0.059929      -0.064881      
328      0.501491      0.032612      0.081129      1.569687      0.060346      -0.065297      
329      0.501541      0.032612      0.081179      1.569737      0.058453      -0.063405      
330      0.501631      0.032612      0.081229      1.569690      0.060220      -0.065172      
331      0.501661      0.032602      0.081279      1.569666      0.061123      -0.066075      
332      0.501701      0.032622      0.081369      1.569645      0.061885      -0.066837      
333      0.501761      0.032632      0.081399      1.569622      0.062678      -0.067630      
334      0.501811      0.032642      0.081489      1.569569      0.064546      -0.069499      
335      0.501851      0.032652      0.081539      1.569497      0.066973      -0.071926      
336      0.501851      0.032652      0.081659      1.569402      0.070043      -0.074997      
337      0.501861      0.032662      0.081809      1.569414      0.069689      -0.074643      
338      0.501911      0.032652      0.081929      1.569357      0.071480      -0.076434      
339      0.501971      0.032662      0.082009      1.569317      0.072712      -0.077667      
340      0.501991      0.032672      0.081969      1.569350      0.071676      -0.076630      
341      0.501961      0.032682      0.081999      1.569278      0.073882      -0.078837      
342      0.501951      0.032682      0.082019      1.569278      0.073874      -0.078829      
343      0.502011      0.032652      0.082049      1.569250      0.074722      -0.079677      
344      0.502001      0.032652      0.082069      1.569214      0.075775      -0.080730      
345      0.502001      0.032652      0.082149      1.569198      0.076230      -0.081185      
346      0.502001      0.032652      0.082099      1.569195      0.076316      -0.081272      
347      0.501971      0.032652      0.082149      1.569157      0.077408      -0.082363      
348      0.501971      0.032652      0.082159      1.569119      0.078499      -0.083455      
349      0.501981      0.032652      0.082119      1.569157      0.077416      -0.082371      
350      0.501981      0.032652      0.082129      1.569155      0.077463      -0.082418      
351      0.501961      0.032662      0.082169      1.569119      0.078499      -0.083455      
352      0.501971      0.032662      0.082149      1.569098      0.079080      -0.084036      
353      0.501981      0.032672      0.082169      1.569063      0.080061      -0.085018      
354      0.501991      0.032682      0.082179      1.569007      0.081585      -0.086541      
355      0.502001      0.032692      0.082179      1.568986      0.082150      -0.087106      
356      0.502091      0.032702      0.082349      1.568644      0.090873      -0.095831      
357      0.502171      0.032692      0.082409      1.568516      0.093942      -0.098901      
358      0.502291      0.032702      0.082489      1.568471      0.094979      -0.099938      
359      0.502341      0.032752      0.082399      1.568548      0.093189      -0.098147      
360      0.502331      0.032772      0.082349      1.568542      0.093330      -0.098289      
361      0.502341      0.032752      0.082409      1.568501      0.094280      -0.099239      
362      0.502361      0.032762      0.082359      1.568593      0.092105      -0.097064      
363      0.502401      0.032762      0.082319      1.568598      0.092003      -0.096962      
364      0.502411      0.032762      0.082299      1.568597      0.092019      -0.096977      
365      0.502411      0.032762      0.082279      1.568597      0.092027      -0.096985      
366      0.502431      0.032772      0.082289      1.568599      0.091964      -0.096922      
367      0.502401      0.032762      0.082309      1.568549      0.093165      -0.098124      
368      0.502481      0.032732      0.082469      1.568432      0.095874      -0.100833      
369      0.502511      0.032732      0.082459      1.568362      0.097483      -0.102442      
370      0.502551      0.032752      0.082439      1.568415      0.096274      -0.101233      
371      0.502581      0.032742      0.082479      1.568447      0.095536      -0.100495      
372      0.502561      0.032752      0.082519      1.568351      0.097726      -0.102686      
373      0.502601      0.032742      0.082599      1.568317      0.098496      -0.103455      
374      0.502661      0.032742      0.082629      1.568281      0.099289      -0.104248      
375      0.502691      0.032742      0.082649      1.568259      0.099783      -0.104743      
376      0.502761      0.032742      0.082699      1.568301      0.098857      -0.103817      
377      0.502801      0.032732      0.082719      1.568309      0.098676      -0.103636      
378      0.502851      0.032752      0.082779      1.568175      0.101605      -0.106565      
379      0.502901      0.032742      0.082769      1.568206      0.100945      -0.105905      
380      0.502931      0.032752      0.082809      1.568164      0.101848      -0.106808      
381      0.502971      0.032732      0.082899      1.568151      0.102131      -0.107091      
382      0.503001      0.032742      0.082889      1.568156      0.102013      -0.106973      
383      0.503031      0.032732      0.082989      1.568121      0.102774      -0.107735      
384      0.503041      0.032732      0.082979      1.568146      0.102233      -0.107193      
385      0.503051      0.032712      0.082969      1.568194      0.101196      -0.106156      
386      0.503051      0.032712      0.082969      1.568194      0.101196      -0.106156      
387      0.503061      0.032712      0.082949      1.568244      0.100097      -0.105057      
388      0.503071      0.032722      0.082879      1.568220      0.100623      -0.105583      
389      0.503051      0.032732      0.082799      1.568308      0.098692      -0.103652      
390      0.503051      0.032712      0.082809      1.568357      0.097585      -0.102545      
391      0.503061      0.032652      0.082759      1.568448      0.095520      -0.100479      
392      0.503041      0.032632      0.082649      1.568600      0.091933      -0.096891      
393      0.503041      0.032632      0.082589      1.568642      0.090928      -0.095886      
394      0.503051      0.032602      0.082379      1.568911      0.084144      -0.089101      
395      0.502951      0.032602      0.082089      1.569312      0.072838      -0.077793      
396      0.502791      0.032622      0.081929      1.569610      0.063110      -0.068062      
397      0.502681      0.032592      0.081759      1.569956      0.049352      -0.054302      
398      0.502661      0.032492      0.081609      1.570276      0.031441      -0.036385      
399      0.502721      0.032302      0.081439      1.570453      0.012304      -0.017243      
400      0.502691      0.032212      0.081189      1.570478      0.000156      -0.005091      
401      0.502621      0.032172      0.081499      1.570461      -0.006849      0.001916      
402      0.502601      0.032142      0.081569      1.570445      -0.010147      0.005215      
403      0.502631      0.032022      0.081559      1.570416      -0.014505      0.009574      
404      0.502611      0.032002      0.081709      1.570410      -0.015368      0.010438      
405      0.502621      0.031942      0.081729      1.570364      -0.020394      0.015466      
406      0.502681      0.031902      0.081769      1.570258      -0.029039      0.024114      
407      0.502671      0.031852      0.081829      1.570120      -0.037512      0.032589      
408      0.502721      0.031762      0.081849      1.569994      -0.043887      0.038967      
409      0.502741      0.031662      0.081879      1.569759      -0.053898      0.048982      
410      0.502701      0.031592      0.082129      1.569450      -0.064803      0.059892      
411      0.502671      0.031572      0.082229      1.569269      -0.070424      0.065515      
412      0.502661      0.031502      0.082329      1.568970      -0.078871      0.073966      
413      0.502801      0.031392      0.082439      1.568020      -0.101195      0.096300      
414      0.502901      0.031392      0.082519      1.567341      -0.114553      0.109664      
415      0.503041      0.031292      0.082469      1.566494      -0.129330      0.124448      
416      0.503001      0.031322      0.082709      1.565232      -0.148646      0.143774      
417      0.502971      0.031302      0.082879      1.563987      -0.165542      0.160680      
418      0.503121      0.031122      0.082959      1.561704      -0.192722      0.187875      
419      0.503131      0.031092      0.082939      1.560517      -0.205446      0.200607      
420      0.503101      0.031022      0.082979      1.558382      -0.226536      0.221710      
421      0.503111      0.030912      0.083089      1.556654      -0.242268      0.237453      
422      0.503051      0.030822      0.083429      1.554103      -0.263775      0.258974      
423      0.502921      0.030772      0.083899      1.552921      -0.273170      0.268376      
424      0.502811      0.030752      0.084279      1.550518      -0.291321      0.286541      
425      0.502761      0.030692      0.084409      1.547681      -0.311381      0.306616      
426      0.502761      0.030482      0.084639      1.545880      -0.323464      0.318708      
427      0.502861      0.030212      0.084739      1.543684      -0.337607      0.332863      
428      0.502891      0.030022      0.084779      1.540788      -0.355386      0.350656      
429      0.502881      0.029922      0.084839      1.539563      -0.362643      0.357920      
430      0.502881      0.029692      0.085009      1.537321      -0.375553      0.370840      
431      0.502861      0.029362      0.085379      1.534561      -0.390846      0.386147      
432      0.502741      0.029252      0.085779      1.533776      -0.395083      0.390388      
433      0.502651      0.029052      0.086149      1.532396      -0.402426      0.397738      
434      0.502501      0.028972      0.086509      1.528591      -0.421995      0.417325      
435      0.502431      0.028842      0.086749      1.525087      -0.439229      0.434575      
436      0.502461      0.028572      0.087139      1.523313      -0.447690      0.443045      
437      0.502441      0.028402      0.087599      1.521263      -0.457270      0.452634      
438      0.502391      0.028352      0.087709      1.518726      -0.468848      0.464223      
439      0.502221      0.028282      0.087719      1.510050      -0.506371      0.501786      
440      0.502131      0.028212      0.087779      1.501907      -0.539127      0.534577      
441      0.502061      0.028042      0.088189      1.497643      -0.555476      0.550945      
442      0.501861      0.028032      0.088679      1.495655      -0.562928      0.558406      
443      0.501691      0.027992      0.089109      1.491387      -0.578586      0.574082      
444      0.501551      0.027892      0.089489      1.486540      -0.595842      0.591359      
445      0.501341      0.027652      0.090159      1.482790      -0.608836      0.604369      
446      0.501171      0.027442      0.090739      1.480712      -0.615914      0.611456      
447      0.501031      0.027262      0.091399      1.478722      -0.622611      0.618161      
448      0.500911      0.027192      0.091809      1.477621      -0.626283      0.621838      
449      0.500741      0.027142      0.092779      1.474374      -0.636979      0.632547      
450      0.500651      0.027002      0.093829      1.471323      -0.646857      0.642438      
451      0.500391      0.026932      0.094799      1.469771      -0.651822      0.647409      
452      0.500011      0.026902      0.095639      1.467056      -0.660412      0.656010      
453      0.499711      0.026822      0.096319      1.464656      -0.667903      0.663511      
454      0.499501      0.026612      0.096789      1.462161      -0.675598      0.671217      
455      0.499121      0.026402      0.097539      1.456884      -0.691566      0.687206      
456      0.498981      0.026082      0.097919      1.455003      -0.697164      0.692812      
457      0.498771      0.025902      0.098389      1.452333      -0.705024      0.700683      
458      0.498681      0.025772      0.098539      1.450834      -0.709395      0.705060      
459      0.498531      0.025472      0.098489      1.448542      -0.716027      0.711701      
460      0.498351      0.025092      0.098709      1.443502      -0.730373      0.726067      
461      0.498221      0.024682      0.099089      1.438966      -0.743024      0.738737      
462      0.498161      0.024112      0.099329      1.437419      -0.747285      0.743004      
463      0.498161      0.023402      0.099829      1.432404      -0.760921      0.756660      
464      0.498211      0.022992      0.100029      1.428671      -0.770896      0.766650      
465      0.498191      0.022892      0.100109      1.427258      -0.774636      0.770395      
466      0.498051      0.022702      0.100349      1.422724      -0.786501      0.782278      
467      0.497991      0.022652      0.100619      1.420752      -0.791599      0.787385      
468      0.497861      0.022632      0.100829      1.416762      -0.801806      0.797607      
469      0.497761      0.022612      0.101079      1.413080      -0.811096      0.806912      
470      0.497601      0.022512      0.101279      1.410374      -0.817852      0.813678      
471      0.497571      0.022412      0.101369      1.408421      -0.822687      0.818521      
472      0.497531      0.022382      0.101439      1.408430      -0.822664      0.818498      
473      0.497381      0.022332      0.101419      1.406016      -0.828597      0.824440      
474      0.497391      0.022232      0.101329      1.403499      -0.834733      0.830587      
475      0.497181      0.022182      0.101189      1.401462      -0.839662      0.835523      
476      0.496931      0.022062      0.100919      1.397138      -0.850016      0.845894      
477      0.496571      0.021612      0.100579      1.389165      -0.868745      0.864654      
478      0.496281      0.021332      0.100439      1.385554      -0.877077      0.873000      
479      0.496231      0.021152      0.100509      1.384182      -0.880218      0.876146      
480      0.496301      0.020662      0.100529      1.380910      -0.887660      0.883601      
481      0.496291      0.020292      0.100619      1.379474      -0.890905      0.886851      
482      0.496271      0.020042      0.100619      1.377643      -0.895022      0.890975      
483      0.496261      0.019832      0.100479      1.374936      -0.901066      0.897030      
484      0.496301      0.019572      0.100089      1.372427      -0.906629      0.902603      
485      0.496011      0.019252      0.099759      1.369101      -0.913942      0.909928      
486      0.495771      0.019162      0.099669      1.365590      -0.921591      0.917591      
487      0.495701      0.018972      0.099469      1.362004      -0.929326      0.925340      
488      0.495601      0.018852      0.099399      1.359264      -0.935187      0.931211      
489      0.495351      0.018812      0.099269      1.352162      -0.950180      0.946231      
490      0.495261      0.018792      0.099199      1.345495      -0.964006      0.960083      
491      0.495141      0.018782      0.099239      1.339644      -0.975952      0.972051      
492      0.494971      0.018792      0.099159      1.331027      -0.993233      0.989364      
493      0.494771      0.018992      0.099069      1.325228      -1.004665      1.000818      
494      0.494781      0.019072      0.099109      1.320568      -1.013741      1.009911      
