221      0.465601      0.017092      0.146019      1.321324      -1.012275      1.008443      
222      0.466251      0.017252      0.146139      1.324236      -1.006606      1.002763      
223      0.466561      0.017342      0.146239      1.326502      -1.002168      0.998316      
224      0.467211      0.017462      0.146459      1.329306      -0.996644      0.992781      
225      0.467951      0.017562      0.146639      1.333536      -0.988239      0.984361      
226      0.468691      0.017652      0.146629      1.336874      -0.981547      0.977656      
227      0.469621      0.017702      0.146519      1.341415      -0.972354      0.968446      
228      0.471151      0.017602      0.146409      1.347163      -0.960570      0.956640      
229      0.472261      0.017522      0.146199      1.350362      -0.953937      0.949995      
230      0.473451      0.017342      0.146079      1.353817      -0.946710      0.942755      
231      0.474051      0.017232      0.146059      1.354508      -0.945258      0.941300      
232      0.475031      0.016962      0.146119      1.355803      -0.942527      0.938564      
233      0.476001      0.016772      0.146109      1.357630      -0.938661      0.934691      
234      0.476831      0.016612      0.146099      1.359750      -0.934150      0.930172      
235      0.478021      0.016522      0.146169      1.362857      -0.927493      0.923504      
236      0.478741      0.016602      0.146119      1.364564      -0.923812      0.919815      
237      0.479491      0.016742      0.146009      1.366731      -0.919113      0.915108      
238      0.480191      0.016962      0.145869      1.368980      -0.914207      0.910194      
239      0.480481      0.017082      0.145739      1.369766      -0.912486      0.908470      
240      0.481001      0.017322      0.145409      1.372083      -0.907388      0.903363      
241      0.481481      0.017542      0.144969      1.375083      -0.900740      0.896703      
242      0.481941      0.017702      0.144469      1.378154      -0.893875      0.889827      
243      0.482391      0.017742      0.143909      1.381826      -0.885585      0.881523      
244      0.482521      0.017702      0.143609      1.385557      -0.877069      0.872992      
245      0.482551      0.017652      0.143319      1.389489      -0.867992      0.863900      
246      0.482571      0.017592      0.143039      1.392482      -0.861010      0.856906      
247      0.482681      0.017532      0.142739      1.395699      -0.853431      0.849314      
248      0.482761      0.017502      0.142559      1.397503      -0.849147      0.845024      
249      0.482971      0.017542      0.142229      1.401266      -0.840135      0.835997      
250      0.483501      0.017672      0.141809      1.406041      -0.828536      0.824379      
251      0.483951      0.017822      0.141589      1.409514      -0.819983      0.815813      
252      0.484501      0.018012      0.141479      1.412998      -0.811303      0.807119      
253      0.484791      0.018102      0.141429      1.414015      -0.808749      0.804561      
254      0.485311      0.018242      0.141369      1.417493      -0.799947      0.795746      
255      0.485801      0.018302      0.141369      1.420163      -0.793115      0.788902      
256      0.486641      0.018412      0.141239      1.424641      -0.781508      0.777278      
257      0.486991      0.018552      0.140989      1.428373      -0.771685      0.767440      
258      0.487221      0.018802      0.140759      1.431141      -0.764310      0.760054      
259      0.487491      0.019162      0.140449      1.433717      -0.757377      0.753111      
260      0.487821      0.019392      0.140279      1.435320      -0.753026      0.748754      
261      0.488021      0.019502      0.140199      1.436458      -0.749918      0.745641      
262      0.488731      0.019722      0.139849      1.441254      -0.736673      0.732377      
263      0.489131      0.019742      0.139569      1.444444      -0.727714      0.723404      
264      0.489541      0.019742      0.139339      1.447926      -0.717796      0.713472      
265      0.489881      0.019732      0.139099      1.450771      -0.709580      0.705245      
266      0.490151      0.019732      0.138779      1.454120      -0.699775      0.695426      
267      0.490331      0.019732      0.138619      1.455667      -0.695193      0.690838      
268      0.490731      0.019742      0.138279      1.457959      -0.688346      0.683981      
269      0.491121      0.019762      0.137989      1.460927      -0.679368      0.674992      
270      0.491561      0.019842      0.137599      1.464492      -0.668412      0.664021      
271      0.492091      0.019952      0.137229      1.467443      -0.659193      0.654789      
272      0.492561      0.020022      0.136959      1.469747      -0.651899      0.647486      
273      0.493021      0.020042      0.136849      1.471357      -0.646749      0.642330      
274      0.493381      0.019982      0.136829      1.473087      -0.641166      0.636739      
275      0.493541      0.019932      0.136849      1.473858      -0.638663      0.634233      
276      0.493861      0.019852      0.136799      1.475645      -0.632814      0.628377      
277      0.494171      0.019782      0.136719      1.477765      -0.625804      0.621358      
278      0.494451      0.019672      0.136639      1.480213      -0.617600      0.613144      
279      0.494921      0.019342      0.136569      1.482804      -0.608790      0.604322      
280      0.495151      0.019062      0.136439      1.484444      -0.603141      0.598667      
281      0.495391      0.018712      0.136249      1.487036      -0.594100      0.589614      
282      0.495591      0.018312      0.136069      1.489958      -0.583730      0.579232      
283      0.495781      0.017822      0.135909      1.493227      -0.571890      0.567378      
284      0.495881      0.017562      0.135829      1.493775      -0.569883      0.565368      
285      0.496091      0.017062      0.135619      1.496395      -0.560168      0.555642      
286      0.496361      0.016552      0.135419      1.498873      -0.550814      0.546277      
287      0.496721      0.015792      0.135229      1.502420      -0.537124      0.532572      
288      0.497061      0.015322      0.135119      1.504340      -0.529562      0.525002      
289      0.497431      0.014892      0.134969      1.505691      -0.524172      0.519606      
290      0.497881      0.014542      0.134769      1.507106      -0.518463      0.513890      
291      0.498361      0.014282      0.134529      1.508115      -0.514353      0.509776      
292      0.498601      0.014152      0.134419      1.509194      -0.509915      0.505334      
293      0.499111      0.013932      0.134159      1.511694      -0.499484      0.494891      
294      0.499291      0.013822      0.134139      1.513724      -0.490844      0.486242      
295      0.499341      0.013822      0.134169      1.517330      -0.475090      0.470472      
296      0.499441      0.013832      0.134259      1.520325      -0.461584      0.456952      
297      0.499491      0.013842      0.134289      1.523972      -0.444566      0.439918      
298      0.499531      0.013852      0.134309      1.526417      -0.432768      0.428108      
299      0.499521      0.013832      0.134309      1.527292      -0.428466      0.423801      
300      0.499461      0.013822      0.134269      1.528479      -0.422556      0.417886      
301      0.499391      0.013802      0.134209      1.529644      -0.416677      0.412002      
302      0.499291      0.013772      0.134139      1.530666      -0.411444      0.406764      
303      0.499131      0.013802      0.134039      1.532528      -0.401732      0.397042      
304      0.499051      0.013832      0.133989      1.534499      -0.391181      0.386483      
305      0.498991      0.013882      0.134019      1.537369      -0.375279      0.370567      
306      0.499001      0.013932      0.133989      1.538904      -0.366486      0.361766      
307      0.499021      0.013942      0.133989      1.540387      -0.357776      0.353049      
308      0.499011      0.013932      0.133979      1.540979      -0.354245      0.349514      
309      0.499011      0.013922      0.133949      1.542117      -0.347345      0.342609      
310      0.498951      0.013902      0.133729      1.543079      -0.341398      0.336657      
311      0.498861      0.013792      0.133519      1.544141      -0.334715      0.329968      
312      0.498701      0.013662      0.133309      1.545540      -0.325693      0.320939      
313      0.498671      0.013502      0.133279      1.546272      -0.320876      0.316118      
314      0.498631      0.013312      0.133249      1.547345      -0.313673      0.308910      
315      0.498611      0.013202      0.133209      1.548059      -0.308784      0.304017      
316      0.498411      0.012752      0.133059      1.549147      -0.301180      0.296407      
317      0.498171      0.012402      0.132899      1.549935      -0.295555      0.290777      
318      0.497871      0.012022      0.132649      1.550315      -0.292800      0.288021      
319      0.497581      0.011712      0.132379      1.550839      -0.288958      0.284176      
320      0.497281      0.011442      0.132169      1.551670      -0.282767      0.277980      
321      0.497121      0.011302      0.132039      1.551972      -0.280474      0.275685      
322      0.496941      0.011052      0.131919      1.552492      -0.276497      0.271706      
323      0.496811      0.010702      0.131829      1.553942      -0.265074      0.260275      
324      0.496661      0.010542      0.131679      1.554900      -0.257252      0.252447      
325      0.496421      0.010432      0.131499      1.555498      -0.252239      0.247431      
326      0.496101      0.010322      0.131389      1.556518      -0.243467      0.238652      
327      0.495781      0.010292      0.131409      1.557135      -0.237991      0.233173      
328      0.495471      0.010312      0.131369      1.558064      -0.229513      0.224690      
329      0.495081      0.010282      0.131189      1.559043      -0.220220      0.215390      
330      0.494881      0.010242      0.131069      1.559857      -0.212187      0.207352      
331      0.494821      0.010212      0.131029      1.560560      -0.204999      0.200160      
332      0.494781      0.010202      0.130989      1.560792      -0.202569      0.197728      
333      0.494701      0.010172      0.130949      1.561255      -0.197630      0.192786      
334      0.494661      0.010122      0.130919      1.561690      -0.192879      0.188032      
335      0.494651      0.010052      0.130899      1.562208      -0.187061      0.182211      
336      0.494611      0.010042      0.130889      1.562517      -0.183509      0.178657      
337      0.494611      0.010042      0.130949      1.562702      -0.181337      0.176484      
338      0.494591      0.010042      0.131029      1.562791      -0.180294      0.175440      
339      0.494631      0.010082      0.131119      1.563033      -0.177401      0.172545      
340      0.494681      0.010142      0.131239      1.563516      -0.171503      0.166644      
341      0.494751      0.010242      0.131339      1.563820      -0.167684      0.162822      
342      0.494821      0.010342      0.131419      1.564102      -0.164052      0.159189      
343      0.494861      0.010492      0.131439      1.564387      -0.160311      0.155445      
344      0.494961      0.010632      0.131509      1.564790      -0.154859      0.149991      
345      0.495091      0.010712      0.131619      1.564951      -0.152631      0.147762      
346      0.495141      0.010832      0.131669      1.565271      -0.148089      0.143217      
347      0.495131      0.010942      0.131749      1.565770      -0.140738      0.135862      
348      0.495221      0.011052      0.131859      1.565932      -0.138267      0.133389      
349      0.495271      0.011182      0.131919      1.566146      -0.134924      0.130045      
350      0.495411      0.011312      0.132029      1.566359      -0.131519      0.126638      
351      0.495591      0.011432      0.132129      1.566408      -0.130726      0.125845      
352      0.495751      0.011542      0.132239      1.566534      -0.128655      0.123773      
353      0.495841      0.011642      0.132309      1.566750      -0.125045      0.120161      
354      0.495841      0.011682      0.132279      1.566798      -0.124221      0.119337      
355      0.495871      0.011772      0.132289      1.567086      -0.119199      0.114312      
356      0.496031      0.011832      0.132449      1.567538      -0.110849      0.105958      
357      0.496151      0.011862      0.132499      1.567884      -0.104013      0.099119      
358      0.496311      0.011902      0.132609      1.567988      -0.101862      0.096967      
359      0.496511      0.011952      0.132749      1.568231      -0.096674      0.091777      
360      0.496791      0.011972      0.132849      1.568492      -0.090779      0.085879      
361      0.496921      0.011972      0.132919      1.568542      -0.089618      0.084717      
362      0.497171      0.011892      0.133079      1.568626      -0.087616      0.082714      
363      0.497401      0.011842      0.133169      1.568786      -0.083644      0.078741      
364      0.497591      0.011782      0.133309      1.568860      -0.081760      0.076856      
365      0.497931      0.011762      0.133479      1.568903      -0.080661      0.075756      
366      0.498151      0.011782      0.133629      1.569037      -0.077066      0.072159      
367      0.498571      0.011822      0.133789      1.569062      -0.076375      0.071468      
368      0.499081      0.011892      0.133929      1.569128      -0.074522      0.069615      
369      0.499391      0.011912      0.134109      1.569208      -0.072222      0.067314      
370      0.499511      0.011952      0.134199      1.569247      -0.071076      0.066167      
371      0.499821      0.011972      0.134429      1.569386      -0.066860      0.061949      
372      0.500011      0.012012      0.134599      1.569686      -0.056654      0.051739      
373      0.500081      0.012022      0.134739      1.569835      -0.050875      0.045958      
374      0.500111      0.012032      0.134739      1.570003      -0.043487      0.038567      
375      0.500111      0.012032      0.134739      1.570108      -0.038132      0.033210      
376      0.500091      0.012012      0.134719      1.570167      -0.034818      0.029895      
377      0.500111      0.011952      0.134729      1.570166      -0.034905      0.029982      
378      0.500231      0.011772      0.134829      1.570225      -0.031222      0.026298      
379      0.500321      0.011662      0.134869      1.570224      -0.031332      0.026408      
380      0.500481      0.011542      0.134929      1.570241      -0.030170      0.025245      
381      0.500501      0.011512      0.134949      1.570274      -0.027893      0.022967      
382      0.500491      0.011492      0.134939      1.570300      -0.025946      0.021019      
383      0.500491      0.011482      0.134959      1.570338      -0.022813      0.017885      
384      0.500521      0.011432      0.134969      1.570372      -0.019593      0.014664      
385      0.500521      0.011422      0.134969      1.570391      -0.017559      0.012630      
386      0.500481      0.011372      0.134929      1.570428      -0.012966      0.008035      
387      0.500501      0.011292      0.134959      1.570452      -0.008741      0.003809      
388      0.500531      0.011152      0.135059      1.570469      -0.004650      -0.000284      
389      0.500491      0.011052      0.135129      1.570478      0.001310      -0.006246      
390      0.500401      0.010992      0.135109      1.570478      0.003273      -0.008210      
391      0.500291      0.010952      0.135039      1.570477      0.004239      -0.009176      
392      0.500151      0.010912      0.134939      1.570476      0.005315      -0.010252      
393      0.500091      0.010902      0.134889      1.570475      0.005936      -0.010873      
394      0.499971      0.010872      0.134779      1.570476      0.004805      -0.009741      
395      0.499681      0.010812      0.134559      1.570478      0.003211      -0.008147      
396      0.499301      0.010792      0.134239      1.570468      0.008558      -0.013496      
397      0.499121      0.010692      0.134099      1.570458      0.011260      -0.016198      
398      0.498891      0.010612      0.133899      1.570430      0.016372      -0.021312      
399      0.498681      0.010412      0.133819      1.570400      0.020204      -0.025145      
400      0.498511      0.010282      0.133919      1.570371      0.023423      -0.028366      
401      0.498361      0.010252      0.133969      1.570350      0.025410      -0.030353      
402      0.498331      0.010242      0.133989      1.570347      0.025724      -0.030667      
403      0.498261      0.010222      0.133989      1.570327      0.027413      -0.032356      
404      0.498201      0.010272      0.133969      1.570296      0.029965      -0.034909      
405      0.498091      0.010352      0.133959      1.570245      0.033616      -0.038561      
406      0.497981      0.010442      0.133949      1.570202      0.036420      -0.041365      
407      0.497791      0.010532      0.133959      1.570185      0.037487      -0.042434      
408      0.497531      0.010612      0.133929      1.570158      0.039089      -0.044036      
409      0.497531      0.010612      0.133929      1.570095      0.042576      -0.047523      
410      0.497531      0.010612      0.133929      1.570047      0.045057      -0.050005      
411      0.497531      0.010612      0.133929      1.570038      0.045473      -0.050422      
412      0.497531      0.010612      0.133929      1.569955      0.049423      -0.054372      
413      0.497531      0.010612      0.133929      1.569817      0.055312      -0.060263      
414      0.497531      0.010612      0.133929      1.569729      0.058759      -0.063711      
415      0.497531      0.010612      0.133929      1.569614      0.062968      -0.067921      
416      0.497531      0.010612      0.133929      1.569524      0.066085      -0.071039      
417      0.497531      0.010612      0.133929      1.569459      0.068229      -0.073183      
418      0.497531      0.010612      0.133929      1.569424      0.069368      -0.074321      
419      0.497531      0.010612      0.133929      1.569425      0.069336      -0.074290      
420      0.497531      0.010612      0.133929      1.569320      0.072618      -0.077573      
421      0.497531      0.010612      0.133929      1.569176      0.076874      -0.081829      
422      0.497531      0.010612      0.133929      1.569054      0.080313      -0.085269      
423      0.497531      0.010612      0.133929      1.568851      0.085722      -0.090679      
424      0.497531      0.010612      0.133929      1.568747      0.088345      -0.093302      
425      0.497531      0.010612      0.133929      1.568610      0.091713      -0.096671      
426      0.497531      0.010612      0.133929      1.568509      0.094107      -0.099066      
427      0.497531      0.010612      0.133929      1.568323      0.098355      -0.103314      
428      0.497531      0.010612      0.133929      1.568278      0.099367      -0.104327      
429      0.497531      0.010612      0.133929      1.568320      0.098417      -0.103377      
430      0.497531      0.010612      0.133929      1.568220      0.100623      -0.105583      
431      0.497531      0.010612      0.133929      1.568022      0.104863      -0.109823      
432      0.497531      0.010612      0.133929      1.567801      0.109400      -0.114361      
433      0.497531      0.010612      0.133929      1.567687      0.111669      -0.116630      
434      0.497531      0.010612      0.133929      1.567526      0.114793      -0.119755      
435      0.497531      0.010612      0.133929      1.567258      0.119801      -0.124764      
436      0.497531      0.010612      0.133929      1.567008      0.124283      -0.129247      
437      0.497531      0.010612      0.133929      1.566855      0.126952      -0.131916      
438      0.497531      0.010612      0.133929      1.566735      0.129016      -0.133980      
439      0.497531      0.010612      0.133929      1.566577      0.131669      -0.136634      
440      0.497531      0.010612      0.133929      1.566608      0.131143      -0.136108      
441      0.497531      0.010612      0.133929      1.566553      0.132069      -0.137034      
442      0.497531      0.010612      0.133929      1.566374      0.134997      -0.139962      
443      0.497531      0.010612      0.133929      1.566246      0.137053      -0.142018      
444      0.497531      0.010612      0.133929      1.565915      0.142233      -0.147199      
445      0.497531      0.010612      0.133929      1.565764      0.144540      -0.149506      
446      0.497531      0.010612      0.133929      1.565602      0.146965      -0.151932      
447      0.497531      0.010612      0.133929      1.565476      0.148833      -0.153799      
448      0.497531      0.010612      0.133929      1.565419      0.149673      -0.154639      
449      0.497531      0.010612      0.133929      1.565220      0.152545      -0.157512      
450      0.497531      0.010612      0.133929      1.565050      0.154962      -0.159929      
451      0.497531      0.010612      0.133929      1.564976      0.155990      -0.160957      
452      0.497531      0.010612      0.133929      1.564647      0.160533      -0.165501      
453      0.497531      0.010612      0.133929      1.564377      0.164166      -0.169134      
454      0.497531      0.010612      0.133929      1.564327      0.164825      -0.169793      
455      0.497531      0.010612      0.133929      1.564258      0.165727      -0.170695      
456      0.497531      0.010612      0.133929      1.564018      0.168866      -0.173834      
457      0.497531      0.010612      0.133929      1.564089      0.167948      -0.172916      
458      0.497531      0.010612      0.133929      1.563932      0.169964      -0.174932      
459      0.497531      0.010612      0.133929      1.563803      0.171612      -0.176580      
460      0.497531      0.010612      0.133929      1.563657      0.173455      -0.178424      
461      0.497531      0.010612      0.133929      1.563487      0.175581      -0.180550      
462      0.497531      0.010612      0.133929      1.563249      0.178508      -0.183477      
463      0.497531      0.010612      0.133929      1.563187      0.179261      -0.184230      
464      0.497531      0.010612      0.133929      1.562851      0.183301      -0.188270      
465      0.497531      0.010612      0.133929      1.562562      0.186697      -0.191667      
466      0.497531      0.010612      0.133929      1.562315      0.189560      -0.194530      
467      0.497531      0.010612      0.133929      1.562041      0.192674      -0.197644      
468      0.497531      0.010612      0.133929      1.561979      0.193380      -0.198350      
469      0.497531      0.010612      0.133929      1.561896      0.194314      -0.199283      
470      0.497531      0.010612      0.133929      1.562033      0.192769      -0.197738      
471      0.497531      0.010612      0.133929      1.561900      0.194259      -0.199228      
472      0.497531      0.010612      0.133929      1.561855      0.194769      -0.199738      
473      0.497531      0.010612      0.133929      1.561940      0.193820      -0.198789      
474      0.497531      0.010612      0.133929      1.561654      0.197004      -0.201974      
475      0.497531      0.010612      0.133929      1.561593      0.197671      -0.202640      
476      0.497531      0.010612      0.133929      1.561442      0.199326      -0.204295      
477      0.497531      0.010612      0.133929      1.561264      0.201255      -0.206225      
478      0.497531      0.010612      0.133929      1.561205      0.201898      -0.206868      
479      0.497531      0.010612      0.133929      1.561118      0.202831      -0.207801      
480      0.497531      0.010612      0.133929      1.560938      0.204753      -0.209723      
481      0.497531      0.010612      0.133929      1.560843      0.205756      -0.210726      
482      0.497531      0.010612      0.133929      1.560805      0.206156      -0.211126      
483      0.497531      0.010612      0.133929      1.560523      0.209105      -0.214075      
484      0.497531      0.010612      0.133929      1.560405      0.210328      -0.215298      
485      0.497531      0.010612      0.133929      1.560286      0.211552      -0.216522      
486      0.497531      0.010612      0.133929      1.559920      0.215276      -0.220246      
487      0.497531      0.010612      0.133929      1.559840      0.216084      -0.221054      
488      0.497531      0.010612      0.133929      1.559839      0.216092      -0.221062      
489      0.497531      0.010612      0.133929      1.559750      0.216986      -0.221956      
490      0.497531      0.010612      0.133929      1.559465      0.219824      -0.224794      
491      0.497531      0.010612      0.133929      1.559432      0.220145      -0.225115      
492      0.497531      0.010612      0.133929      1.559259      0.221847      -0.226817      
493      0.497531      0.010612      0.133929      1.558931      0.225030      -0.230000      
494      0.497531      0.010612      0.133929      1.558813      0.226167      -0.231137      
495      0.497531      0.010612      0.133929      1.558766      0.226621      -0.231591      
496      0.497531      0.010612      0.133929      1.558451      0.229616      -0.234586      
497      0.497531      0.010612      0.133929      1.558312      0.230925      -0.235895      
498      0.497531      0.010612      0.133929      1.558087      0.233026      -0.237996      
499      0.497531      0.010612      0.133929      1.557672      0.236859      -0.241829      
500      0.497531      0.010612      0.133929      1.557332      0.239947      -0.244917      
501      0.497531      0.010612      0.133929      1.557099      0.242048      -0.247018      
502      0.497531      0.010612      0.133929      1.556533      0.247064      -0.252033      
503      0.497531      0.010612      0.133929      1.556220      0.249791      -0.254761      
504      0.497531      0.010612      0.133929      1.555863      0.252871      -0.257840      
505      0.497531      0.010612      0.133929      1.555870      0.252808      -0.257778      
506      0.497531      0.010612      0.133929      1.555603      0.255081      -0.260050      
507      0.497531      0.010612      0.133929      1.555719      0.254101      -0.259070      
508      0.497531      0.010612      0.133929      1.555802      0.253388      -0.258357      
509      0.497531      0.010612      0.133929      1.555795      0.253451      -0.258420      
510      0.497531      0.010612      0.133929      1.555469      0.256217      -0.261186      
511      0.497531      0.010612      0.133929      1.555656      0.254634      -0.259603      
512      0.497531      0.010612      0.133929      1.555683      0.254407      -0.259376      
513      0.497531      0.010612      0.133929      1.555646      0.254720      -0.259689      
514      0.497531      0.010612      0.133929      1.556093      0.250888      -0.255858      
515      0.497531      0.010612      0.133929      1.556971      0.243185      -0.248154      
516      0.497531      0.010612      0.133929      1.558452      0.229600      -0.234570      
517      0.497531      0.010612      0.133929      1.558703      0.227217      -0.232187      
518      0.497531      0.010612      0.133929      1.559891      0.215574      -0.220544      
519      0.497531      0.010612      0.133929      1.560331      0.211097      -0.216067      
520      0.497531      0.010612      0.133929      1.561077      0.203263      -0.208232      
521      0.497531      0.010612      0.133929      1.561337      0.200471      -0.205440      
522      0.497531      0.010612      0.133929      1.561353      0.200298      -0.205268      
523      0.497531      0.010612      0.133929      1.560983      0.204274      -0.209244      
524      0.497531      0.010612      0.133929      1.560607      0.208234      -0.213204      
525      0.497531      0.010612      0.133929      1.560186      0.212579      -0.217549      
526      0.497531      0.010612      0.133929      1.559500      0.219471      -0.224441      
527      0.497531      0.010612      0.133929      1.557668      0.236898      -0.241868      
528      0.497531      0.010612      0.133929      1.557324      0.240026      -0.244996      
529      0.497531      0.010612      0.133929      1.556993      0.242989      -0.247958      
530      0.497531      0.010612      0.133929      1.556796      0.244744      -0.249714      
531      0.497531      0.010612      0.133929      1.556315      0.248968      -0.253938      
532      0.497531      0.010612      0.133929      1.556319      0.248929      -0.253899      
533      0.497531      0.010612      0.133929      1.555987      0.251805      -0.256775      
534      0.497531      0.010612      0.133929      1.555458      0.256311      -0.261280      
535      0.497531      0.010612      0.133929      1.555255      0.258019      -0.262988      
536      0.497531      0.010612      0.133929      1.554843      0.261459      -0.266428      
537      0.497531      0.010612      0.133929      1.554579      0.263629      -0.268598      
538      0.497531      0.010612      0.133929      1.554190      0.266802      -0.271771      
539      0.497531      0.010612      0.133929      1.554150      0.267131      -0.272100      
540      0.497531      0.010612      0.133929      1.553758      0.270288      -0.275257      
541      0.497531      0.010612      0.133929      1.553587      0.271652      -0.276620      
542      0.497531      0.010612      0.133929      1.552935      0.276790      -0.281758      
543      0.497531      0.010612      0.133929      1.552631      0.279156      -0.284123      
544      0.497531      0.010612      0.133929      1.552530      0.279939      -0.284906      
545      0.497531      0.010612      0.133929      1.552170      0.282704      -0.287671      
546      0.497531      0.010612      0.133929      1.552012      0.283910      -0.288877      
547      0.497531      0.010612      0.133929      1.551570      0.287254      -0.292220      
548      0.497531      0.010612      0.133929      1.551335      0.289016      -0.293982      
549      0.497531      0.010612      0.133929      1.551113      0.290668      -0.295634      
550      0.497531      0.010612      0.133929      1.550628      0.294254      -0.299220      
551      0.497531      0.010612      0.133929      1.550244      0.297057      -0.302023      
552      0.497531      0.010612      0.133929      1.549626      0.301512      -0.306477      
553      0.497531      0.010612      0.133929      1.548891      0.306726      -0.311690      
554      0.497531      0.010612      0.133929      1.547620      0.315540      -0.320503      
555      0.497531      0.010612      0.133929      1.546938      0.320165      -0.325127      
556      0.497531      0.010612      0.133929      1.546250      0.324766      -0.329728      
557      0.497531      0.010612      0.133929      1.546244      0.324805      -0.329767      
558      0.497531      0.010612      0.133929      1.548219      0.311423      -0.316386      
559      0.497531      0.010612      0.133929      1.550039      0.298545      -0.303510      
560      0.497531      0.010612      0.133929      1.550528      0.294983      -0.299948      
561      0.497531      0.010612      0.133929      1.551536      0.287512      -0.292479      
562      0.497531      0.010612      0.133929      1.553402      0.273116      -0.278084      
563      0.497531      0.010612      0.133929      1.553763      0.270249      -0.275217      
564      0.497531      0.010612      0.133929      1.553424      0.272944      -0.277912      
565      0.497531      0.010612      0.133929      1.552533      0.279915      -0.284883      
566      0.497531      0.010612      0.133929      1.550843      0.292673      -0.297639      
567      0.497531      0.010612      0.133929      1.550473      0.295390      -0.300355      
568      0.497531      0.010612      0.133929      1.549878      0.299704      -0.304669      
569      0.497531      0.010612      0.133929      1.549624      0.301528      -0.306493      
570      0.497531      0.010612      0.133929      1.548917      0.306546      -0.311510      
571      0.497531      0.010612      0.133929      1.548543      0.309168      -0.314132      
572      0.497531      0.010612      0.133929      1.548206      0.311509      -0.316472      
573      0.497531      0.010612      0.133929      1.547311      0.317645      -0.322608      
574      0.497531      0.010612      0.133929      1.547267      0.317942      -0.322905      
575      0.497531      0.010612      0.133929      1.547513      0.316267      -0.321230      
576      0.497531      0.010612      0.133929      1.547733      0.314765      -0.319728      
577      0.497531      0.010612      0.133929      1.548484      0.309575      -0.314539      
578      0.497531      0.010612      0.133929      1.550173      0.297574      -0.302540      
579      0.497531      0.010612      0.133929      1.551478      0.287943      -0.292909      
580      0.497531      0.010612      0.133929      1.553036      0.275999      -0.280967      
581      0.497531      0.010612      0.133929      1.554755      0.262180      -0.267148      
582      0.497531      0.010612      0.133929      1.556168      0.250238      -0.255207      
583      0.497531      0.010612      0.133929      1.557414      0.239211      -0.244180      
584      0.497531      0.010612      0.133929      1.559450      0.219965      -0.224935      
585      0.497531      0.010612      0.133929      1.561075      0.203294      -0.208264      
586      0.497531      0.010612      0.133929      1.562862      0.183167      -0.188137      
587      0.497531      0.010612      0.133929      1.565061      0.154797      -0.159764      
588      0.497531      0.010612      0.133929      1.565999      0.140946      -0.145912      
589      0.497531      0.010612      0.133929      1.567273      0.119534      -0.124497      
590      0.497531      0.010612      0.133929      1.567908      0.107241      -0.112202      
591      0.497531      0.010612      0.133929      1.568337      0.098033      -0.102992      
592      0.497531      0.010612      0.133929      1.568653      0.090669      -0.095627      
593      0.497531      0.010612      0.133929      1.568814      0.086664      -0.091622      
594      0.497531      0.010612      0.133929      1.568962      0.082809      -0.087766      
595      0.497001      0.010482      0.133849      1.569199      0.076199      -0.081154      
596      0.496661      0.010422      0.133589      1.569593      0.063722      -0.068675      
597      0.496331      0.010282      0.133619      1.569949      0.049706      -0.054655      
598      0.496111      0.010192      0.133659      1.570126      0.040864      -0.045811      
599      0.496051      0.010162      0.133709      1.570258      0.032697      -0.037642      
600      0.495841      0.009992      0.133869      1.570433      0.015869      -0.020809      
601      0.495401      0.009882      0.133909      1.570478      0.000902      -0.005837      
602      0.495001      0.009862      0.133979      1.570441      -0.010806      0.005875      
603      0.494071      0.009752      0.134059      1.570185      -0.033758      0.028835      
604      0.493471      0.009732      0.134069      1.569960      -0.045465      0.040546      
605      0.492821      0.009632      0.134029      1.569591      -0.060069      0.055156      
606      0.492261      0.009522      0.133959      1.569071      -0.076116      0.071209      
607      0.491791      0.009382      0.134269      1.568442      -0.091933      0.087034      
608      0.491531      0.009282      0.134399      1.568213      -0.097082      0.092185      
609      0.491031      0.009172      0.134499      1.567709      -0.107513      0.102621      
610      0.490561      0.009042      0.134609      1.567164      -0.117786      0.112899      
611      0.490071      0.008912      0.134799      1.566448      -0.130075      0.125194      
612      0.489221      0.008762      0.134799      1.565436      -0.145696      0.140823      
613      0.488651      0.008792      0.134629      1.564906      -0.153259      0.148390      
614      0.488181      0.008712      0.134679      1.563966      -0.165817      0.160955      
615      0.487911      0.008632      0.134729      1.563431      -0.172554      0.167695      
616      0.487421      0.008512      0.134679      1.562282      -0.186214      0.181364      
617      0.487021      0.008402      0.134719      1.561140      -0.198869      0.194026      
618      0.486591      0.008242      0.134859      1.559922      -0.211536      0.206701      
619      0.486061      0.008092      0.134989      1.558658      -0.223927      0.219099      
620      0.485171      0.007872      0.135139      1.556436      -0.244179      0.239366      
621      0.484561      0.007682      0.135499      1.555004      -0.256390      0.251585      
622      0.484191      0.007612      0.135679      1.554274      -0.262389      0.257587      
623      0.483621      0.007462      0.135979      1.552676      -0.275072      0.270280      
624      0.482981      0.007252      0.136209      1.551085      -0.287142      0.282359      
625      0.482361      0.007042      0.136499      1.549716      -0.297127      0.292351      
626      0.481661      0.006612      0.136909      1.546246      -0.321048      0.316290      
627      0.480981      0.006212      0.137549      1.542776      -0.343282      0.338542      
628      0.480031      0.005942      0.137939      1.540473      -0.357268      0.352540      
629      0.479481      0.005822      0.138339      1.539555      -0.362690      0.357966      
630      0.479101      0.005722      0.138709      1.538501      -0.368813      0.364095      
631      0.478181      0.005492      0.139119      1.536356      -0.380971      0.376264      
632      0.477431      0.005512      0.139009      1.535885      -0.383587      0.378881      
633      0.476551      0.005472      0.138879      1.534571      -0.390791      0.386092      
634      0.475711      0.005352      0.138769      1.532795      -0.400319      0.395629      
635      0.474521      0.005222      0.138519      1.528827      -0.420810      0.416138      
636      0.473901      0.005112      0.138459      1.525529      -0.437094      0.432438      
637      0.473211      0.004982      0.138339      1.521988      -0.453906      0.449267      
638      0.472901      0.004942      0.138219      1.520257      -0.461896      0.457264      
639      0.472331      0.004882      0.138159      1.516308      -0.479611      0.474998      
640      0.471771      0.004742      0.138249      1.512391      -0.496537      0.491941      
641      0.471121      0.004652      0.138309      1.508965      -0.510864      0.506283      
642      0.470431      0.004612      0.138249      1.504168      -0.530245      0.525686      
643      0.469691      0.004502      0.138339      1.500047      -0.546321      0.541780      
644      0.468421      0.004352      0.138349      1.494786      -0.566154      0.561635      
645      0.467681      0.004212      0.138589      1.492091      -0.576036      0.571529      
646      0.466981      0.004032      0.138999      1.489210      -0.586402      0.581908      
647      0.466681      0.003922      0.139149      1.487994      -0.590724      0.586234      
648      0.466051      0.003772      0.139349      1.486000      -0.597731      0.593250      
649      0.465471      0.003632      0.139399      1.483992      -0.604704      0.600232      
650      0.464931      0.003492      0.139429      1.481946      -0.611722      0.607258      
651      0.464321      0.003352      0.139439      1.479977      -0.618397      0.613941      
652      0.463481      0.003172      0.139359      1.475749      -0.632474      0.628036      
653      0.463001      0.003052      0.139279      1.473244      -0.640656      0.636228      
654      0.462561      0.002902      0.139209      1.470654      -0.649004      0.644587      
655      0.462181      0.002772      0.139089      1.467615      -0.658652      0.654249      
656      0.461991      0.002702      0.139089      1.466519      -0.662094      0.657695      
657      0.461631      0.002552      0.139129      1.462929      -0.673239      0.668855      
658      0.461221      0.002432      0.138969      1.459836      -0.682682      0.678310      
659      0.460691      0.002312      0.138789      1.456177      -0.693676      0.689319      
660      0.459781      0.002112      0.138499      1.449174      -0.714204      0.709875      
661      0.458991      0.001922      0.138399      1.444963      -0.726245      0.721934      
662      0.458181      0.001702      0.138349      1.439950      -0.740298      0.736007      
663      0.457381      0.001432      0.138339      1.435559      -0.752374      0.748101      
664      0.457001      0.001272      0.138439      1.433813      -0.757116      0.752849      
665      0.456251      0.000912      0.138749      1.429378      -0.769018      0.764769      
666      0.455551      0.000552      0.139029      1.424796      -0.781102      0.776871      
667      0.454751      0.000162      0.139229      1.420378      -0.792564      0.788350      
668      0.453511      -0.000338      0.139249      1.414458      -0.807633      0.803443      
669      0.452691      -0.000578      0.139079      1.411611      -0.814772      0.810594      
670      0.451841      -0.000808      0.138869      1.408851      -0.821625      0.817458      
671      0.451031      -0.001048      0.138539      1.405676      -0.829429      0.825274      
672      0.450661      -0.001148      0.138359      1.404023      -0.833459      0.829310      
673      0.449951      -0.001418      0.138039      1.400623      -0.841683      0.837547      
674      0.449241      -0.001718      0.137659      1.395892      -0.852973      0.848856      
675      0.448471      -0.002008      0.137259      1.391268      -0.863851      0.859751      
676      0.447671      -0.002328      0.136929      1.386540      -0.874810      0.870729      
677      0.446411      -0.002768      0.136419      1.378776      -0.892477      0.888426      
678      0.445581      -0.003028      0.136099      1.374882      -0.901188      0.897152      
679      0.444751      -0.003278      0.135749      1.370022      -0.911925      0.907908      
680      0.443931      -0.003538      0.135439      1.364048      -0.924925      0.920931      
681      0.443561      -0.003678      0.135309      1.360640      -0.932249      0.928268      
682      0.442701      -0.003968      0.134979      1.354166      -0.945976      0.942020      
683      0.441561      -0.004378      0.134669      1.347225      -0.960442      0.956512      
684      0.440951      -0.004628      0.134529      1.343298      -0.968513      0.964598      
685      0.440331      -0.004878      0.134339      1.337857      -0.979565      0.975670      
686      0.439671      -0.005098      0.134139      1.332467      -0.990371      0.986497      
687      0.439011      -0.005268      0.133909      1.328051      -0.999120      0.995263      
688      0.438251      -0.005428      0.133669      1.324436      -1.006215      1.002371      
689      0.437861      -0.005518      0.133539      1.322925      -1.009163      1.005324      
690      0.437081      -0.005668      0.133249      1.319923      -1.014988      1.011161      
