221      74.767468      0.087270      
222      74.335445      0.087270      
223      73.997390      0.087270      
224      73.576826      0.087270      
225      72.937387      0.087270      
226      72.428585      0.087270      
227      71.730129      0.087270      
228      70.835715      0.087270      
229      70.332644      0.087270      
230      69.784880      0.087270      
231      69.674869      0.087270      
232      69.468025      0.087270      
233      69.175235      0.087270      
234      68.833742      0.087270      
235      68.330097      0.087270      
236      68.051631      0.087270      
237      67.696387      0.087270      
238      67.325672      0.087270      
239      67.195607      0.087270      
240      66.810568      0.087270      
241      66.308642      0.087270      
242      65.790673      0.087270      
243      65.165558      0.087270      
244      64.523826      0.087270      
245      63.840267      0.087270      
246      63.314850      0.087270      
247      62.744740      0.087270      
248      62.422728      0.087270      
249      61.745472      0.087270      
250      60.874550      0.087270      
251      60.232819      0.087270      
252      59.581919      0.087270      
253      59.390546      0.087270      
254      58.731052      0.087270      
255      58.219386      0.087270      
256      57.350756      0.087270      
257      56.616202      0.087270      
258      56.065001      0.087270      
259      55.547032      0.087270      
260      55.222155      0.087270      
261      54.990100      0.087270      
262      54.001719      0.087270      
263      53.333630      0.087270      
264      52.594493      0.087270      
265      51.982556      0.087270      
266      51.252586      0.087270      
267      50.911666      0.087270      
268      50.402292      0.087270      
269      49.734776      0.087270      
270      48.920579      0.087270      
271      48.235875      0.087270      
272      47.694413      0.087270      
273      47.312239      0.087270      
274      46.897979      0.087270      
275      46.712335      0.087270      
276      46.278593      0.087270      
277      45.758905      0.087270      
278      45.150979      0.087270      
279      44.498361      0.087270      
280      44.080089      0.087270      
281      43.410855      0.087270      
282      42.643642      0.087270      
283      41.768136      0.087270      
284      41.619736      0.087270      
285      40.901799      0.087270      
286      40.210791      0.087270      
287      39.200064      0.087270      
288      38.641986      0.087270      
289      38.244342      0.087270      
290      37.823205      0.087270      
291      37.520102      0.087270      
292      37.192933      0.087270      
293      36.424001      0.087270      
294      35.787426      0.087270      
295      34.627153      0.087270      
296      33.633042      0.087270      
297      32.381092      0.087270      
298      31.513608      0.087270      
299      31.197326      0.087270      
300      30.763011      0.087270      
301      30.330988      0.087270      
302      29.946522      0.087270      
303      29.233169      0.087270      
304      28.458507      0.087270      
305      27.291358      0.087270      
306      26.646188      0.087270      
307      26.007321      0.087270      
308      25.748337      0.087270      
309      25.242400      0.087270      
310      24.806366      0.087270      
311      24.316473      0.087270      
312      23.655260      0.087270      
313      23.302308      0.087270      
314      22.774598      0.087270      
315      22.416489      0.087270      
316      21.859558      0.087270      
317      21.447589      0.087270      
318      21.245902      0.087270      
319      20.964571      0.087270      
320      20.511348      0.087270      
321      20.343466      0.087270      
322      20.052395      0.087270      
323      19.216425      0.087270      
324      18.644024      0.087270      
325      18.277320      0.087270      
326      17.635588      0.087270      
327      17.235079      0.087270      
328      16.615120      0.087270      
329      15.935572      0.087270      
330      15.348273      0.087270      
331      14.822855      0.087270      
332      14.645233      0.087270      
333      14.284259      0.087270      
334      13.937036      0.087270      
335      13.511889      0.087270      
336      13.252332      0.087270      
337      13.093618      0.087270      
338      13.017412      0.087270      
339      12.805984      0.087270      
340      12.375107      0.087270      
341      12.096069      0.087270      
342      11.830781      0.087270      
343      11.557473      0.087270      
344      11.159255      0.087270      
345      10.996530      0.087270      
346      10.664778      0.087270      
347      10.127901      0.087270      
348      9.947414      0.087270      
349      9.703326      0.087270      
350      9.454655      0.087270      
351      9.396785      0.087270      
352      9.245520      0.087270      
353      8.981951      0.087270      
354      8.921789      0.087270      
355      8.555085      0.087270      
356      7.945440      0.087270      
357      7.446379      0.087270      
358      7.289384      0.087270      
359      6.910648      0.087270      
360      6.480344      0.087270      
361      6.395544      0.087270      
362      6.249435      0.087270      
363      5.959510      0.087270      
364      5.821996      0.087270      
365      5.741779      0.087270      
366      5.479357      0.087270      
367      5.428935      0.087270      
368      5.293713      0.087270      
369      5.125832      0.087270      
370      5.042177      0.087270      
371      4.734490      0.087270      
372      3.989623      0.087270      
373      3.567913      0.087270      
374      3.028744      0.087270      
375      2.637975      0.087270      
376      2.396180      0.087270      
377      2.402483      0.087270      
378      2.133758      0.087270      
379      2.141779      0.087270      
380      2.056979      0.087270      
381      1.890816      0.087270      
382      1.748719      0.087270      
383      1.520102      0.087270      
384      1.285182      0.087270      
385      1.136782      0.087270      
386      0.801592      0.087270      
387      0.493331      0.087270      
388      0.194811      0.087270      
389      -0.240076      0.087270      
390      -0.383320      0.087270      
391      -0.453796      0.087270      
392      -0.532293      0.087270      
393      -0.577558      0.087270      
394      -0.495050      0.087270      
395      -0.378736      0.087270      
396      -0.768932      0.087270      
397      -0.966035      0.087270      
398      -1.339042      0.087270      
399      -1.618654      0.087270      
400      -1.853573      0.087270      
401      -1.998536      0.087270      
402      -2.021455      0.087270      
403      -2.144644      0.087270      
404      -2.330861      0.087270      
405      -2.597294      0.087270      
406      -2.801846      0.087270      
407      -2.879771      0.087270      
408      -2.996658      0.087270      
409      -3.251058      0.112400      
410      -3.432118      0.158540      
411      -3.462486      0.182340      
412      -3.750692      0.251980      
413      -4.180423      0.298030      
414      -4.431959      0.344780      
415      -4.739074      0.390850      
416      -4.966545      0.436330      
417      -5.122967      0.436330      
418      -5.206048      0.436330      
419      -5.203756      0.436330      
420      -5.443260      0.436330      
421      -5.753812      0.436330      
422      -6.004775      0.436330      
423      -6.399554      0.436330      
424      -6.590928      0.436330      
425      -6.836734      0.436330      
426      -7.011491      0.436330      
427      -7.321471      0.436330      
428      -7.395384      0.436330      
429      -7.326054      0.436330      
430      -7.487060      0.436330      
431      -7.796467      0.436330      
432      -8.127646      0.436330      
433      -8.293236      0.436330      
434      -8.521280      0.436330      
435      -8.886837      0.436330      
436      -9.214006      0.436330      
437      -9.408817      0.436330      
438      -9.559510      0.436330      
439      -9.753175      0.436330      
440      -9.714786      0.436330      
441      -9.782397      0.436330      
442      -9.996117      0.436330      
443      -10.146236      0.436330      
444      -10.524399      0.436330      
445      -10.692854      0.436330      
446      -10.869903      0.436330      
447      -11.006271      0.436330      
448      -11.067579      0.436330      
449      -11.277288      0.436330      
450      -11.453764      0.436330      
451      -11.528824      0.436330      
452      -11.860576      0.436330      
453      -12.125863      0.436330      
454      -12.173993      0.436330      
455      -12.239885      0.436330      
456      -12.469075      0.436330      
457      -12.402037      0.436330      
458      -12.549292      0.436330      
459      -12.669616      0.436330      
460      -12.804265      0.436330      
461      -12.959542      0.436330      
462      -13.173261      0.436330      
463      -13.228267      0.436330      
464      -13.523349      0.436330      
465      -13.771447      0.436330      
466      -13.980583      0.436330      
467      -14.208053      0.436330      
468      -14.259621      0.436330      
469      -14.327805      0.436330      
470      -14.214929      0.436330      
471      -14.323794      0.436330      
472      -14.361038      0.436330      
473      -14.291708      0.436330      
474      -14.524336      0.436330      
475      -14.573038      0.436330      
476      -14.693936      0.436330      
477      -14.834888      0.436330      
478      -14.881872      0.436330      
479      -14.950056      0.436330      
480      -15.090435      0.436330      
481      -15.163775      0.436330      
482      -15.192997      0.436330      
483      -15.408435      0.436330      
484      -15.497820      0.436330      
485      -15.587204      0.436330      
486      -15.859367      0.436330      
487      -15.918383      0.436330      
488      -15.918956      0.436330      
489      -15.984275      0.436330      
490      -16.191692      0.436330      
491      -16.215184      0.436330      
492      -16.339519      0.436330      
493      -16.572147      0.436330      
494      -16.655228      0.436330      
495      -16.688461      0.436330      
496      -16.907337      0.436330      
497      -17.003024      0.436330      
498      -17.156581      0.436330      
499      -17.436766      0.436330      
500      -17.662518      0.436330      
501      -17.816075      0.436330      
502      -18.182779      0.436330      
503      -18.382174      0.436330      
504      -18.607353      0.436330      
505      -18.602769      0.436330      
506      -18.768932      0.436330      
507      -18.697310      0.436330      
508      -18.645170      0.436330      
509      -18.649753      0.436330      
510      -18.852013      0.436330      
511      -18.736272      0.436330      
512      -18.719656      0.436330      
513      -18.742575      0.436330      
514      -18.462391      0.436330      
515      -17.899156      0.436330      
516      -16.906191      0.436330      
517      -16.732007      0.436330      
518      -15.881140      0.436330      
519      -15.553971      0.436330      
520      -14.981569      0.436330      
521      -14.777590      0.436330      
522      -14.764985      0.436330      
523      -15.055483      0.436330      
524      -15.344835      0.436330      
525      -15.662263      0.436330      
526      -16.165908      0.436330      
527      -17.439631      0.436330      
528      -17.668248      0.436330      
529      -17.884832      0.436330      
530      -18.013178      0.436330      
531      -18.322012      0.436330      
532      -18.319147      0.436330      
533      -18.529429      0.436330      
534      -18.858889      0.436330      
535      -18.983798      0.436330      
536      -19.235333      0.436330      
537      -19.394047      0.436330      
538      -19.626102      0.436330      
539      -19.650167      0.436330      
540      -19.881076      0.436330      
541      -19.980774      0.436330      
542      -20.356645      0.436330      
543      -20.529683      0.436330      
544      -20.586981      0.436330      
545      -20.789241      0.436330      
546      -20.877479      0.436330      
547      -21.122139      0.436330      
548      -21.251058      0.436330      
549      -21.371956      0.436330      
550      -21.634378      0.436330      
551      -21.839503      0.436330      
552      -22.165526      0.436330      
553      -22.547127      0.436330      
554      -23.192297      0.436330      
555      -23.530925      0.436330      
556      -23.867834      0.436330      
557      -23.870699      0.436330      
558      -22.890912      0.436330      
559      -21.948369      0.436330      
560      -21.687665      0.436330      
561      -21.141047      0.436330      
562      -20.087920      0.436330      
563      -19.878211      0.436330      
564      -20.075314      0.436330      
565      -20.585262      0.436330      
566      -21.518638      0.436330      
567      -21.717460      0.436330      
568      -22.033169      0.436330      
569      -22.166672      0.436330      
570      -22.533949      0.436330      
571      -22.725895      0.436330      
572      -22.897215      0.436330      
573      -23.346427      0.436330      
574      -23.368200      0.436330      
575      -23.245583      0.436330      
576      -23.135572      0.436330      
577      -22.755690      0.436330      
578      -21.877320      0.436330      
579      -21.172561      0.436330      
580      -20.298774      0.436330      
581      -19.288047      0.436330      
582      -18.414834      0.436330      
583      -17.608658      0.436330      
584      -16.202005      0.436330      
585      -14.983861      0.436330      
586      -13.513608      0.436330      
587      -11.441732      0.436330      
588      -10.430431      0.436330      
589      -8.867356      0.392870      
590      -7.970078      0.346830      
591      -7.297979      0.300710      
592      -6.760528      0.254710      
593      -6.468311      0.207260      
594      -6.186981      0.161180      
595      -5.704536      0.091190      
596      -4.794079      0.087270      
597      -3.771319      0.087270      
598      -3.126150      0.087270      
599      -2.530256      0.087270      
600      -1.302371      0.087270      
601      -0.210282      0.087270      
602      0.644024      0.087270      
603      2.318829      0.087270      
604      3.173134      0.087270      
605      4.238867      0.087270      
606      5.410027      0.087270      
607      6.564571      0.087270      
608      6.940442      0.087270      
609      7.701926      0.087270      
610      8.451950      0.087270      
611      9.349228      0.087270      
612      10.490021      0.087270      
613      11.042368      0.087270      
614      11.959701      0.087270      
615      12.451886      0.087270      
616      13.450008      0.087270      
617      14.374789      0.087270      
618      15.300716      0.087270      
619      16.206589      0.087270      
620      17.687729      0.087270      
621      18.580996      0.087270      
622      19.019895      0.087270      
623      19.948114      0.087270      
624      20.831641      0.087270      
625      21.562757      0.087270      
626      23.314913      0.087270      
627      24.944453      0.087270      
628      25.970078      0.087270      
629      26.367722      0.087270      
630      26.816935      0.087270      
631      27.709056      0.087270      
632      27.901003      0.087270      
633      28.429858      0.087270      
634      29.129460      0.087270      
635      30.634665      0.087270      
636      31.831609      0.087270      
637      33.068088      0.087270      
638      33.655961      0.087270      
639      34.960051      0.087270      
640      36.206844      0.087270      
641      37.262836      0.087270      
642      38.692408      0.087270      
643      39.879039      0.087270      
644      41.344135      0.087270      
645      42.074678      0.087270      
646      42.841318      0.087270      
647      43.161038      0.087270      
648      43.679580      0.087270      
649      44.195830      0.087270      
650      44.715518      0.087270      
651      45.209995      0.087270      
652      46.253382      0.087270      
653      46.860162      0.087270      
654      47.479548      0.087270      
655      48.195766      0.087270      
656      48.451313      0.087270      
657      49.279261      0.087270      
658      49.981155      0.087270      
659      50.798790      0.087270      
660      52.326914      0.087270      
661      53.224192      0.087270      
662      54.272163      0.087270      
663      55.173452      0.087270      
664      55.527551      0.087270      
665      56.416807      0.087270      
666      57.320388      0.087270      
667      58.178131      0.087270      
668      59.306892      0.087270      
669      59.842050      0.087270      
670      60.356008      0.087270      
671      60.941588      0.087270      
672      61.244119      0.087270      
673      61.861786      0.087270      
674      62.710361      0.087270      
675      63.528569      0.087270      
676      64.353653      0.087270      
677      65.685246      0.087270      
678      66.342448      0.087270      
679      67.153207      0.087270      
680      68.135859      0.087270      
681      68.689925      0.087270      
682      69.729301      0.087270      
683      70.825975      0.087270      
684      71.438485      0.087270      
685      72.277893      0.087270      
686      73.099538      0.087270      
687      73.765335      0.087270      
688      74.305650      0.087270      
689      74.530256      0.087270      
690      74.974312      0.087270      
