221      0.007430      1637687340474      
222      0.007540      1637687340507      
223      0.005900      1637687340547      
224      0.007340      1637687340571      
225      0.011160      1637687340602      
226      0.008880      1637687340634      
227      0.012190      1637687340688      
228      0.015610      1637687340715      
229      0.008780      1637687340755      
230      0.009560      1637687340786      
231      0.001920      1637687340814      
232      0.003610      1637687340841      
233      0.005110      1637687340870      
234      0.005960      1637687340918      
235      0.008790      1637687340955      
236      0.004860      1637687340989      
237      0.006200      1637687341021      
238      0.006470      1637687341052      
239      0.002270      1637687341080      
240      0.006720      1637687341109      
241      0.008760      1637687341141      
242      0.009040      1637687341191      
243      0.010910      1637687341216      
244      0.011200      1637687341249      
245      0.011930      1637687341276      
246      0.009170      1637687341316      
247      0.009950      1637687341345      
248      0.005620      1637687341382      
249      0.011820      1637687341420      
250      0.015200      1637687341456      
251      0.011200      1637687341485      
252      0.011360      1637687341515      
253      0.003340      1637687341549      
254      0.011510      1637687341593      
255      0.008930      1637687341625      
256      0.015160      1637687341657      
257      0.012820      1637687341699      
258      0.009620      1637687341732      
259      0.009040      1637687341772      
260      0.005670      1637687341805      
261      0.004050      1637687341844      
262      0.017250      1637687341874      
263      0.011660      1637687341901      
264      0.012900      1637687341932      
265      0.010680      1637687341960      
266      0.012740      1637687342001      
267      0.005950      1637687342025      
268      0.008890      1637687342065      
269      0.011650      1637687342088      
270      0.014210      1637687342119      
271      0.011950      1637687342150      
272      0.009450      1637687342182      
273      0.006670      1637687342220      
274      0.007230      1637687342242      
275      0.003240      1637687342279      
276      0.007570      1637687342314      
277      0.009070      1637687342339      
278      0.010610      1637687342389      
279      0.011390      1637687342425      
280      0.007300      1637687342451      
281      0.011680      1637687342482      
282      0.013390      1637687342513      
283      0.015280      1637687342549      
284      0.002590      1637687342582      
285      0.012530      1637687342618      
286      0.012060      1637687342658      
287      0.017640      1637687342689      
288      0.009740      1637687342720      
289      0.006940      1637687342750      
290      0.007350      1637687342785      
291      0.005290      1637687342828      
292      0.005710      1637687342865      
293      0.013420      1637687342897      
294      0.011110      1637687342925      
295      0.020250      1637687342953      
296      0.017350      1637687342985      
297      0.021850      1637687343019      
298      0.015140      1637687343048      
299      0.005520      1637687343080      
300      0.007580      1637687343116      
301      0.007540      1637687343147      
302      0.006710      1637687343204      
303      0.012450      1637687343249      
304      0.013520      1637687343286      
305      0.020370      1637687343316      
306      0.011260      1637687343350      
307      0.011150      1637687343384      
308      0.004520      1637687343419      
309      0.008830      1637687343479      
310      0.007610      1637687343519      
311      0.008550      1637687343552      
312      0.011540      1637687343585      
313      0.006160      1637687343618      
314      0.009210      1637687343661      
315      0.006250      1637687343694      
316      0.009720      1637687343732      
317      0.007190      1637687343758      
318      0.003520      1637687343788      
319      0.004910      1637687343818      
320      0.007910      1637687343853      
321      0.002930      1637687343891      
322      0.005080      1637687343933      
323      0.014590      1637687343965      
324      0.009990      1637687343999      
325      0.006400      1637687344031      
326      0.011200      1637687344064      
327      0.006990      1637687344097      
328      0.010820      1637687344133      
329      0.011860      1637687344165      
330      0.010250      1637687344201      
331      0.009170      1637687344233      
332      0.003100      1637687344266      
333      0.006300      1637687344300      
334      0.006060      1637687344335      
335      0.007420      1637687344365      
336      0.004530      1637687344397      
337      0.002770      1637687344432      
338      0.001330      1637687344461      
339      0.003690      1637687344496      
340      0.007520      1637687344524      
341      0.004870      1637687344554      
342      0.004630      1637687344581      
343      0.004770      1637687344611      
344      0.006950      1637687344640      
345      0.002840      1637687344686      
346      0.005790      1637687344733      
347      0.009370      1637687344758      
348      0.003150      1637687344787      
349      0.004260      1637687344818      
350      0.004340      1637687344848      
351      0.001010      1637687344889      
352      0.002640      1637687344918      
353      0.004600      1637687344942      
354      0.001050      1637687344978      
355      0.006400      1637687345022      
356      0.010640      1637687345052      
357      0.008710      1637687345084      
358      0.002740      1637687345130      
359      0.006610      1637687345173      
360      0.007510      1637687345198      
361      0.001480      1637687345232      
362      0.002550      1637687345270      
363      0.005060      1637687345301      
364      0.002400      1637687345347      
365      0.001400      1637687345386      
366      0.004580      1637687345418      
367      0.000880      1637687345452      
368      0.002360      1637687345484      
369      0.002930      1637687345530      
370      0.001460      1637687345571      
371      0.005370      1637687345608      
372      0.013000      1637687345639      
373      0.007360      1637687345671      
374      0.009410      1637687345704      
375      0.006820      1637687345738      
376      0.004220      1637687345773      
377      -0.000110      1637687345818      
378      0.004690      1637687345851      
379      -0.000140      1637687345890      
380      0.001480      1637687345930      
381      0.002900      1637687345971      
382      0.002480      1637687346000      
383      0.003990      1637687346035      
384      0.004100      1637687346066      
385      0.002590      1637687346098      
386      0.005850      1637687346126      
387      0.005380      1637687346166      
388      0.005210      1637687346202      
389      0.007590      1637687346233      
390      0.002500      1637687346266      
391      0.001230      1637687346304      
392      0.001370      1637687346338      
393      0.000790      1637687346381      
394      -0.001440      1637687346422      
395      -0.002030      1637687346465      
396      0.006810      1637687346490      
397      0.003440      1637687346532      
398      0.006510      1637687346570      
399      0.004880      1637687346596      
400      0.004100      1637687346626      
401      0.002530      1637687346658      
402      0.000400      1637687346696      
403      0.002150      1637687346726      
404      0.003250      1637687346764      
405      0.004650      1637687346790      
406      0.003570      1637687346819      
407      0.001360      1637687346849      
408      0.002040      1637687346875      
409      0.004440      1637687346907      
410      0.003160      1637687346939      
411      0.000530      1637687347001      
412      0.005030      1637687347023      
413      0.007500      1637687347051      
414      0.004390      1637687347082      
415      0.005360      1637687347114      
416      0.003970      1637687347143      
417      0.002730      1637687347173      
418      0.001450      1637687347214      
419      -0.000040      1637687347254      
420      0.004180      1637687347287      
421      0.005420      1637687347318      
422      0.004380      1637687347350      
423      0.006890      1637687347395      
424      0.003340      1637687347419      
425      0.004290      1637687347450      
426      0.003050      1637687347475      
427      0.005410      1637687347506      
428      0.001290      1637687347564      
429      -0.001210      1637687347614      
430      0.002810      1637687347636      
431      0.005400      1637687347666      
432      0.005780      1637687347698      
433      0.002890      1637687347731      
434      0.003980      1637687347758      
435      0.006380      1637687347801      
436      0.005710      1637687347822      
437      0.003400      1637687347864      
438      0.002630      1637687347887      
439      0.003380      1637687347922      
440      -0.000670      1637687347948      
441      0.001180      1637687347981      
442      0.003730      1637687348013      
443      0.002620      1637687348041      
444      0.006600      1637687348096      
445      0.002940      1637687348123      
446      0.003090      1637687348155      
447      0.002380      1637687348197      
448      0.001070      1637687348219      
449      0.003660      1637687348248      
450      0.003080      1637687348279      
451      0.001310      1637687348308      
452      0.005790      1637687348340      
453      0.004630      1637687348392      
454      0.000840      1637687348435      
455      0.001150      1637687348454      
456      0.004000      1637687348486      
457      -0.001170      1637687348515      
458      0.002570      1637687348546      
459      0.002100      1637687348579      
460      0.002350      1637687348620      
461      0.002710      1637687348643      
462      0.003730      1637687348691      
463      0.000960      1637687348729      
464      0.005150      1637687348754      
465      0.004330      1637687348787      
466      0.003650      1637687348832      
467      0.003970      1637687348856      
468      0.000900      1637687348881      
469      0.001190      1637687348908      
470      -0.001970      1637687348966      
471      0.001900      1637687348995      
472      0.000650      1637687349035      
473      -0.001210      1637687349072      
474      0.004060      1637687349100      
475      0.000850      1637687349132      
476      0.002110      1637687349164      
477      0.002460      1637687349195      
478      0.000820      1637687349231      
479      0.001190      1637687349266      
480      0.002450      1637687349287      
481      0.001280      1637687349315      
482      0.000510      1637687349347      
483      0.003760      1637687349380      
484      0.001560      1637687349410      
485      0.001560      1637687349458      
486      0.004750      1637687349498      
487      0.001030      1637687349524      
488      0.000010      1637687349555      
489      0.001140      1637687349585      
490      0.003620      1637687349614      
491      0.000410      1637687349652      
492      0.002170      1637687349679      
493      0.004060      1637687349724      
494      0.001450      1637687349757      
495      0.000580      1637687349790      
496      0.003820      1637687349821      
497      0.001670      1637687349852      
498      0.002680      1637687349888      
499      0.004890      1637687349913      
500      0.003940      1637687349946      
501      0.002680      1637687349998      
502      0.006400      1637687350032      
503      0.003480      1637687350056      
504      0.003930      1637687350098      
505      -0.000080      1637687350120      
506      0.002900      1637687350151      
507      -0.001250      1637687350182      
508      -0.000910      1637687350213      
509      0.000080      1637687350269      
510      0.003530      1637687350300      
511      -0.002020      1637687350324      
512      -0.000290      1637687350356      
513      0.000400      1637687350386      
514      -0.004890      1637687350417      
515      -0.009830      1637687350456      
516      -0.017330      1637687350494      
517      -0.003040      1637687350532      
518      -0.014850      1637687350565      
519      -0.005710      1637687350590      
520      -0.009990      1637687350623      
521      -0.003560      1637687350661      
522      -0.000220      1637687350693      
523      0.005070      1637687350718      
524      0.005050      1637687350748      
525      0.005540      1637687350779      
526      0.008790      1637687350825      
527      0.022230      1637687350861      
528      0.003990      1637687350896      
529      0.003780      1637687350921      
530      0.002240      1637687350950      
531      0.005390      1637687350986      
532      -0.000050      1637687351013      
533      0.003670      1637687351066      
534      0.005750      1637687351099      
535      0.002180      1637687351132      
536      0.004390      1637687351153      
537      0.002770      1637687351183      
538      0.004050      1637687351215      
539      0.000420      1637687351247      
540      0.004030      1637687351281      
541      0.001740      1637687351332      
542      0.006560      1637687351357      
543      0.003020      1637687351388      
544      0.001000      1637687351419      
545      0.003530      1637687351449      
546      0.001540      1637687351490      
547      0.004270      1637687351513      
548      0.002250      1637687351561      
549      0.002110      1637687351591      
550      0.004580      1637687351630      
551      0.003580      1637687351654      
552      0.005690      1637687351699      
553      0.006660      1637687351723      
554      0.011260      1637687351752      
555      0.005910      1637687351780      
556      0.005880      1637687351813      
557      0.000050      1637687351864      
558      -0.017100      1637687351901      
559      -0.016450      1637687351933      
560      -0.004550      1637687351955      
561      -0.009540      1637687351986      
562      -0.018380      1637687352017      
563      -0.003660      1637687352049      
564      0.003440      1637687352081      
565      0.008900      1637687352132      
566      0.016290      1637687352165      
567      0.003470      1637687352190      
568      0.005510      1637687352221      
569      0.002330      1637687352254      
570      0.006410      1637687352288      
571      0.003350      1637687352322      
572      0.002990      1637687352350      
573      0.007840      1637687352379      
574      0.000380      1637687352426      
575      -0.002140      1637687352457      
576      -0.001920      1637687352497      
577      -0.006630      1637687352534      
578      -0.015330      1637687352552      
579      -0.012300      1637687352584      
580      -0.015250      1637687352617      
581      -0.017640      1637687352649      
582      -0.015240      1637687352679      
583      -0.014070      1637687352738      
584      -0.024550      1637687352759      
585      -0.021260      1637687352789      
586      -0.025660      1637687352822      
587      -0.036160      1637687352854      
588      -0.017650      1637687352888      
589      -0.027280      1637687352933      
590      -0.015660      1637687352953      
591      -0.011730      1637687352984      
592      -0.009380      1637687353016      
593      -0.005100      1637687353048      
594      -0.004910      1637687353092      
595      -0.008420      1637687353134      
596      -0.015890      1637687353166      
597      -0.017850      1637687353190      
598      -0.011260      1637687353221      
599      -0.010400      1637687353252      
600      -0.021430      1637687353285      
601      -0.019060      1637687353321      
602      -0.014910      1637687353371      
603      -0.029230      1637687353402      
604      -0.014910      1637687353423      
605      -0.018600      1637687353456      
606      -0.020440      1637687353489      
607      -0.020150      1637687353531      
608      -0.006560      1637687353565      
609      -0.013290      1637687353582      
610      -0.013090      1637687353614      
611      -0.015660      1637687353661      
612      -0.019910      1637687353690      
613      -0.009640      1637687353724      
614      -0.016010      1637687353769      
615      -0.008590      1637687353789      
616      -0.017420      1637687353820      
617      -0.016140      1637687353849      
618      -0.016160      1637687353881      
619      -0.015810      1637687353933      
620      -0.025850      1637687353968      
621      -0.015590      1637687353990      
622      -0.007660      1637687354021      
623      -0.016200      1637687354052      
624      -0.015420      1637687354084      
625      -0.012760      1637687354116      
626      -0.030580      1637687354147      
627      -0.028440      1637687354191      
628      -0.017900      1637687354222      
629      -0.006940      1637687354255      
630      -0.007840      1637687354296      
631      -0.015570      1637687354318      
632      -0.003350      1637687354358      
633      -0.009230      1637687354381      
634      -0.012210      1637687354429      
635      -0.026270      1637687354457      
636      -0.020890      1637687354491      
637      -0.021580      1637687354522      
638      -0.010260      1637687354555      
639      -0.022760      1637687354593      
640      -0.021760      1637687354620      
641      -0.018430      1637687354650      
642      -0.024950      1637687354679      
643      -0.020710      1637687354735      
644      -0.025570      1637687354767      
645      -0.012750      1637687354798      
646      -0.013380      1637687354830      
647      -0.005580      1637687354855      
648      -0.009050      1637687354885      
649      -0.009010      1637687354917      
650      -0.009070      1637687354951      
651      -0.008630      1637687354997      
652      -0.018210      1637687355029      
653      -0.010590      1637687355056      
654      -0.010810      1637687355089      
655      -0.012500      1637687355122      
656      -0.004460      1637687355154      
657      -0.014450      1637687355188      
658      -0.012250      1637687355215      
659      -0.014270      1637687355262      
660      -0.026670      1637687355291      
661      -0.015660      1637687355323      
662      -0.018290      1637687355357      
663      -0.015730      1637687355395      
664      -0.006180      1637687355420      
665      -0.015520      1637687355450      
666      -0.015770      1637687355482      
667      -0.014970      1637687355529      
668      -0.019700      1637687355562      
669      -0.009340      1637687355595      
670      -0.008970      1637687355624      
671      -0.010220      1637687355653      
672      -0.005280      1637687355686      
673      -0.010780      1637687355720      
674      -0.014810      1637687355750      
675      -0.014280      1637687355789      
676      -0.014400      1637687355830      
677      -0.023240      1637687355857      
678      -0.011470      1637687355888      
679      -0.014150      1637687355922      
680      -0.017150      1637687355953      
681      -0.009670      1637687356003      
682      -0.018140      1637687356038      
683      -0.019140      1637687356065      
684      -0.010690      1637687356094      
685      -0.014650      1637687356128      
686      -0.014340      1637687356156      
687      -0.011620      1637687356203      
688      -0.009430      1637687356227      
689      -0.003920      1637687356255      
690      -0.007750      1637687356285      
