54      0.438201      0.024782      0.128799      1.320475      -1.013921      1.010092      
55      0.439691      0.025472      0.128859      1.325447      -1.004237      1.000389      
56      0.441211      0.026042      0.128849      1.327849      -0.999519      0.995662      
57      0.442851      0.026582      0.128659      1.332701      -0.989904      0.986029      
58      0.443541      0.026912      0.128619      1.333649      -0.988013      0.984135      
59      0.444931      0.027602      0.128659      1.336611      -0.982075      0.978185      
60      0.446271      0.028152      0.128549      1.340027      -0.975176      0.971273      
61      0.447521      0.028792      0.128569      1.344241      -0.966581      0.962662      
62      0.448861      0.029402      0.128559      1.350960      -0.952690      0.948746      
63      0.450731      0.030342      0.128619      1.355631      -0.942890      0.938928      
64      0.452321      0.030832      0.128749      1.360073      -0.933461      0.929482      
65      0.454081      0.031192      0.128649      1.366383      -0.919871      0.915868      
66      0.456031      0.031592      0.128729      1.371901      -0.907790      0.903766      
67      0.456931      0.031772      0.128699      1.375199      -0.900482      0.896445      
68      0.458591      0.032142      0.128609      1.382438      -0.884194      0.880129      
69      0.459851      0.032802      0.128839      1.387768      -0.871980      0.867894      
70      0.461241      0.033312      0.129069      1.391958      -0.862236      0.858135      
71      0.462461      0.033842      0.129179      1.395857      -0.853057      0.848940      
72      0.463391      0.034472      0.129589      1.399371      -0.844688      0.840557      
73      0.464931      0.035112      0.130019      1.405576      -0.829673      0.825518      
74      0.465821      0.035702      0.130379      1.408597      -0.822252      0.818085      
75      0.466401      0.035942      0.130439      1.411608      -0.814780      0.810601      
76      0.467651      0.036342      0.130249      1.418916      -0.796313      0.792106      
77      0.468661      0.036762      0.130109      1.422547      -0.786960      0.782738      
78      0.469701      0.037082      0.129759      1.425159      -0.780152      0.775920      
79      0.470721      0.037352      0.129179      1.428671      -0.770896      0.766650      
80      0.472251      0.037752      0.128009      1.433379      -0.758290      0.754025      
81      0.473091      0.038042      0.127159      1.438019      -0.745635      0.741352      
82      0.473931      0.038242      0.126489      1.441834      -0.735052      0.730753      
83      0.475001      0.038432      0.125499      1.444786      -0.726745      0.722434      
84      0.475471      0.038522      0.125049      1.445740      -0.724039      0.719725      
85      0.476281      0.038772      0.124359      1.447644      -0.718603      0.714281      
86      0.477821      0.039052      0.122859      1.451593      -0.707187      0.702849      
87      0.478551      0.039342      0.122249      1.453283      -0.702238      0.697893      
88      0.479501      0.039572      0.121689      1.456626      -0.692336      0.687977      
89      0.480271      0.039832      0.121219      1.460225      -0.681503      0.677130      
90      0.480981      0.040222      0.120929      1.462846      -0.673494      0.669109      
91      0.481821      0.040422      0.120289      1.466403      -0.662456      0.658058      
92      0.482471      0.040582      0.119899      1.469682      -0.652107      0.647695      
93      0.482931      0.040642      0.119769      1.469914      -0.651366      0.646953      
94      0.483981      0.040652      0.119289      1.472467      -0.643174      0.638750      
95      0.485041      0.040592      0.118889      1.475854      -0.632126      0.627688      
96      0.486181      0.040422      0.118179      1.479995      -0.618335      0.613879      
97      0.487651      0.040292      0.116799      1.485486      -0.599527      0.595048      
98      0.488561      0.040272      0.115999      1.487586      -0.592164      0.587676      
99      0.489381      0.040302      0.115179      1.489718      -0.584590      0.580093      
100      0.490161      0.040392      0.114399      1.490806      -0.580685      0.576184      
101      0.490941      0.040552      0.113439      1.491597      -0.577826      0.573322      
102      0.491751      0.040732      0.112349      1.493371      -0.571363      0.566851      
103      0.492171      0.040832      0.111789      1.494082      -0.568751      0.564235      
104      0.492981      0.041002      0.110559      1.494891      -0.565766      0.561247      
105      0.493691      0.041202      0.109259      1.495559      -0.563285      0.558763      
106      0.494441      0.041362      0.108179      1.496086      -0.561323      0.556799      
107      0.495661      0.041592      0.106829      1.498432      -0.552489      0.547955      
108      0.496371      0.041752      0.105919      1.499081      -0.550022      0.545485      
109      0.497071      0.041922      0.104879      1.499710      -0.547617      0.543077      
110      0.497731      0.042122      0.104029      1.500459      -0.544738      0.540195      
111      0.497991      0.042262      0.103679      1.501012      -0.542604      0.538058      
112      0.498641      0.042502      0.102649      1.501929      -0.539041      0.534492      
113      0.499201      0.042672      0.101759      1.502045      -0.538591      0.534041      
114      0.499721      0.042932      0.100929      1.502999      -0.534857      0.530303      
115      0.500441      0.043052      0.100099      1.504657      -0.528304      0.523742      
116      0.501271      0.043232      0.099459      1.506124      -0.522432      0.517864      
117      0.501771      0.043352      0.098769      1.507957      -0.514998      0.510422      
118      0.502151      0.043502      0.098569      1.509439      -0.508905      0.504322      
119      0.502611      0.043662      0.098199      1.510994      -0.502430      0.497841      
120      0.502861      0.043732      0.097859      1.511667      -0.499600      0.495008      
121      0.503161      0.043902      0.097369      1.512466      -0.496218      0.491622      
122      0.503461      0.044062      0.096829      1.514076      -0.489328      0.484724      
123      0.503821      0.044162      0.096219      1.515694      -0.482303      0.477692      
124      0.504261      0.044322      0.095499      1.516830      -0.477308      0.472692      
125      0.504681      0.044352      0.094619      1.518693      -0.468996      0.464371      
126      0.505081      0.044232      0.093989      1.520100      -0.462612      0.457981      
127      0.505421      0.044302      0.093299      1.521067      -0.458174      0.453538      
128      0.505771      0.044332      0.092549      1.522402      -0.451974      0.447333      
129      0.505961      0.044312      0.092229      1.522676      -0.450689      0.446047      
130      0.506351      0.044382      0.091429      1.522578      -0.451149      0.446507      
131      0.506691      0.044442      0.090519      1.523039      -0.448983      0.444339      
132      0.507121      0.044392      0.089909      1.522927      -0.449513      0.444869      
133      0.507501      0.044322      0.089259      1.523112      -0.448641      0.443996      
134      0.507821      0.044152      0.088669      1.523206      -0.448197      0.443551      
135      0.508111      0.043882      0.088349      1.523540      -0.446615      0.441969      
136      0.508341      0.043692      0.087899      1.524346      -0.442782      0.438132      
137      0.508421      0.043552      0.087669      1.524878      -0.440234      0.435581      
138      0.508461      0.043442      0.087529      1.525156      -0.438894      0.434240      
139      0.508481      0.043312      0.086749      1.526360      -0.433049      0.428389      
140      0.508451      0.043182      0.086139      1.527057      -0.429627      0.424964      
141      0.508501      0.043052      0.085399      1.527640      -0.426743      0.422077      
142      0.508511      0.043002      0.084929      1.527965      -0.425129      0.420462      
143      0.508591      0.043022      0.084299      1.528545      -0.422229      0.417559      
144      0.508671      0.043002      0.083549      1.528852      -0.420685      0.416013      
145      0.508611      0.043042      0.082989      1.529570      -0.417051      0.412376      
146      0.508661      0.043052      0.082419      1.530323      -0.413206      0.408528      
147      0.508731      0.043052      0.081979      1.530787      -0.410820      0.406139      
148      0.508951      0.042972      0.081629      1.531748      -0.405827      0.401142      
149      0.509231      0.042882      0.081099      1.532528      -0.401732      0.397042      
150      0.509441      0.042732      0.080769      1.532860      -0.399976      0.395285      
151      0.509741      0.042552      0.080429      1.533330      -0.397471      0.392778      
152      0.510051      0.042312      0.080049      1.533933      -0.394241      0.389545      
153      0.510281      0.041962      0.079849      1.534617      -0.390541      0.385842      
154      0.510541      0.041572      0.079529      1.535242      -0.387130      0.382428      
155      0.510721      0.041102      0.079199      1.536030      -0.382782      0.378076      
156      0.510831      0.040622      0.079009      1.537370      -0.375272      0.370559      
157      0.511091      0.040102      0.078709      1.538649      -0.367962      0.363243      
158      0.511391      0.039552      0.078659      1.539405      -0.363565      0.358842      
159      0.511701      0.039092      0.078479      1.540356      -0.357964      0.353236      
160      0.511971      0.038752      0.078109      1.541465      -0.351315      0.346582      
161      0.512181      0.038382      0.077869      1.542183      -0.346939      0.342202      
162      0.512251      0.038302      0.077699      1.542656      -0.344024      0.339285      
163      0.512351      0.038162      0.077369      1.543424      -0.339241      0.334498      
164      0.512441      0.038012      0.077029      1.543943      -0.335973      0.331228      
165      0.512491      0.037892      0.076699      1.544386      -0.333151      0.328403      
166      0.512511      0.037812      0.076359      1.545173      -0.328085      0.323333      
167      0.512521      0.037742      0.076259      1.545973      -0.322854      0.318098      
168      0.512521      0.037672      0.076009      1.547292      -0.314033      0.309270      
169      0.512441      0.037662      0.075799      1.548534      -0.305491      0.300721      
170      0.512331      0.037672      0.075649      1.550110      -0.294287      0.289509      
171      0.512301      0.037692      0.075559      1.551054      -0.287369      0.282586      
172      0.512321      0.037692      0.075519      1.551353      -0.285146      0.280361      
173      0.512391      0.037702      0.075439      1.552709      -0.274814      0.270021      
174      0.512471      0.037702      0.075429      1.553310      -0.270109      0.265313      
175      0.512521      0.037712      0.075459      1.553966      -0.264879      0.260079      
176      0.512561      0.037752      0.075319      1.555250      -0.254330      0.249523      
177      0.512621      0.037742      0.075249      1.556274      -0.245589      0.240776      
178      0.512631      0.037762      0.075169      1.556413      -0.244383      0.239569      
179      0.512661      0.037772      0.075049      1.557414      -0.235476      0.230656      
180      0.512751      0.037702      0.075039      1.558340      -0.226936      0.222110      
181      0.512881      0.037602      0.074949      1.558666      -0.223848      0.219021      
182      0.512871      0.037532      0.074849      1.559095      -0.219718      0.214888      
183      0.512931      0.037362      0.074759      1.559662      -0.214138      0.209305      
184      0.512991      0.037232      0.074599      1.559905      -0.211709      0.206873      
185      0.513041      0.036982      0.074519      1.560349      -0.207186      0.202348      
186      0.513091      0.036922      0.074479      1.560665      -0.203901      0.199062      
187      0.513101      0.036912      0.074449      1.560820      -0.202271      0.197430      
188      0.513091      0.036852      0.074509      1.561026      -0.200092      0.195249      
189      0.513091      0.036802      0.074479      1.561340      -0.196713      0.191868      
190      0.513061      0.036732      0.074479      1.561659      -0.193224      0.188378      
191      0.513031      0.036642      0.074429      1.561881      -0.190754      0.185906      
192      0.512941      0.036552      0.074289      1.562091      -0.188394      0.183545      
193      0.512851      0.036292      0.074159      1.562019      -0.189202      0.184353      
194      0.512791      0.036132      0.073909      1.562044      -0.188927      0.184078      
195      0.512751      0.036032      0.073859      1.562169      -0.187500      0.182651      
196      0.512751      0.035772      0.073789      1.562155      -0.187665      0.182815      
197      0.512811      0.035522      0.073739      1.562015      -0.189249      0.184400      
198      0.512841      0.035272      0.073679      1.562028      -0.189100      0.184251      
199      0.512901      0.035002      0.073749      1.562255      -0.186528      0.181678      
200      0.512921      0.034882      0.073679      1.562268      -0.186371      0.181521      
201      0.512841      0.034732      0.073639      1.562502      -0.183674      0.178822      
202      0.512811      0.034492      0.073669      1.562895      -0.179055      0.174200      
203      0.512801      0.034292      0.073689      1.563088      -0.176742      0.171886      
204      0.512781      0.034152      0.073809      1.563312      -0.174013      0.169155      
205      0.512791      0.033962      0.073859      1.563535      -0.171260      0.166401      
206      0.512821      0.033732      0.073879      1.563534      -0.171276      0.166416      
207      0.512841      0.033542      0.074039      1.563869      -0.167048      0.162187      
208      0.512831      0.033402      0.074049      1.563926      -0.166327      0.161465      
209      0.512841      0.033202      0.074099      1.564225      -0.162444      0.157580      
210      0.512831      0.033092      0.074129      1.565311      -0.147516      0.142644      
211      0.512791      0.033022      0.074229      1.565684      -0.142025      0.137149      
212      0.512691      0.033042      0.074399      1.565729      -0.141358      0.136482      
213      0.512671      0.033032      0.074389      1.565842      -0.139640      0.134763      
214      0.512671      0.033002      0.074429      1.566297      -0.132523      0.127643      
215      0.512631      0.033012      0.074479      1.566604      -0.127493      0.122611      
216      0.512461      0.033142      0.074449      1.566805      -0.124104      0.119219      
217      0.512411      0.033222      0.074519      1.566997      -0.120768      0.115882      
218      0.512411      0.033252      0.074579      1.567294      -0.115416      0.110528      
219      0.512371      0.033312      0.074609      1.567390      -0.113651      0.108761      
220      0.512371      0.033332      0.074609      1.567456      -0.112411      0.107520      
221      0.512361      0.033352      0.074629      1.567651      -0.108651      0.103759      
222      0.512341      0.033322      0.074699      1.567847      -0.104759      0.099865      
223      0.512311      0.033302      0.074739      1.567987      -0.101894      0.096999      
224      0.512251      0.033332      0.074819      1.568197      -0.097412      0.092515      
225      0.512231      0.033332      0.074889      1.568342      -0.094225      0.089327      
226      0.512161      0.033332      0.075009      1.568373      -0.093527      0.088628      
227      0.512111      0.033342      0.075089      1.568442      -0.091941      0.087041      
228      0.512071      0.033342      0.075149      1.568443      -0.091910      0.087010      
229      0.512051      0.033302      0.075309      1.568509      -0.090387      0.085487      
230      0.512011      0.033312      0.075429      1.568550      -0.089414      0.084513      
231      0.511991      0.033292      0.075509      1.568774      -0.083958      0.079055      
232      0.511901      0.033312      0.075759      1.568919      -0.080221      0.075317      
233      0.511761      0.033392      0.075699      1.568944      -0.079562      0.074657      
234      0.511691      0.033342      0.075769      1.568991      -0.078314      0.073408      
235      0.511671      0.033362      0.075839      1.569031      -0.077231      0.072324      
236      0.511621      0.033262      0.075839      1.569062      -0.076367      0.071460      
237      0.511581      0.033242      0.075979      1.569080      -0.075872      0.070966      
238      0.511471      0.033262      0.075989      1.569190      -0.072764      0.067856      
239      0.511401      0.033232      0.076099      1.569288      -0.069851      0.064942      
240      0.511331      0.033192      0.076249      1.569399      -0.066436      0.061525      
241      0.511121      0.033252      0.076199      1.569531      -0.062134      0.057221      
242      0.510891      0.033292      0.076409      1.569657      -0.057737      0.052823      
243      0.510641      0.033372      0.076499      1.569778      -0.053168      0.048252      
244      0.510331      0.033422      0.076489      1.569849      -0.050318      0.045400      
245      0.510031      0.033422      0.076379      1.569925      -0.047059      0.042141      
246      0.509941      0.033412      0.076309      1.569948      -0.046031      0.041112      
247      0.509841      0.033362      0.076289      1.569947      -0.046054      0.041135      
248      0.509681      0.033342      0.076169      1.569992      -0.043997      0.039077      
249      0.509401      0.033332      0.076029      1.570055      -0.040935      0.036014      
250      0.509121      0.033372      0.075989      1.570099      -0.038611      0.033689      
251      0.508811      0.033402      0.075939      1.570113      -0.037889      0.032966      
252      0.508431      0.033442      0.076089      1.570173      -0.034481      0.029557      
253      0.508311      0.033472      0.076149      1.570197      -0.033028      0.028104      
254      0.507981      0.033562      0.076219      1.570246      -0.029825      0.024899      
255      0.507871      0.033592      0.076349      1.570257      -0.029063      0.024138      
256      0.507611      0.033702      0.076579      1.570314      -0.024838      0.019912      
257      0.507371      0.033712      0.076819      1.570368      -0.019994      0.015065      
258      0.507241      0.033742      0.077129      1.570407      -0.015753      0.010823      
259      0.507121      0.033742      0.077359      1.570468      -0.004783      -0.000150      
260      0.506891      0.033802      0.077699      1.570477      -0.000708      -0.004227      
261      0.506661      0.033902      0.077579      1.570478      0.000258      -0.005193      
262      0.506521      0.033912      0.077579      1.570478      0.001758      -0.006694      
263      0.506271      0.033942      0.077629      1.570475      0.005755      -0.010692      
264      0.506051      0.033952      0.077689      1.570478      0.003164      -0.008100      
265      0.505741      0.033982      0.077789      1.570478      0.003548      -0.008485      
266      0.505451      0.033972      0.077859      1.570478      0.001028      -0.005963      
267      0.505171      0.033912      0.077989      1.570478      0.000784      -0.005720      
268      0.504611      0.033832      0.078129      1.570473      -0.002962      -0.001973      
269      0.504421      0.033782      0.078119      1.570473      -0.002797      -0.002138      
270      0.504031      0.033642      0.078259      1.570474      -0.002585      -0.002350      
271      0.503561      0.033532      0.078369      1.570474      -0.002702      -0.002232      
272      0.503061      0.033432      0.078479      1.570474      -0.002679      -0.002256      
273      0.502431      0.033392      0.078289      1.570471      -0.003880      -0.001054      
274      0.501821      0.033322      0.077889      1.570467      -0.005113      0.000180      
275      0.501201      0.033162      0.077609      1.570471      -0.003880      -0.001054      
276      0.500361      0.032872      0.077349      1.570467      -0.005097      0.000164      
277      0.500061      0.032762      0.077259      1.570468      -0.004768      -0.000166      
278      0.499571      0.032532      0.077169      1.570466      -0.005396      0.000462      
279      0.499041      0.032402      0.077029      1.570473      -0.003150      -0.001784      
280      0.498541      0.032222      0.077029      1.570478      0.000431      -0.005366      
281      0.498131      0.032142      0.076889      1.570478      0.001719      -0.006654      
282      0.497621      0.032092      0.076729      1.570478      0.003415      -0.008351      
283      0.497061      0.032022      0.076759      1.570446      0.013678      -0.018618      
284      0.496891      0.032002      0.076779      1.570429      0.016505      -0.021445      
285      0.496521      0.031992      0.076819      1.570420      0.017809      -0.022749      
286      0.496181      0.032022      0.076659      1.570420      0.017707      -0.022647      
287      0.495801      0.032052      0.076509      1.570412      0.018837      -0.023778      
288      0.495491      0.032082      0.076319      1.570416      0.018256      -0.023197      
289      0.495051      0.032232      0.075939      1.570421      0.017636      -0.022577      
290      0.494621      0.032402      0.075719      1.570422      0.017518      -0.022459      
291      0.494421      0.032582      0.075549      1.570427      0.016788      -0.021728      
292      0.494131      0.032872      0.075389      1.570424      0.017165      -0.022105      
293      0.494041      0.033042      0.075379      1.570417      0.018107      -0.023048      
294      0.493961      0.033182      0.075329      1.570402      0.019984      -0.024925      
295      0.493821      0.033442      0.075289      1.570370      0.023526      -0.028468      
296      0.493721      0.033742      0.075259      1.570356      0.024900      -0.029842      
297      0.493551      0.034062      0.075169      1.570351      0.025285      -0.030227      
298      0.493411      0.034272      0.075349      1.570279      0.031205      -0.036150      
299      0.493301      0.034492      0.075349      1.570238      0.034095      -0.039040      
300      0.493261      0.034722      0.075459      1.570183      0.037590      -0.042536      
301      0.493441      0.034802      0.075779      1.569891      0.052219      -0.057168      
302      0.493541      0.034822      0.075849      1.569753      0.057849      -0.062800      
303      0.493561      0.035012      0.075899      1.569733      0.058618      -0.063570      
304      0.493491      0.035342      0.075899      1.569678      0.060668      -0.065619      
305      0.493501      0.035582      0.076019      1.569456      0.068331      -0.073285      
306      0.493491      0.035872      0.075999      1.569376      0.070859      -0.075814      
307      0.493411      0.036232      0.076019      1.569362      0.071315      -0.076269      
308      0.493371      0.036662      0.076009      1.569301      0.073191      -0.078146      
309      0.493381      0.036792      0.076039      1.569256      0.074534      -0.079489      
310      0.493341      0.037062      0.076049      1.569243      0.074919      -0.079874      
311      0.493331      0.037242      0.076009      1.569227      0.075398      -0.080353      
312      0.493411      0.037352      0.076099      1.569225      0.075453      -0.080408      
313      0.493591      0.037392      0.076269      1.569147      0.077690      -0.082646      
314      0.493741      0.037402      0.076269      1.569144      0.077792      -0.082748      
315      0.493771      0.037422      0.076269      1.569029      0.080980      -0.085936      
316      0.494011      0.037362      0.076479      1.568600      0.091948      -0.096907      
317      0.494211      0.037302      0.076579      1.568546      0.093236      -0.098194      
318      0.494261      0.037302      0.076639      1.568532      0.093550      -0.098508      
319      0.494271      0.037312      0.076649      1.568516      0.093935      -0.098893      
320      0.494441      0.037282      0.076769      1.568572      0.092623      -0.097582      
321      0.494681      0.037182      0.076959      1.568429      0.095952      -0.100911      
322      0.494851      0.037152      0.077039      1.568463      0.095167      -0.100126      
323      0.495081      0.037132      0.077179      1.568263      0.099689      -0.104649      
324      0.495171      0.037132      0.077229      1.568060      0.104078      -0.109038      
325      0.495251      0.037132      0.077309      1.568104      0.103143      -0.108104      
326      0.495371      0.037142      0.077429      1.568004      0.105255      -0.110216      
327      0.495471      0.037132      0.077409      1.567911      0.107163      -0.112124      
328      0.495491      0.037112      0.077379      1.567857      0.108270      -0.113231      
329      0.495481      0.037132      0.077449      1.567865      0.108105      -0.113066      
330      0.495521      0.037072      0.077459      1.567817      0.109078      -0.114040      
331      0.495711      0.036962      0.077649      1.567583      0.113694      -0.118656      
332      0.495831      0.036842      0.077589      1.567561      0.114118      -0.119080      
333      0.495831      0.036812      0.077599      1.567618      0.113019      -0.117981      
334      0.495801      0.036822      0.077529      1.567637      0.112642      -0.117604      
335      0.495821      0.036772      0.077519      1.567637      0.112650      -0.117612      
336      0.495861      0.036722      0.077449      1.567714      0.111135      -0.116097      
337      0.495851      0.036702      0.077339      1.567732      0.110782      -0.115743      
338      0.495831      0.036682      0.077409      1.567659      0.112226      -0.117188      
339      0.495851      0.036652      0.077399      1.567792      0.109581      -0.114542      
340      0.495871      0.036662      0.077349      1.567791      0.109596      -0.114558      
341      0.495861      0.036662      0.077359      1.567847      0.108482      -0.113443      
342      0.495901      0.036612      0.077339      1.567772      0.109981      -0.114942      
343      0.495971      0.036582      0.077449      1.567764      0.110138      -0.115099      
344      0.495981      0.036582      0.077459      1.567768      0.110067      -0.115029      
345      0.495991      0.036622      0.077349      1.567680      0.111810      -0.116772      
346      0.496021      0.036602      0.077399      1.567520      0.114903      -0.119865      
347      0.496001      0.036632      0.077329      1.567565      0.114032      -0.118994      
348      0.496081      0.036582      0.077399      1.567472      0.115821      -0.120784      
349      0.496171      0.036572      0.077439      1.567403      0.117124      -0.122087      
350      0.496301      0.036592      0.077509      1.567260      0.119770      -0.124733      
351      0.496411      0.036582      0.077869      1.567133      0.122062      -0.127025      
352      0.496391      0.036642      0.077639      1.567286      0.119291      -0.124254      
353      0.496401      0.036632      0.077639      1.567261      0.119738      -0.124701      
354      0.496441      0.036622      0.077799      1.567045      0.123639      -0.128603      
355      0.496481      0.036592      0.077719      1.567104      0.122580      -0.127543      
356      0.496491      0.036562      0.077719      1.567191      0.121026      -0.125989      
357      0.496501      0.036552      0.077659      1.567221      0.120476      -0.125439      
358      0.496631      0.036432      0.077719      1.567215      0.120586      -0.125549      
359      0.496671      0.036422      0.077709      1.567221      0.120476      -0.125439      
360      0.496661      0.036422      0.077679      1.567218      0.120531      -0.125494      
361      0.496721      0.036382      0.077879      1.567096      0.122729      -0.127692      
362      0.496761      0.036392      0.077809      1.567068      0.123223      -0.128187      
363      0.496821      0.036332      0.077829      1.567070      0.123184      -0.128148      
364      0.496861      0.036342      0.077849      1.566958      0.125170      -0.130134      
365      0.496871      0.036342      0.077839      1.566867      0.126756      -0.131719      
366      0.497001      0.036222      0.077979      1.566482      0.133239      -0.138203      
367      0.497131      0.036172      0.078049      1.566572      0.131747      -0.136712      
368      0.497191      0.036112      0.078049      1.566517      0.132666      -0.137630      
369      0.497261      0.036082      0.078149      1.566343      0.135491      -0.140456      
370      0.497441      0.036002      0.078249      1.566248      0.137030      -0.141995      
371      0.497471      0.035992      0.078189      1.566450      0.133757      -0.138722      
372      0.497541      0.036002      0.078219      1.566669      0.130123      -0.135087      
373      0.497631      0.036032      0.078129      1.567084      0.122941      -0.127904      
374      0.497581      0.036092      0.078029      1.567247      0.119997      -0.124960      
375      0.497581      0.036092      0.078029      1.567247      0.119997      -0.124960      
376      0.497601      0.036092      0.078129      1.567204      0.120790      -0.125753      
377      0.497631      0.036102      0.078129      1.567331      0.118451      -0.123414      
378      0.497701      0.036092      0.078099      1.567483      0.115609      -0.120572      
379      0.497761      0.036122      0.078089      1.567995      0.105444      -0.110404      
380      0.497851      0.036202      0.077889      1.568728      0.088824      -0.093781      
381      0.498351      0.036182      0.078119      1.569457      0.068300      -0.073253      
382      0.498691      0.036212      0.077869      1.570006      0.047028      -0.051977      
383      0.498931      0.036222      0.077809      1.570346      0.025779      -0.030722      
384      0.499051      0.036212      0.077799      1.570421      0.017612      -0.022553      
385      0.499191      0.036232      0.077559      1.570477      0.004624      -0.009561      
386      0.499271      0.036262      0.077429      1.570414      -0.014780      0.009849      
387      0.499291      0.036302      0.077429      1.570146      -0.036020      0.031097      
388      0.499321      0.036312      0.077289      1.569858      -0.049925      0.045008      
389      0.499331      0.036312      0.077169      1.568669      -0.086572      0.081670      
390      0.499431      0.036132      0.077239      1.567566      -0.110307      0.105416      
391      0.499541      0.035972      0.077279      1.566608      -0.127431      0.122548      
392      0.499581      0.035902      0.077319      1.566078      -0.135991      0.131113      
393      0.499601      0.035772      0.077349      1.564539      -0.158271      0.153405      
394      0.499581      0.035672      0.077499      1.563266      -0.174577      0.169720      
395      0.499661      0.035622      0.077719      1.562256      -0.186512      0.181662      
396      0.499801      0.035552      0.077919      1.560852      -0.201934      0.197093      
397      0.500101      0.035442      0.078049      1.557906      -0.230979      0.226156      
398      0.500191      0.035452      0.078139      1.554734      -0.258622      0.253818      
399      0.500211      0.035442      0.078169      1.549908      -0.295750      0.290973      
400      0.500261      0.035432      0.078169      1.545852      -0.323652      0.318896      
401      0.500311      0.035362      0.078369      1.544065      -0.335199      0.330453      
402      0.500401      0.035132      0.079129      1.540660      -0.356151      0.351422      
403      0.500571      0.034932      0.079479      1.537030      -0.377192      0.372481      
404      0.500871      0.034622      0.079959      1.532152      -0.403713      0.399026      
405      0.501161      0.034212      0.080679      1.526395      -0.432877      0.428217      
406      0.501351      0.033802      0.081339      1.521879      -0.454412      0.449773      
407      0.501281      0.033662      0.081699      1.519749      -0.464216      0.459587      
408      0.501331      0.033552      0.081849      1.515842      -0.481657      0.477046      
409      0.501331      0.033422      0.081979      1.512378      -0.496591      0.491995      
410      0.501211      0.033322      0.082329      1.506365      -0.521461      0.516892      
411      0.501101      0.033352      0.082529      1.501628      -0.540213      0.535665      
412      0.501141      0.033182      0.083139      1.493471      -0.570999      0.566486      
413      0.501281      0.033092      0.083769      1.483131      -0.607668      0.603199      
414      0.501431      0.032902      0.084489      1.477711      -0.625982      0.621536      
415      0.501621      0.032702      0.085359      1.472488      -0.643104      0.638680      
416      0.501841      0.032442      0.086039      1.467051      -0.660427      0.656026      
417      0.502011      0.032162      0.086839      1.464976      -0.666908      0.662515      
418      0.502051      0.032052      0.087509      1.464805      -0.667440      0.663048      
419      0.502021      0.032032      0.087849      1.464415      -0.668651      0.664260      
420      0.501981      0.032052      0.088399      1.463359      -0.671913      0.667527      
421      0.502111      0.032092      0.088359      1.463941      -0.670116      0.665727      
422      0.502211      0.032122      0.088419      1.462743      -0.673810      0.669426      
423      0.502161      0.032262      0.088369      1.460669      -0.680154      0.675779      
424      0.502321      0.032162      0.088539      1.455143      -0.696749      0.692396      
425      0.502331      0.032182      0.088539      1.453288      -0.702223      0.697878      
426      0.502251      0.032242      0.088489      1.451363      -0.707856      0.703519      
427      0.502121      0.032262      0.088449      1.447389      -0.719334      0.715013      
428      0.502141      0.031722      0.088759      1.447002      -0.720441      0.716121      
429      0.502141      0.031722      0.088759      1.445307      -0.725269      0.720957      
430      0.502141      0.031722      0.088759      1.441754      -0.735275      0.730976      
431      0.502141      0.031722      0.088759      1.437517      -0.747017      0.742735      
432      0.502141      0.031722      0.088759      1.426967      -0.775402      0.771163      
433      0.502141      0.031722      0.088759      1.415999      -0.803741      0.799545      
434      0.502141      0.031722      0.088759      1.411978      -0.813855      0.809675      
435      0.502141      0.031722      0.088759      1.404519      -0.832253      0.828102      
436      0.502141      0.031722      0.088759      1.384631      -0.879191      0.875118      
437      0.502141      0.031722      0.088759      1.350046      -0.954594      0.950653      
