225      0.009920      1637687539083      
226      0.010270      1637687539116      
227      0.008690      1637687539143      
228      0.003800      1637687539176      
229      0.007380      1637687539226      
230      0.011810      1637687539257      
231      0.009990      1637687539285      
232      0.011730      1637687539317      
233      0.011910      1637687539349      
234      0.007400      1637687539384      
235      0.007400      1637687539417      
236      0.004200      1637687539469      
237      0.004890      1637687539492      
238      0.004580      1637687539526      
239      0.005810      1637687539555      
240      0.008620      1637687539587      
241      0.011420      1637687539617      
242      0.014110      1637687539668      
243      0.011950      1637687539693      
244      0.016330      1637687539726      
245      0.003410      1637687539758      
246      0.009990      1637687539794      
247      0.009000      1637687539822      
248      0.008660      1637687539859      
249      0.009810      1637687539887      
250      0.010550      1637687539929      
251      0.012640      1637687539960      
252      0.011130      1637687539993      
253      0.004970      1637687540027      
254      0.007770      1637687540069      
255      0.006920      1637687540095      
256      0.011650      1637687540121      
257      0.008710      1637687540151      
258      0.008970      1637687540195      
259      0.009640      1637687540228      
260      0.004750      1637687540270      
261      0.007470      1637687540294      
262      0.009770      1637687540325      
263      0.008790      1637687540356      
264      0.011110      1637687540386      
265      0.015390      1637687540433      
266      0.024200      1637687540473      
267      0.012580      1637687540495      
268      0.012610      1637687540528      
269      0.005470      1637687540563      
270      0.012600      1637687540592      
271      0.010130      1637687540622      
272      0.011860      1637687540662      
273      0.010330      1637687540691      
274      0.009140      1637687540719      
275      0.009280      1637687540751      
276      0.016900      1637687540777      
277      0.017170      1637687540815      
278      0.008890      1637687540842      
279      0.010680      1637687540881      
280      0.009830      1637687540903      
281      0.005190      1637687540934      
282      0.004590      1637687540966      
283      0.005950      1637687541015      
284      0.004630      1637687541044      
285      0.006420      1637687541086      
286      0.002370      1637687541111      
287      0.005290      1637687541142      
288      0.011470      1637687541174      
289      0.011410      1637687541203      
290      0.014160      1637687541235      
291      0.019240      1637687541288      
292      0.016450      1637687541320      
293      0.010030      1637687541352      
294      0.015250      1637687541381      
295      0.005150      1637687541407      
296      0.008120      1637687541438      
297      0.008820      1637687541496      
298      0.011760      1637687541534      
299      0.015430      1637687541570      
300      0.016530      1637687541599      
301      0.022390      1637687541630      
302      0.015720      1637687541660      
303      0.009630      1637687541704      
304      0.013350      1637687541725      
305      0.009520      1637687541760      
306      0.009760      1637687541788      
307      0.007400      1637687541819      
308      0.008740      1637687541845      
309      0.009600      1637687541885      
310      0.011970      1637687541916      
311      0.005880      1637687541941      
312      0.009700      1637687541970      
313      0.009060      1637687542007      
314      0.012490      1637687542049      
315      0.010890      1637687542081      
316      0.008520      1637687542109      
317      0.002890      1637687542142      
318      0.008230      1637687542171      
319      0.007980      1637687542204      
320      0.007340      1637687542235      
321      0.007420      1637687542268      
322      0.010310      1637687542316      
323      0.010640      1637687542343      
324      0.008820      1637687542377      
325      0.012300      1637687542409      
326      0.019100      1637687542442      
327      0.008600      1637687542475      
328      0.014930      1637687542507      
329      0.008720      1637687542543      
330      0.006830      1637687542571      
331      0.003400      1637687542619      
332      0.008770      1637687542652      
333      0.003770      1637687542685      
334      0.003890      1637687542720      
335      0.005410      1637687542757      
336      0.004300      1637687542783      
337      0.003750      1637687542808      
338      0.005410      1637687542839      
339      0.009410      1637687542870      
340      0.008390      1637687542903      
341      0.007450      1637687542959      
342      0.011060      1637687542983      
343      0.008310      1637687543014      
344      0.006950      1637687543042      
345      0.007010      1637687543076      
346      0.007790      1637687543107      
347      0.005450      1637687543150      
348      0.014370      1637687543173      
349      0.009830      1637687543217      
350      0.008090      1637687543249      
351      0.005870      1637687543278      
352      0.005860      1637687543310      
353      0.003060      1637687543343      
354      0.002800      1637687543376      
355      0.003930      1637687543408      
356      0.005240      1637687543440      
357      0.006390      1637687543471      
358      0.005770      1637687543503      
359      0.008570      1637687543557      
360      0.016520      1637687543585      
361      0.008160      1637687543613      
362      0.009510      1637687543643      
363      0.009470      1637687543676      
364      0.006650      1637687543707      
365      0.002840      1637687543740      
366      0.006190      1637687543773      
367      0.002940      1637687543807      
368      0.004030      1637687543850      
369      0.009000      1637687543884      
370      0.006530      1637687543910      
371      0.007870      1637687543943      
372      0.005510      1637687543976      
373      0.003070      1637687544020      
374      0.004120      1637687544038      
375      0.002870      1637687544084      
376      0.005860      1637687544117      
377      0.002520      1637687544143      
378      0.002230      1637687544175      
379      0.003950      1637687544210      
380      0.003040      1637687544251      
381      0.000970      1637687544278      
382      0.003770      1637687544305      
383      0.004580      1637687544355      
384      0.012360      1637687544385      
385      0.005760      1637687544420      
386      0.007700      1637687544455      
387      0.009030      1637687544476      
388      0.005420      1637687544509      
389      0.002890      1637687544543      
390      0.009720      1637687544573      
391      0.006890      1637687544607      
392      0.005370      1637687544658      
393      0.008110      1637687544686      
394      0.001870      1637687544718      
395      0.007200      1637687544748      
396      0.008060      1637687544777      
397      0.002020      1637687544817      
398      0.006680      1637687544844      
399      0.003660      1637687544875      
400      0.002530      1637687544905      
401      0.001890      1637687544957      
402      0.006210      1637687544985      
403      0.002690      1637687545021      
404      0.006430      1637687545044      
405      0.005670      1637687545076      
406      0.002710      1637687545107      
407      0.003510      1637687545139      
408      0.004520      1637687545186      
409      0.003330      1637687545227      
410      0.004070      1637687545258      
411      0.003700      1637687545278      
412      0.001930      1637687545309      
413      0.005130      1637687545343      
414      0.003130      1637687545374      
415      0.001410      1637687545407      
416      0.005420      1637687545457      
417      0.006920      1637687545487      
418      0.006210      1637687545518      
419      0.007790      1637687545550      
420      0.003370      1637687545586      
421      0.004730      1637687545609      
422      0.004990      1637687545652      
423      0.004520      1637687545685      
424      0.005980      1637687545715      
425      0.004900      1637687545756      
426      0.006040      1637687545790      
427      0.003740      1637687545819      
428      0.006370      1637687545867      
429      0.004150      1637687545899      
430      0.005070      1637687545933      
431      0.001350      1637687545961      
432      0.002660      1637687545996      
433      0.000750      1637687546034      
434      0.004940      1637687546068      
435      0.004040      1637687546090      
436      0.002950      1637687546119      
437      0.001760      1637687546151      
438      0.003440      1637687546183      
439      0.004580      1637687546217      
440      0.003870      1637687546248      
441      0.002280      1637687546276      
442      0.001530      1637687546310      
443      0.002840      1637687546342      
444      0.003270      1637687546373      
445      0.001840      1637687546405      
446      0.005400      1637687546434      
447      0.002660      1637687546489      
448      0.006440      1637687546511      
449      0.003000      1637687546543      
450      0.001200      1637687546576      
451      0.001850      1637687546608      
452      0.001280      1637687546641      
453      0.001540      1637687546679      
454      0.002900      1637687546708      
455      0.002360      1637687546737      
456      0.001860      1637687546766      
457      0.001710      1637687546809      
458      0.003140      1637687546844      
459      0.002310      1637687546875      
460      0.000240      1637687546916      
461      0.003990      1637687546937      
462      0.000260      1637687546969      
463      0.003040      1637687546999      
464      0.006490      1637687547043      
465      0.004300      1637687547081      
466      0.001400      1637687547118      
467      0.000380      1637687547165      
468      0.000500      1637687547194      
469      -0.005630      1637687547220      
470      -0.000280      1637687547250      
471      0.001390      1637687547287      
472      0.002430      1637687547336      
473      0.002070      1637687547369      
474      0.003740      1637687547403      
475      0.005020      1637687547424      
476      0.007100      1637687547455      
477      0.011130      1637687547501      
478      0.007910      1637687547536      
479      0.001460      1637687547568      
480      0.004120      1637687547600      
481      -0.001160      1637687547634      
482      0.001150      1637687547667      
483      0.005890      1637687547701      
484      -0.001330      1637687547739      
485      0.003210      1637687547756      
486      0.002710      1637687547789      
487      -0.002370      1637687547820      
488      0.000110      1637687547850      
489      0.001990      1637687547883      
490      0.002470      1637687547923      
491      0.002770      1637687547943      
492      0.000010      1637687547977      
493      -0.000640      1637687548007      
494      -0.007910      1637687548039      
495      -0.016070      1637687548070      
496      -0.019890      1637687548108      
497      -0.029040      1637687548148      
498      -0.032130      1637687548176      
499      -0.023010      1637687548210      
500      -0.006890      1637687548243      
501      -0.011800      1637687548274      
502      -0.008270      1637687548310      
503      -0.008420      1637687548343      
504      -0.005260      1637687548371      
505      -0.010600      1637687548400      
506      -0.010570      1637687548451      
507      -0.008910      1637687548478      
508      -0.006960      1637687548514      
509      -0.004300      1637687548552      
510      -0.008450      1637687548583      
511      -0.009320      1637687548608      
512      -0.007880      1637687548640      
513      -0.016560      1637687548669      
514      -0.018330      1637687548703      
515      -0.020210      1637687548753      
516      -0.018720      1637687548788      
517      -0.007570      1637687548814      
518      -0.021840      1637687548842      
519      -0.013180      1637687548873      
520      -0.007590      1637687548904      
521      -0.006040      1637687548935      
522      -0.002070      1637687548986      
523      -0.009390      1637687549011      
524      -0.008720      1637687549047      
525      -0.003960      1637687549076      
526      -0.014530      1637687549109      
527      -0.014540      1637687549139      
528      -0.008190      1637687549182      
529      -0.011620      1637687549203      
530      -0.015730      1637687549249      
531      -0.027510      1637687549279      
532      -0.027030      1637687549310      
533      -0.037610      1637687549343      
534      -0.028440      1637687549386      
535      -0.009420      1637687549408      
536      -0.025400      1637687549439      
537      -0.023440      1637687549471      
538      -0.019620      1637687549505      
539      -0.016490      1637687549534      
540      -0.013770      1637687549586      
541      -0.020190      1637687549614      
542      -0.014090      1637687549644      
543      -0.011560      1637687549676      
544      -0.004070      1637687549707      
545      -0.016580      1637687549739      
546      -0.019070      1637687549774      
547      -0.018510      1637687549815      
548      -0.025000      1637687549847      
549      -0.023760      1637687549878      
550      -0.022350      1637687549910      
551      -0.022800      1637687549942      
552      -0.012070      1637687549974      
553      -0.021230      1637687550016      
554      -0.016620      1637687550041      
555      -0.015630      1637687550081      
556      -0.019370      1637687550113      
557      -0.008970      1637687550143      
558      -0.010060      1637687550184      
559      -0.011510      1637687550208      
560      -0.008780      1637687550239      
561      -0.015910      1637687550271      
562      -0.021660      1637687550303      
563      -0.024240      1637687550335      
564      -0.022960      1637687550383      
565      -0.037330      1637687550415      
566      -0.018040      1637687550444      
567      -0.014810      1637687550478      
568      -0.014220      1637687550508      
569      -0.006400      1637687550541      
570      -0.010140      1637687550576      
571      -0.010740      1637687550608      
572      -0.011150      1637687550635      
573      -0.008220      1637687550683      
574      -0.014400      1637687550711      
575      -0.011020      1637687550743      
576      -0.012920      1637687550781      
577      -0.001680      1637687550821      
578      -0.015590      1637687550842      
579      -0.014290      1637687550873      
580      -0.013670      1637687550904      
581      -0.017230      1637687550937      
582      -0.015610      1637687550968      
583      -0.015670      1637687551015      
584      -0.024280      1637687551045      
585      -0.015380      1637687551077      
586      -0.016250      1637687551110      
587      -0.007360      1637687551144      
588      -0.021260      1637687551171      
589      -0.013870      1637687551215      
590      -0.010620      1637687551237      
591      -0.014900      1637687551283      
592      -0.025640      1637687551315      
593      -0.015990      1637687551344      
594      -0.013090      1637687551375      
595      -0.016270      1637687551420      
596      -0.008590      1637687551449      
597      -0.018680      1637687551478      
598      -0.019160      1637687551507      
599      -0.018910      1637687551537      
600      -0.019680      1637687551582      
601      -0.023950      1637687551631      
602      -0.010770      1637687551666      
603      -0.016240      1637687551692      
604      -0.004650      1637687551725      
605      -0.010240      1637687551757      
606      -0.006470      1637687551787      
607      -0.011710      1637687551830      
608      -0.011880      1637687551851      
609      -0.006280      1637687551882      
610      -0.011250      1637687551914      
611      -0.013470      1637687551943      
612      -0.007780      1637687551977      
613      -0.003930      1637687552014      
