42      0.402950      0.011295      0.124825      1.326425      -1.001775      0.995908      
43      0.403210      0.011755      0.124655      1.330816      -0.993114      0.987227      
44      0.403450      0.012265      0.124285      1.333310      -0.988153      0.982253      
45      0.403790      0.012545      0.123925      1.337014      -0.980733      0.974815      
46      0.404120      0.012905      0.123345      1.338348      -0.978042      0.972118      
47      0.404270      0.013055      0.123005      1.340456      -0.973775      0.967840      
48      0.404850      0.013195      0.122375      1.352350      -0.949270      0.943278      
49      0.405380      0.013105      0.122235      1.356227      -0.941120      0.935109      
50      0.405820      0.013055      0.122075      1.361706      -0.929460      0.923422      
51      0.406130      0.013255      0.121755      1.366999      -0.918031      0.911967      
52      0.406600      0.013295      0.121435      1.373193      -0.904443      0.898350      
53      0.406960      0.013345      0.121115      1.378585      -0.892420      0.886300      
54      0.407340      0.013565      0.120665      1.382598      -0.883350      0.877210      
55      0.407760      0.013725      0.120175      1.384455      -0.879116      0.872967      
56      0.408240      0.013765      0.119665      1.388058      -0.870835      0.864668      
57      0.408830      0.013765      0.119145      1.391273      -0.863370      0.857188      
58      0.409450      0.013755      0.118695      1.395113      -0.854355      0.848154      
59      0.410130      0.013705      0.118035      1.403850      -0.833430      0.827186      
60      0.410890      0.013715      0.117275      1.411713      -0.814077      0.807795      
61      0.411510      0.013955      0.116495      1.417142      -0.800411      0.794102      
62      0.412140      0.014235      0.115945      1.422210      -0.787413      0.781078      
63      0.412620      0.014635      0.115515      1.425523      -0.778784      0.772434      
64      0.413100      0.014915      0.115095      1.427689      -0.773085      0.766724      
65      0.413600      0.015205      0.114745      1.429821      -0.767430      0.761058      
66      0.414040      0.015445      0.114355      1.431557      -0.762792      0.756412      
67      0.414470      0.015725      0.113865      1.433417      -0.757785      0.751396      
68      0.414810      0.016145      0.113335      1.434166      -0.755760      0.749367      
69      0.415160      0.016575      0.112745      1.435606      -0.751848      0.745448      
70      0.415670      0.016855      0.112275      1.436901      -0.748311      0.741904      
71      0.416190      0.017105      0.111845      1.438563      -0.743744      0.737329      
72      0.416710      0.017345      0.111395      1.439050      -0.742401      0.735983      
73      0.417220      0.017605      0.110935      1.439824      -0.740259      0.733838      
74      0.417710      0.017865      0.110265      1.440649      -0.737971      0.731545      
75      0.418270      0.018125      0.109415      1.441864      -0.734584      0.728153      
76      0.418810      0.018365      0.108645      1.444317      -0.727693      0.721249      
77      0.419350      0.018675      0.107845      1.446063      -0.722744      0.716292      
78      0.419890      0.018935      0.107065      1.449209      -0.713733      0.707265      
79      0.420420      0.018985      0.106525      1.452485      -0.704217      0.697733      
80      0.421050      0.018955      0.105985      1.455873      -0.694226      0.687725      
81      0.421540      0.019045      0.105375      1.459962      -0.681957      0.675435      
82      0.422020      0.019185      0.104695      1.464068      -0.669393      0.662851      
83      0.422470      0.019315      0.103955      1.467511      -0.658657      0.652097      
84      0.422840      0.019435      0.103295      1.470055      -0.650600      0.644028      
85      0.423110      0.019535      0.102765      1.472746      -0.641962      0.635376      
86      0.423360      0.019545      0.102485      1.475047      -0.634477      0.627880      
87      0.423530      0.019635      0.102345      1.476981      -0.628111      0.621504      
88      0.424030      0.019705      0.102115      1.478714      -0.622345      0.615729      
89      0.424160      0.019805      0.102055      1.480042      -0.617892      0.611269      
90      0.424360      0.020085      0.101845      1.483558      -0.605927      0.599287      
91      0.424680      0.020295      0.101565      1.485114      -0.600550      0.593901      
92      0.424980      0.020445      0.101285      1.486752      -0.594838      0.588181      
93      0.425230      0.020595      0.100885      1.488018      -0.590379      0.583716      
94      0.425490      0.020725      0.100375      1.487834      -0.591029      0.584367      
95      0.425630      0.020815      0.100075      1.488742      -0.587816      0.581149      
96      0.425600      0.020935      0.100005      1.489971      -0.583432      0.576760      
97      0.425620      0.020945      0.099935      1.490884      -0.580156      0.573479      
98      0.425610      0.021105      0.099705      1.492851      -0.573028      0.566341      
99      0.425620      0.021295      0.099415      1.495527      -0.563177      0.556476      
100      0.425650      0.021535      0.099075      1.498506      -0.551995      0.545279      
101      0.425640      0.021835      0.098675      1.501581      -0.540195      0.533463      
102      0.425800      0.021895      0.098315      1.503596      -0.532317      0.525574      
103      0.425950      0.021885      0.098135      1.506924      -0.519030      0.512271      
104      0.426060      0.021885      0.098005      1.509712      -0.507617      0.500843      
105      0.426180      0.021905      0.097815      1.511015      -0.502192      0.495411      
106      0.426270      0.021825      0.097615      1.511289      -0.501042      0.494259      
107      0.426370      0.021695      0.097505      1.511552      -0.499938      0.493154      
108      0.426570      0.021505      0.097135      1.511766      -0.499036      0.492251      
109      0.426670      0.021495      0.096625      1.513033      -0.493664      0.486873      
110      0.426810      0.021595      0.095885      1.514097      -0.489107      0.482310      
111      0.427010      0.021735      0.095125      1.515881      -0.481368      0.474561      
112      0.427250      0.021875      0.094275      1.517880      -0.472537      0.465720      
113      0.427520      0.022055      0.093525      1.518847      -0.468202      0.461380      
114      0.427780      0.022315      0.092635      1.521891      -0.454282      0.447444      
115      0.427920      0.022465      0.092155      1.523114      -0.448565      0.441721      
116      0.427960      0.022505      0.091975      1.523871      -0.444990      0.438142      
117      0.427960      0.022705      0.091605      1.526161      -0.433980      0.427120      
118      0.427950      0.022915      0.091285      1.527732      -0.426264      0.419396      
119      0.427900      0.023145      0.091055      1.529866      -0.415544      0.408665      
120      0.427770      0.023435      0.090925      1.532208      -0.403440      0.396547      
121      0.427690      0.023655      0.090825      1.534222      -0.392727      0.385824      
122      0.427650      0.023765      0.090775      1.535635      -0.385032      0.378121      
123      0.427650      0.023785      0.090745      1.536675      -0.379263      0.372347      
124      0.427630      0.023755      0.090695      1.538048      -0.371510      0.364587      
125      0.427630      0.023735      0.090675      1.538679      -0.367894      0.360967      
126      0.427680      0.023615      0.090565      1.539869      -0.360967      0.354033      
127      0.427750      0.023505      0.090505      1.540887      -0.354936      0.347997      
128      0.427760      0.023465      0.090525      1.542739      -0.343685      0.336735      
129      0.427850      0.023395      0.090465      1.543660      -0.337948      0.330994      
130      0.427920      0.023285      0.090385      1.543876      -0.336588      0.329633      
131      0.427960      0.023205      0.090405      1.544052      -0.335478      0.328522      
132      0.428140      0.022985      0.090445      1.543640      -0.338073      0.331119      
133      0.428280      0.022805      0.090425      1.543978      -0.335947      0.328991      
134      0.428630      0.022345      0.090515      1.544506      -0.332594      0.325635      
135      0.428930      0.021905      0.090525      1.545169      -0.328333      0.321370      
136      0.429070      0.021665      0.090545      1.545584      -0.325636      0.318671      
137      0.429340      0.021145      0.090545      1.545583      -0.325643      0.318679      
138      0.429510      0.020655      0.090345      1.545404      -0.326808      0.319845      
139      0.429580      0.020285      0.090145      1.546200      -0.321593      0.314625      
140      0.429640      0.019965      0.090045      1.546811      -0.317535      0.310563      
141      0.429810      0.019635      0.089985      1.547225      -0.314751      0.307777      
142      0.430050      0.019265      0.089895      1.549943      -0.295836      0.288846      
143      0.430150      0.019215      0.089935      1.550381      -0.292667      0.285675      
144      0.430190      0.019225      0.089985      1.550519      -0.291665      0.284672      
145      0.430210      0.019305      0.090025      1.550655      -0.290671      0.283678      
146      0.430230      0.019375      0.090035      1.551239      -0.286367      0.279370      
147      0.430180      0.019555      0.089955      1.551970      -0.280888      0.273888      
148      0.430040      0.019775      0.089945      1.552336      -0.278110      0.271107      
149      0.429970      0.019905      0.089925      1.553610      -0.268191      0.261181      
150      0.429950      0.019975      0.089935      1.554124      -0.264080      0.257067      
151      0.429970      0.019965      0.089935      1.555459      -0.253109      0.246089      
152      0.429970      0.019965      0.089935      1.556648      -0.242911      0.235884      
153      0.429970      0.019985      0.089945      1.556896      -0.240734      0.233704      
154      0.429920      0.020055      0.089945      1.557020      -0.239629      0.232599      
155      0.429890      0.020085      0.089935      1.556934      -0.240397      0.233367      
156      0.429870      0.020135      0.089915      1.557056      -0.239316      0.232286      
157      0.429780      0.020255      0.089895      1.557064      -0.239237      0.232207      
158      0.429660      0.020445      0.089845      1.557165      -0.238344      0.231313      
159      0.429570      0.020605      0.089795      1.558023      -0.230557      0.223521      
160      0.429470      0.020795      0.089785      1.558586      -0.225307      0.218268      
161      0.429430      0.020985      0.089845      1.559378      -0.217705      0.210661      
162      0.429320      0.021365      0.089865      1.559369      -0.217792      0.210748      
163      0.429200      0.021615      0.089895      1.559867      -0.212877      0.205831      
164      0.429080      0.021835      0.089995      1.560167      -0.209860      0.202811      
165      0.429030      0.021935      0.089955      1.560144      -0.210095      0.203046      
166      0.429030      0.021955      0.089965      1.560785      -0.203503      0.196450      
167      0.429030      0.021975      0.090015      1.560913      -0.202162      0.195109      
168      0.429040      0.021955      0.090015      1.561225      -0.198854      0.191799      
169      0.429020      0.021955      0.090075      1.561859      -0.191963      0.184904      
170      0.429020      0.021955      0.090035      1.562378      -0.186137      0.179075      
171      0.429120      0.021795      0.090085      1.563200      -0.176507      0.169440      
172      0.429220      0.021705      0.090115      1.564185      -0.164233      0.157159      
173      0.429330      0.021615      0.090185      1.564472      -0.160492      0.153416      
174      0.429480      0.021465      0.090255      1.564605      -0.158719      0.151642      
175      0.429540      0.021425      0.090275      1.564844      -0.155503      0.148425      
176      0.429580      0.021385      0.090315      1.564941      -0.154169      0.147090      
177      0.429590      0.021395      0.090335      1.565038      -0.152836      0.145756      
178      0.429650      0.021405      0.090425      1.565281      -0.149415      0.142334      
179      0.429770      0.021465      0.090585      1.565431      -0.147281      0.140199      
180      0.429760      0.021565      0.090635      1.565500      -0.146285      0.139202      
181      0.429760      0.021585      0.090605      1.565348      -0.148466      0.141384      
182      0.429780      0.021555      0.090575      1.565270      -0.149580      0.142499      
183      0.429750      0.021555      0.090575      1.565349      -0.148450      0.141369      
184      0.429710      0.021575      0.090575      1.565058      -0.152545      0.145466      
185      0.429750      0.021495      0.090585      1.565137      -0.151447      0.144367      
186      0.429740      0.021485      0.090545      1.564981      -0.153612      0.146533      
187      0.429730      0.021465      0.090525      1.564802      -0.156068      0.148990      
188      0.429700      0.021265      0.090425      1.564513      -0.159951      0.152874      
189      0.429600      0.021215      0.090285      1.564003      -0.166571      0.159498      
190      0.429480      0.021095      0.090135      1.563855      -0.168445      0.161373      
191      0.429410      0.021035      0.090095      1.563759      -0.169653      0.162582      
192      0.429240      0.020915      0.089905      1.563303      -0.175261      0.168192      
193      0.429140      0.020675      0.089715      1.563182      -0.176719      0.169652      
194      0.429020      0.020515      0.089545      1.563104      -0.177660      0.170593      
195      0.429040      0.020255      0.089395      1.562848      -0.180687      0.173622      
196      0.428990      0.019995      0.089275      1.563455      -0.173410      0.166340      
197      0.428820      0.019885      0.089095      1.563559      -0.172139      0.165069      
198      0.428720      0.019525      0.088795      1.563088      -0.177849      0.170782      
199      0.428530      0.019375      0.088545      1.563293      -0.175386      0.168318      
200      0.428330      0.019215      0.088375      1.563223      -0.176233      0.169165      
201      0.428110      0.018965      0.088245      1.563452      -0.173449      0.166380      
202      0.427960      0.018875      0.088155      1.563727      -0.170053      0.162982      
203      0.427840      0.018615      0.087925      1.563771      -0.169504      0.162433      
204      0.427830      0.018205      0.087705      1.563943      -0.167339      0.160267      
205      0.427710      0.018005      0.087485      1.564327      -0.162398      0.155323      
206      0.427680      0.017805      0.087355      1.564346      -0.162147      0.155072      
207      0.427520      0.017685      0.087125      1.564636      -0.158303      0.151226      
208      0.427370      0.017655      0.086965      1.564500      -0.160123      0.153047      
209      0.427250      0.017575      0.086755      1.564914      -0.154546      0.147467      
210      0.427050      0.017545      0.086675      1.565863      -0.140926      0.133841      
211      0.426920      0.017595      0.086655      1.565927      -0.139961      0.132876      
212      0.426760      0.017665      0.086555      1.565999      -0.138879      0.131792      
213      0.426590      0.017735      0.086465      1.565923      -0.140024      0.132938      
214      0.426460      0.017735      0.086385      1.565698      -0.143382      0.136298      
215      0.426290      0.017775      0.086365      1.565714      -0.143155      0.136070      
216      0.426140      0.017845      0.086395      1.565813      -0.141680      0.134595      
217      0.426130      0.017835      0.086355      1.565910      -0.140228      0.133143      
218      0.426060      0.017845      0.086405      1.566272      -0.134641      0.127554      
219      0.426010      0.017915      0.086395      1.566413      -0.132413      0.125324      
220      0.425980      0.018005      0.086395      1.566600      -0.129400      0.122310      
221      0.425960      0.018055      0.086415      1.566667      -0.128301      0.121211      
222      0.425920      0.018175      0.086495      1.566778      -0.126457      0.119366      
223      0.425900      0.018245      0.086475      1.566675      -0.128168      0.121077      
224      0.425950      0.018185      0.086515      1.567207      -0.119080      0.111986      
225      0.425820      0.018325      0.086725      1.567371      -0.116130      0.109034      
226      0.425790      0.018375      0.086745      1.567372      -0.116114      0.109018      
227      0.425790      0.018375      0.086745      1.567310      -0.117236      0.110141      
228      0.425790      0.018375      0.086745      1.567187      -0.119426      0.112331      
229      0.425820      0.018265      0.086735      1.567312      -0.117189      0.110094      
230      0.425780      0.018265      0.086755      1.567436      -0.114937      0.107840      
231      0.425700      0.018405      0.086705      1.567482      -0.114089      0.106992      
232      0.425640      0.018415      0.086695      1.567621      -0.111491      0.104394      
233      0.425570      0.018445      0.086715      1.567669      -0.110589      0.103491      
234      0.425560      0.018375      0.086635      1.567657      -0.110816      0.103718      
235      0.425520      0.018295      0.086625      1.567762      -0.108799      0.101701      
236      0.425460      0.018245      0.086545      1.567673      -0.110502      0.103404      
237      0.425380      0.018185      0.086435      1.567726      -0.109498      0.102399      
238      0.425200      0.018095      0.086355      1.567803      -0.108007      0.100908      
239      0.425150      0.018075      0.086345      1.567792      -0.108226      0.101127      
240      0.425080      0.018005      0.086215      1.567747      -0.109082      0.101983      
241      0.424990      0.017955      0.086105      1.567628      -0.111366      0.104268      
242      0.424880      0.017905      0.086005      1.567566      -0.112527      0.105430      
243      0.424730      0.017825      0.085965      1.567464      -0.114434      0.107338      
244      0.424430      0.017665      0.085795      1.567363      -0.116271      0.109175      
245      0.424360      0.017605      0.085735      1.567294      -0.117519      0.110423      
246      0.424230      0.017485      0.085545      1.567255      -0.118217      0.111122      
247      0.424120      0.017335      0.085395      1.567152      -0.120046      0.112952      
248      0.424030      0.017225      0.085225      1.567126      -0.120509      0.113415      
249      0.423870      0.017165      0.084995      1.567151      -0.120069      0.112975      
250      0.423660      0.017085      0.084815      1.567077      -0.121356      0.114263      
251      0.423480      0.016915      0.084595      1.567025      -0.122259      0.115166      
252      0.423380      0.016705      0.084445      1.567237      -0.118547      0.111452      
253      0.423180      0.016505      0.084205      1.567374      -0.116067      0.108971      
254      0.423080      0.016365      0.084105      1.567570      -0.112457      0.105359      
255      0.423040      0.016305      0.084085      1.567536      -0.113092      0.105995      
256      0.423050      0.016125      0.084065      1.567503      -0.113705      0.106608      
257      0.422990      0.016105      0.083985      1.567685      -0.110275      0.103177      
258      0.422840      0.016185      0.083945      1.567736      -0.109309      0.102211      
259      0.422760      0.016145      0.083895      1.567840      -0.107284      0.100185      
260      0.422610      0.016035      0.083955      1.567911      -0.105872      0.098772      
261      0.422380      0.015905      0.084005      1.568252      -0.098862      0.091760      
262      0.422240      0.015835      0.084055      1.568300      -0.097842      0.090739      
263      0.422110      0.015795      0.084045      1.568361      -0.096515      0.089412      
264      0.421970      0.015745      0.084045      1.568571      -0.091853      0.084748      
265      0.421840      0.015655      0.083985      1.568711      -0.088579      0.081473      
266      0.421780      0.015615      0.083935      1.568717      -0.088446      0.081340      
267      0.421740      0.015495      0.083865      1.568663      -0.089710      0.082604      
268      0.421760      0.015365      0.083855      1.568634      -0.090393      0.083287      
269      0.421780      0.015255      0.083985      1.568758      -0.087457      0.080350      
270      0.421770      0.015235      0.084075      1.568848      -0.085290      0.078183      
271      0.421760      0.015225      0.084275      1.568947      -0.082825      0.075717      
272      0.421750      0.015215      0.084495      1.569028      -0.080737      0.073628      
273      0.421750      0.015245      0.084685      1.569148      -0.077589      0.070479      
274      0.421740      0.015255      0.084795      1.569145      -0.077667      0.070557      
275      0.421740      0.015235      0.084965      1.569143      -0.077722      0.070612      
276      0.421750      0.015225      0.085005      1.569170      -0.077000      0.069890      
277      0.421780      0.015215      0.085025      1.569168      -0.077031      0.069921      
278      0.421800      0.015225      0.085065      1.569165      -0.077118      0.070008      
279      0.421800      0.015225      0.085285      1.569202      -0.076105      0.068995      
280      0.421860      0.015215      0.085365      1.569238      -0.075116      0.068005      
281      0.421930      0.015215      0.085465      1.569283      -0.073860      0.066749      
282      0.421990      0.015235      0.085545      1.569240      -0.075076      0.067966      
283      0.422100      0.015215      0.085605      1.569349      -0.071975      0.064864      
284      0.422110      0.015235      0.085695      1.569433      -0.069518      0.062406      
285      0.422010      0.015385      0.085935      1.569527      -0.066629      0.059515      
286      0.422060      0.015355      0.085995      1.569535      -0.066393      0.059280      
287      0.422080      0.015325      0.085995      1.569571      -0.065262      0.058149      
288      0.422080      0.015305      0.085935      1.569572      -0.065223      0.058110      
289      0.422120      0.015205      0.085955      1.569582      -0.064886      0.057772      
290      0.422100      0.015195      0.085975      1.569684      -0.061572      0.054458      
291      0.422080      0.015205      0.085925      1.569718      -0.060410      0.053295      
292      0.422070      0.015205      0.085925      1.569718      -0.060387      0.053272      
293      0.422000      0.015165      0.085885      1.569796      -0.057670      0.050554      
294      0.421930      0.015195      0.085865      1.569859      -0.055362      0.048245      
295      0.421870      0.015215      0.085825      1.569883      -0.054474      0.047358      
296      0.421860      0.015195      0.085785      1.569913      -0.053312      0.046195      
297      0.421850      0.015195      0.085815      1.569969      -0.051106      0.043988      
298      0.421860      0.015195      0.085835      1.569988      -0.050336      0.043219      
299      0.421880      0.015245      0.085895      1.570176      -0.042044      0.034924      
300      0.421870      0.015295      0.085945      1.570220      -0.039893      0.032772      
301      0.421880      0.015385      0.086025      1.570217      -0.040018      0.032898      
302      0.421900      0.015405      0.086065      1.570244      -0.038644      0.031524      
303      0.421860      0.015485      0.086115      1.570243      -0.038684      0.031563      
304      0.421830      0.015515      0.086145      1.570278      -0.036822      0.029701      
305      0.421850      0.015545      0.086255      1.570392      -0.029975      0.022852      
306      0.421830      0.015655      0.086375      1.570427      -0.027572      0.020449      
307      0.421790      0.015785      0.086435      1.570421      -0.027980      0.020857      
308      0.421830      0.015855      0.086495      1.570420      -0.028098      0.020975      
309      0.421830      0.015875      0.086505      1.570419      -0.028122      0.020999      
310      0.421840      0.015855      0.086505      1.570414      -0.028467      0.021344      
311      0.421850      0.015835      0.086515      1.570434      -0.027046      0.019922      
312      0.421820      0.015885      0.086545      1.570434      -0.027077      0.019954      
313      0.421790      0.015925      0.086615      1.570477      -0.023803      0.016679      
314      0.421750      0.015945      0.086765      1.570490      -0.022727      0.015602      
315      0.421720      0.015995      0.086775      1.570514      -0.020504      0.013380      
316      0.421710      0.015985      0.086805      1.570557      -0.016091      0.008965      
317      0.421700      0.015965      0.086815      1.570591      -0.011654      0.004527      
318      0.421730      0.015895      0.086805      1.570578      -0.013484      0.006358      
319      0.421760      0.015835      0.086805      1.570570      -0.014591      0.007465      
320      0.421750      0.015805      0.086775      1.570561      -0.015635      0.008510      
321      0.421730      0.015795      0.086755      1.570542      -0.017795      0.010670      
322      0.421770      0.015685      0.086825      1.570542      -0.017811      0.010685      
323      0.421780      0.015645      0.086855      1.570541      -0.017842      0.010717      
324      0.421790      0.015675      0.086935      1.570541      -0.017929      0.010803      
325      0.421800      0.015675      0.086915      1.570561      -0.015722      0.008596      
326      0.421800      0.015655      0.086935      1.570561      -0.015722      0.008596      
327      0.421810      0.015645      0.086915      1.570570      -0.014614      0.007489      
328      0.421810      0.015645      0.086935      1.570584      -0.012753      0.005627      
329      0.421800      0.015635      0.086965      1.570591      -0.011630      0.004504      
330      0.421840      0.015535      0.086965      1.570594      -0.011261      0.004135      
331      0.421860      0.015465      0.086955      1.570594      -0.011214      0.004088      
332      0.421890      0.015305      0.086915      1.570608      -0.008921      0.001794      
333      0.421960      0.015105      0.086885      1.570610      -0.008520      0.001393      
334      0.421960      0.015045      0.086855      1.570612      -0.008096      0.000969      
335      0.421950      0.015025      0.086895      1.570629      -0.003683      -0.003445      
336      0.421880      0.015035      0.087125      1.570639      0.001830      -0.008959      
337      0.421870      0.015045      0.087175      1.570639      0.001815      -0.008943      
338      0.421880      0.015045      0.087155      1.570636      -0.000738      -0.006391      
339      0.421890      0.015015      0.087155      1.570632      -0.002615      -0.004513      
340      0.421890      0.015015      0.087175      1.570622      -0.005913      -0.001214      
341      0.421870      0.015005      0.087175      1.570612      -0.008096      0.000969      
342      0.421880      0.014975      0.087155      1.570617      -0.006965      -0.000162      
343      0.421840      0.015035      0.087145      1.570622      -0.005850      -0.001277      
344      0.421830      0.015045      0.087155      1.570622      -0.005858      -0.001269      
345      0.421830      0.015045      0.087165      1.570633      -0.002544      -0.004584      
346      0.421830      0.015045      0.087125      1.570633      -0.002489      -0.004639      
347      0.421830      0.015025      0.087145      1.570639      0.001595      -0.008723      
348      0.421850      0.015035      0.087125      1.570639      0.001595      -0.008723      
349      0.421880      0.015025      0.087095      1.570638      0.004909      -0.012038      
350      0.421890      0.015035      0.087145      1.570632      0.008160      -0.015290      
351      0.421900      0.015015      0.087135      1.570634      0.007061      -0.014190      
352      0.421950      0.014945      0.087125      1.570631      0.008506      -0.015636      
353      0.421950      0.014925      0.087145      1.570628      0.009590      -0.016719      
354      0.421960      0.014975      0.087185      1.570633      0.007642      -0.014772      
355      0.421970      0.014995      0.087215      1.570635      0.006503      -0.013633      
356      0.422020      0.014975      0.087245      1.570632      0.008302      -0.015431      
357      0.422040      0.015025      0.087285      1.570631      0.008537      -0.015667      
358      0.421980      0.015155      0.087285      1.570628      0.009645      -0.016774      
359      0.421980      0.015155      0.087305      1.570624      0.010768      -0.017898      
360      0.421990      0.015165      0.087295      1.570616      0.012590      -0.019720      
361      0.421990      0.015155      0.087315      1.570605      0.014812      -0.021943      
362      0.421990      0.015155      0.087315      1.570609      0.014050      -0.021181      
363      0.422000      0.015125      0.087295      1.570609      0.014074      -0.021204      
364      0.421990      0.015125      0.087335      1.570589      0.017380      -0.024511      
365      0.422010      0.015155      0.087405      1.570565      0.020600      -0.027732      
366      0.422050      0.015155      0.087445      1.570574      0.019407      -0.026538      
367      0.422080      0.015165      0.087465      1.570553      0.021904      -0.029035      
368      0.422110      0.015185      0.087505      1.570544      0.022925      -0.030056      
369      0.422130      0.015185      0.087535      1.570554      0.021778      -0.028910      
370      0.422160      0.015185      0.087535      1.570555      0.021731      -0.028863      
371      0.422190      0.015195      0.087575      1.570555      0.021668      -0.028800      
372      0.422190      0.015205      0.087555      1.570574      0.019477      -0.026608      
373      0.422210      0.015155      0.087515      1.570565      0.020600      -0.027732      
374      0.422200      0.015145      0.087525      1.570561      0.020969      -0.028101      
375      0.422190      0.015165      0.087525      1.570562      0.020946      -0.028077      
376      0.422200      0.015145      0.087565      1.570542      0.023121      -0.030253      
377      0.422200      0.015165      0.087545      1.570542      0.023129      -0.030261      
378      0.422180      0.015215      0.087515      1.570552      0.022030      -0.029161      
379      0.422180      0.015215      0.087535      1.570552      0.022006      -0.029137      
380      0.422150      0.015195      0.087555      1.570542      0.023161      -0.030292      
381      0.422130      0.015195      0.087475      1.570541      0.023247      -0.030378      
382      0.422120      0.015125      0.087455      1.570540      0.023325      -0.030457      
383      0.422090      0.015115      0.087425      1.570536      0.023750      -0.030881      
384      0.422080      0.015105      0.087395      1.570556      0.021598      -0.028729      
385      0.422080      0.015045      0.087385      1.570556      0.021653      -0.028784      
386      0.422070      0.015065      0.087345      1.570558      0.021323      -0.028454      
387      0.422080      0.015045      0.087335      1.570558      0.021323      -0.028454      
388      0.422080      0.015045      0.087345      1.570565      0.020561      -0.027692      
389      0.422080      0.015045      0.087335      1.570558      0.021323      -0.028454      
390      0.422070      0.015045      0.087305      1.570564      0.020616      -0.027747      
391      0.422060      0.014975      0.087265      1.570537      0.023671      -0.030803      
392      0.422090      0.014935      0.087255      1.570537      0.023663      -0.030795      
393      0.422080      0.014975      0.087255      1.570544      0.022909      -0.030041      
394      0.422090      0.014935      0.087255      1.570547      0.022564      -0.029695      
395      0.422080      0.014925      0.087235      1.570563      0.020734      -0.027865      
396      0.422080      0.014915      0.087255      1.570572      0.019626      -0.026758      
397      0.422090      0.014855      0.087265      1.570563      0.020757      -0.027889      
398      0.422080      0.014875      0.087255      1.570563      0.020757      -0.027889      
399      0.422090      0.014855      0.087205      1.570572      0.019689      -0.026820      
400      0.422050      0.014855      0.087225      1.570569      0.020082      -0.027213      
401      0.422020      0.014865      0.087155      1.570577      0.019077      -0.026208      
402      0.421980      0.014825      0.087125      1.570561      0.021040      -0.028171      
403      0.421970      0.014815      0.087125      1.570561      0.021071      -0.028203      
404      0.421970      0.014825      0.087105      1.570560      0.021087      -0.028219      
405      0.421960      0.014815      0.087095      1.570567      0.020341      -0.027472      
406      0.421940      0.014805      0.087055      1.570569      0.020098      -0.027229      
407      0.421890      0.014765      0.086975      1.570570      0.019893      -0.027025      
408      0.421900      0.014665      0.086995      1.570548      0.022485      -0.029617      
409      0.421870      0.014755      0.086965      1.570564      0.020632      -0.027763      
410      0.421870      0.014755      0.086965      1.570567      0.020294      -0.027425      
411      0.421920      0.014655      0.087005      1.570548      0.022469      -0.029601      
412      0.421920      0.014675      0.086975      1.570548      0.022477      -0.029609      
413      0.421930      0.014695      0.087015      1.570516      0.025713      -0.032845      
414      0.421930      0.014725      0.087115      1.570513      0.025988      -0.033120      
415      0.421920      0.014755      0.087105      1.570501      0.027095      -0.034227      
416      0.421920      0.014755      0.087105      1.570492      0.027865      -0.034997      
417      0.421940      0.014705      0.087105      1.570524      0.024920      -0.032051      
418      0.421930      0.014705      0.087085      1.570516      0.025682      -0.032813      
419      0.421910      0.014695      0.087055      1.570538      0.023530      -0.030661      
420      0.421940      0.014605      0.087015      1.570523      0.025045      -0.032177      
421      0.421940      0.014605      0.087015      1.570534      0.023938      -0.031070      
422      0.421910      0.014655      0.087015      1.570511      0.026145      -0.033277      
423      0.421900      0.014635      0.086995      1.570499      0.027291      -0.034423      
424      0.421900      0.014625      0.087015      1.570486      0.028391      -0.035523      
425      0.421890      0.014645      0.087025      1.570486      0.028407      -0.035539      
426      0.421890      0.014645      0.087015      1.570486      0.028407      -0.035539      
427      0.421880      0.014635      0.086995      1.570476      0.029192      -0.036324      
428      0.421880      0.014615      0.086985      1.570489      0.028116      -0.035248      
429      0.421910      0.014555      0.086935      1.570497      0.027409      -0.034541      
430      0.421910      0.014555      0.086935      1.570497      0.027409      -0.034541      
431      0.421900      0.014575      0.086935      1.570484      0.028517      -0.035649      
432      0.421920      0.014545      0.086935      1.570457      0.030723      -0.037856      
433      0.421920      0.014555      0.086925      1.570457      0.030723      -0.037856      
434      0.421920      0.014575      0.086895      1.570484      0.028556      -0.035688      
435      0.421940      0.014595      0.086795      1.570497      0.027456      -0.034588      
436      0.421940      0.014595      0.086795      1.570497      0.027456      -0.034588      
437      0.421920      0.014585      0.086775      1.570509      0.026404      -0.033536      
438      0.421910      0.014575      0.086765      1.570496      0.027535      -0.034667      
439      0.421860      0.014645      0.086765      1.570483      0.028650      -0.035782      
440      0.421830      0.014715      0.086785      1.570474      0.029404      -0.036536      
441      0.421840      0.014715      0.086795      1.570470      0.029726      -0.036858      
442      0.421840      0.014795      0.086815      1.570471      0.029648      -0.036780      
443      0.421790      0.014885      0.086815      1.570457      0.030747      -0.037879      
444      0.421780      0.014925      0.086815      1.570446      0.031525      -0.038657      
445      0.421780      0.014945      0.086785      1.570484      0.028564      -0.035696      
446      0.421780      0.014925      0.086815      1.570513      0.025988      -0.033120      
447      0.421780      0.014925      0.086815      1.570572      0.019721      -0.026852      
448      0.421790      0.014905      0.086825      1.570632      0.008317      -0.015447      
449      0.421830      0.014865      0.086775      1.570611      -0.008222      0.001095      
450      0.421900      0.014865      0.086835      1.570433      -0.027156      0.020032      
451      0.421950      0.014905      0.086895      1.570161      -0.042782      0.035663      
452      0.422010      0.014915      0.086955      1.569926      -0.052841      0.045724      
453      0.422160      0.014895      0.087115      1.569385      -0.070931      0.063819      
454      0.422250      0.014915      0.087215      1.569056      -0.080022      0.072913      
455      0.422380      0.014985      0.087475      1.568553      -0.092261      0.085156      
456      0.422530      0.015075      0.087635      1.568089      -0.102269      0.095168      
457      0.422680      0.015125      0.087825      1.567637      -0.111201      0.104103      
458      0.422790      0.015115      0.087935      1.567507      -0.113642      0.106545      
459      0.422900      0.015175      0.088055      1.566600      -0.129400      0.122310      
460      0.423000      0.015195      0.088195      1.565481      -0.146560      0.139477      
461      0.423120      0.015175      0.088315      1.564695      -0.157511      0.150434      
462      0.423220      0.015155      0.088405      1.564091      -0.165449      0.158376      
463      0.423370      0.015165      0.088555      1.562424      -0.185612      0.178549      
464      0.423510      0.015165      0.088725      1.560669      -0.204710      0.197658      
465      0.423590      0.015095      0.088935      1.559891      -0.212642      0.205595      
466      0.423710      0.014995      0.089105      1.558768      -0.223583      0.216543      
467      0.423860      0.014865      0.089215      1.557868      -0.231983      0.224948      
468      0.423870      0.014835      0.089385      1.556835      -0.241266      0.234237      
469      0.423950      0.014735      0.089635      1.555831      -0.249961      0.242938      
470      0.424010      0.014645      0.089765      1.555373      -0.253830      0.246810      
471      0.424030      0.014515      0.090045      1.554956      -0.257299      0.250281      
472      0.424060      0.014395      0.090395      1.554570      -0.260471      0.253455      
473      0.423960      0.014305      0.090945      1.553769      -0.266930      0.259919      
474      0.423860      0.014255      0.091355      1.553101      -0.272199      0.265192      
475      0.423790      0.014205      0.091675      1.551753      -0.282532      0.275533      
476      0.423770      0.014135      0.092005      1.550434      -0.292283      0.285291      
477      0.423740      0.014165      0.092415      1.548694      -0.304676      0.297694      
478      0.423740      0.014185      0.092765      1.546171      -0.321789      0.314821      
479      0.423780      0.014185      0.092965      1.543921      -0.336307      0.329351      
480      0.423830      0.014185      0.093265      1.541866      -0.349037      0.342093      
481      0.423850      0.014195      0.093395      1.540621      -0.356522      0.349584      
482      0.423920      0.014165      0.093675      1.537929      -0.372189      0.365266      
483      0.423990      0.014145      0.093865      1.536075      -0.382604      0.375691      
484      0.424070      0.014065      0.094005      1.534378      -0.391884      0.384981      
485      0.424120      0.013925      0.094175      1.532366      -0.402613      0.395720      
486      0.424140      0.013855      0.094255      1.530611      -0.411731      0.404847      
487      0.424150      0.013775      0.094365      1.529093      -0.419459      0.412583      
488      0.424110      0.013705      0.094565      1.527773      -0.426062      0.419193      
489      0.424090      0.013705      0.094665      1.526879      -0.430473      0.423610      
490      0.424070      0.013665      0.094955      1.525206      -0.438609      0.431754      
491      0.424010      0.013625      0.095255      1.523675      -0.445917      0.439070      
492      0.423990      0.013615      0.095525      1.522476      -0.451556      0.444715      
493      0.423980      0.013625      0.095825      1.520466      -0.460853      0.454023      
494      0.423910      0.013715      0.096365      1.518557      -0.469509      0.462689      
495      0.423790      0.013815      0.096785      1.517320      -0.475027      0.468213      
496      0.423690      0.013805      0.097415      1.514038      -0.489364      0.482567      
497      0.423470      0.013725      0.098195      1.511322      -0.500902      0.494119      
498      0.423370      0.013675      0.098645      1.510246      -0.505402      0.498625      
499      0.423190      0.013545      0.099435      1.508717      -0.511720      0.504951      
500      0.423000      0.013435      0.100255      1.506288      -0.521593      0.514837      
501      0.422790      0.013345      0.101215      1.504058      -0.530492      0.523747      
502      0.422790      0.013285      0.101665      1.502722      -0.535748      0.529010      
503      0.422830      0.013295      0.102115      1.500503      -0.544362      0.537635      
504      0.422870      0.013315      0.102455      1.497825      -0.554570      0.547857      
505      0.423020      0.013295      0.102735      1.496409      -0.559890      0.553184      
506      0.423260      0.013135      0.103125      1.494440      -0.567200      0.560505      
507      0.423390      0.013055      0.103355      1.493176      -0.571843      0.565154      
508      0.423630      0.012955      0.103665      1.491247      -0.578847      0.572168      
509      0.423830      0.012955      0.103955      1.488606      -0.588296      0.581630      
510      0.423980      0.012965      0.104265      1.487711      -0.591463      0.584801      
511      0.424100      0.012885      0.104945      1.486926      -0.594226      0.587569      
512      0.424080      0.012775      0.106315      1.482277      -0.610313      0.603679      
513      0.424020      0.012765      0.107165      1.479550      -0.619547      0.612926      
514      0.424170      0.012665      0.107985      1.476244      -0.630545      0.623941      
515      0.424450      0.012615      0.108715      1.472921      -0.641398      0.634811      
516      0.424710      0.012745      0.109395      1.468594      -0.655239      0.648674      
517      0.424870      0.012795      0.109695      1.467007      -0.660238      0.653681      
518      0.425330      0.012895      0.110825      1.461068      -0.678597      0.672070      
519      0.425550      0.012995      0.111435      1.456466      -0.692463      0.685959      
520      0.425720      0.013015      0.112095      1.453697      -0.700662      0.694171      
521      0.425720      0.013095      0.112725      1.450157      -0.710995      0.704522      
522      0.425720      0.013275      0.113025      1.445696      -0.723789      0.717339      
523      0.425820      0.013315      0.113355      1.443412      -0.730244      0.723805      
524      0.425910      0.013375      0.113685      1.440726      -0.737756      0.731330      
525      0.425890      0.013585      0.113925      1.435076      -0.753290      0.746893      
526      0.425910      0.013655      0.113955      1.431999      -0.761604      0.755221      
527      0.425970      0.013645      0.114095      1.428454      -0.771062      0.764697      
528      0.425960      0.013715      0.114115      1.423572      -0.783876      0.777535      
529      0.425830      0.014015      0.114205      1.410953      -0.815972      0.809693      
530      0.425650      0.014355      0.114305      1.405557      -0.829271      0.823019      
531      0.425450      0.014855      0.114195      1.396766      -0.850439      0.844230      
532      0.425180      0.015205      0.114215      1.389146      -0.868316      0.862145      
533      0.424990      0.015275      0.114045      1.383513      -0.881267      0.875123      
534      0.424820      0.015195      0.113865      1.378105      -0.893499      0.887381      
535      0.424560      0.015165      0.113885      1.373460      -0.903851      0.897757      
536      0.424160      0.015345      0.113775      1.368650      -0.914431      0.908359      
537      0.423960      0.015425      0.113695      1.364636      -0.923152      0.917100      
538      0.423520      0.015545      0.113765      1.352924      -0.948069      0.942074      
539      0.423320      0.015775      0.113775      1.349409      -0.955398      0.949420      
540      0.423410      0.015695      0.113945      1.346994      -0.960397      0.954431      
541      0.423510      0.015545      0.114215      1.342369      -0.969883      0.963939      
542      0.423640      0.015495      0.114355      1.339493      -0.975728      0.969798      
543      0.423760      0.015475      0.114695      1.338270      -0.978200      0.972276      
544      0.423890      0.015555      0.115935      1.332036      -0.990690      0.984797      
545      0.423960      0.015785      0.116535      1.328814      -0.997073      0.991195      
546      0.424020      0.016075      0.116815      1.323997      -1.006527      1.000672      
547      0.424020      0.016235      0.116905      1.323430      -1.007632      1.001780      
548      0.423960      0.016555      0.117205      1.321854      -1.010698      1.004854      
