206      74.807003      0.087270      
207      74.717046      0.087270      
208      74.629381      0.087270      
209      74.542862      0.087270      
210      74.309661      0.087270      
211      74.132039      0.087270      
212      73.871335      0.087270      
213      73.693140      0.087270      
214      73.459367      0.087270      
215      73.027344      0.087270      
216      72.528283      0.087270      
217      72.032087      0.087270      
218      71.398950      0.087270      
219      70.682158      0.087270      
220      69.893745      0.087270      
221      69.380933      0.087270      
222      68.963234      0.087270      
223      68.569028      0.087270      
224      68.421200      0.087270      
225      67.994334      0.087270      
226      67.717014      0.087270      
227      67.481522      0.087270      
228      67.102785      0.087270      
229      66.890785      0.087270      
230      66.449021      0.087270      
231      66.121853      0.087270      
232      65.937928      0.087270      
233      65.240045      0.087270      
234      64.929492      0.087270      
235      64.539869      0.087270      
236      64.075760      0.087270      
237      63.680407      0.087270      
238      63.122330      0.087270      
239      62.793443      0.087270      
240      62.335636      0.087270      
241      61.648639      0.087270      
242      61.020086      0.087270      
243      60.513576      0.087270      
244      60.179532      0.087270      
245      59.898774      0.087270      
246      59.572752      0.087270      
247      59.396276      0.087270      
248      59.245010      0.087270      
249      58.949355      0.087270      
250      58.570619      0.087270      
251      58.280121      0.087270      
252      57.783925      0.087270      
253      57.350183      0.087270      
254      56.668916      0.087270      
255      56.126309      0.087270      
256      55.783670      0.087270      
257      54.879516      0.087270      
258      54.410823      0.087270      
259      54.236066      0.087270      
260      54.029222      0.087270      
261      53.771956      0.087270      
262      53.374312      0.087270      
263      53.047716      0.087270      
264      52.727423      0.087270      
265      52.131530      0.087270      
266      51.693777      0.087270      
267      51.139710      0.087270      
268      50.414324      0.087270      
269      49.792647      0.087270      
270      49.118256      0.087270      
271      48.308642      0.087270      
272      47.571224      0.087270      
273      46.888811      0.087270      
274      46.182333      0.087270      
275      45.636861      0.087270      
276      45.044406      0.087270      
277      44.575712      0.087270      
278      44.006748      0.087270      
279      43.544931      0.087270      
280      43.083113      0.087270      
281      42.570301      0.087270      
282      42.073532      0.087270      
283      41.559573      0.087270      
284      41.119529      0.087270      
285      40.729906      0.087270      
286      40.180996      0.087270      
287      39.539838      0.087270      
288      38.365813      0.087270      
289      37.642145      0.087270      
290      36.924208      0.087270      
291      36.394207      0.087270      
292      35.822951      0.087270      
293      34.779564      0.087270      
294      34.372179      0.087270      
295      33.484068      0.087270      
296      33.031418      0.087270      
297      32.447557      0.087270      
298      31.913544      0.087270      
299      31.419640      0.087270      
300      31.136591      0.087270      
301      30.877606      0.087270      
302      30.639822      0.087270      
303      30.342448      0.087270      
304      30.098934      0.087270      
305      29.930479      0.087270      
306      29.768327      0.087270      
307      29.500748      0.087270      
308      29.017157      0.087270      
309      28.283750      0.087270      
310      27.640872      0.087270      
311      27.004297      0.087270      
312      26.682286      0.087270      
313      26.250836      0.087270      
314      26.085246      0.087270      
315      25.937991      0.087270      
316      25.780996      0.087270      
317      25.602801      0.087270      
318      25.375330      0.087270      
319      25.128951      0.087270      
320      24.898615      0.087270      
321      24.685469      0.087270      
322      24.292408      0.087270      
323      24.148591      0.087270      
324      23.796785      0.087270      
325      23.531498      0.087270      
326      23.175680      0.087270      
327      22.680630      0.087270      
328      22.064110      0.087270      
329      21.602292      0.087270      
330      21.202356      0.087270      
331      20.864873      0.087270      
332      20.477543      0.087270      
333      19.771638      0.087270      
334      19.597453      0.087270      
335      19.326436      0.087270      
336      18.984943      0.087270      
337      18.313990      0.087270      
338      17.894000      0.087270      
339      17.287792      0.087270      
340      17.026516      0.087270      
341      16.612828      0.087270      
342      16.465001      0.087270      
343      16.178513      0.087270      
344      15.854783      0.087270      
345      15.574598      0.087270      
346      15.198727      0.087270      
347      14.995321      0.087270      
348      14.457870      0.087270      
349      14.111221      0.087270      
350      13.771447      0.087270      
351      13.379532      0.087270      
352      12.890785      0.087270      
353      12.395162      0.087270      
354      12.070285      0.087270      
355      11.670349      0.087270      
356      11.211969      0.087270      
357      10.879071      0.087270      
358      10.272290      0.087270      
359      10.121025      0.087270      
360      9.740570      0.087270      
361      9.188222      0.087270      
362      8.962470      0.087270      
363      8.515550      0.087270      
364      8.202706      0.087270      
365      7.958618      0.087270      
366      7.729429      0.087270      
367      7.437784      0.087270      
368      7.163903      0.087270      
369      7.177081      0.087270      
370      7.000032      0.087270      
371      6.829858      0.087270      
372      6.565717      0.087270      
373      6.463155      0.087270      
374      6.221359      0.087270      
375      6.038580      0.087270      
376      5.801942      0.087270      
377      5.306319      0.087270      
378      5.060512      0.087270      
379      4.915550      0.087270      
380      4.613592      0.087270      
381      4.459462      0.087270      
382      4.174121      0.087270      
383      4.050931      0.087270      
384      3.812001      0.087270      
385      3.337005      0.087270      
386      3.270540      0.087270      
387      3.271686      0.087270      
388      3.088334      0.087270      
389      2.915868      0.087270      
390      2.734808      0.087270      
391      2.474105      0.087270      
392      2.207671      0.087270      
393      1.830081      0.087270      
394      1.688556      0.087270      
395      1.318415      0.091880      
396      0.886965      0.137770      
397      0.440618      0.183960      
398      0.078498      0.229930      
399      -0.206271      0.276270      
400      -0.594175      0.323750      
401      -0.838262      0.369830      
402      -1.058284      0.436330      
403      -1.392329      0.436330      
404      -1.501194      0.436330      
405      -1.650167      0.436330      
406      -1.926914      0.436330      
407      -2.126309      0.436330      
408      -2.315391      0.436330      
409      -2.412223      0.436330      
410      -2.455770      0.436330      
411      -2.671781      0.436330      
412      -2.841954      0.436330      
413      -2.850549      0.436330      
414      -3.115836      0.436330      
415      -3.324972      0.436330      
416      -3.461913      0.436330      
417      -3.675633      0.436330      
418      -3.893363      0.436330      
419      -4.148910      0.436330      
420      -4.206207      0.436330      
421      -4.313926      0.436330      
422      -4.624479      0.436330      
423      -4.726468      0.436330      
424      -4.879452      0.436330      
425      -5.028426      0.436330      
426      -5.275951      0.436330      
427      -5.489098      0.436330      
428      -5.584784      0.436330      
429      -5.846061      0.436330      
430      -5.911380      0.436330      
431      -6.023683      0.436330      
432      -6.190419      0.436330      
433      -6.355435      0.436330      
434      -6.458571      0.436330      
435      -6.586344      0.436330      
436      -6.712972      0.436330      
437      -6.960497      0.436330      
438      -7.107751      0.436330      
439      -7.233233      0.436330      
440      -7.420022      0.436330      
441      -7.620563      0.436330      
442      -7.757504      0.436330      
443      -7.785007      0.436330      
444      -7.896737      0.436330      
445      -8.022792      0.436330      
446      -8.110457      0.436330      
447      -8.285214      0.436330      
448      -8.582015      0.436330      
449      -8.707496      0.436330      
450      -8.923508      0.436330      
451      -9.075919      0.436330      
452      -9.362979      0.436330      
453      -9.384753      0.436330      
454      -9.663218      0.436330      
455      -9.764062      0.436330      
456      -10.108993      0.436330      
457      -10.181760      0.436330      
458      -10.454496      0.436330      
459      -10.520961      0.436330      
460      -10.808022      0.436330      
461      -11.100239      0.436330      
462      -11.479548      0.436330      
463      -11.637689      0.436330      
464      -11.704154      0.436330      
465      -11.732803      0.436330      
466      -11.974025      0.436330      
467      -12.269107      0.436330      
468      -12.322967      0.436330      
469      -12.532675      0.436330      
470      -12.695400      0.436330      
471      -12.823174      0.436330      
472      -12.772752      0.415550      
473      -12.610600      0.367870      
474      -12.403183      0.323440      
475      -12.761292      0.275880      
476      -13.154926      0.205400      
477      -13.455165      0.181010      
478      -13.905523      0.136810      
479      -14.370205      0.089340      
480      -14.494541      0.087270      
481      -14.691644      0.087270      
482      -14.950629      0.087270      
483      -15.093299      0.087270      
484      -15.341397      0.087270      
485      -15.561420      0.087270      
486      -15.781442      0.116610      
487      -16.015789      0.162870      
488      -16.368168      0.232660      
489      -16.557823      0.278730      
490      -16.396244      0.324780      
491      -16.308006      0.372250      
492      -16.159605      0.418370      
493      -16.053032      0.436330      
494      -15.779150      0.436330      
495      -15.652523      0.436330      
496      -15.656534      0.436330      
497      -15.654815      0.436330      
498      -15.777431      0.436330      
499      -16.043291      0.436330      
500      -16.393952      0.436330      
501      -16.744039      0.436330      
502      -17.150279      0.436330      
503      -17.223046      0.436330      
504      -17.411555      0.436330      
505      -17.712367      0.436330      
506      -17.801178      0.436330      
507      -17.814929      0.436330      
508      -17.826962      0.436330      
509      -17.834410      0.436330      
510      -17.837275      0.436330      
511      -17.814929      0.436330      
512      -17.816075      0.436330      
513      -17.977654      0.436330      
514      -18.108865      0.436330      
515      -18.179341      0.436330      
516      -18.395926      0.436330      
517      -18.608499      0.436330      
518      -18.654910      0.436330      
519      -18.889830      0.436330      
520      -18.957441      0.436330      
521      -18.987235      0.436330      
522      -19.133344      0.436330      
523      -19.200382      0.436330      
524      -19.268566      0.436330      
525      -19.381442      0.436330      
526      -19.512080      0.436330      
527      -19.666783      0.436330      
528      -19.726373      0.436330      
529      -19.760178      0.436330      
530      -19.879930      0.436330      
531      -19.969887      0.436330      
532      -20.153812      0.436330      
533      -20.305650      0.436330      
534      -20.303931      0.436330      
535      -20.454624      0.436330      
536      -20.637403      0.436330      
537      -20.925036      0.436330      
538      -21.142766      0.436330      
539      -21.426389      0.436330      
540      -21.512908      0.436330      
541      -21.707719      0.436330      
542      -21.810855      0.436330      
543      -21.938055      0.436330      
544      -22.054942      0.436330      
545      -22.172975      0.436330      
546      -22.253191      0.436330      
547      -22.292726      0.436330      
548      -22.505300      0.436330      
549      -22.650263      0.436330      
550      -23.002642      0.436330      
551      -23.112653      0.436330      
552      -23.261627      0.436330      
553      -23.405443      0.436330      
554      -23.553271      0.436330      
555      -23.671876      0.436330      
556      -23.805380      0.436330      
557      -23.851791      0.436330      
558      -24.056343      0.436330      
559      -24.212765      0.436330      
560      -24.275792      0.436330      
561      -24.507274      0.436330      
562      -24.617285      0.436330      
563      -24.679166      0.436330      
564      -24.808085      0.436330      
565      -24.898615      0.436330      
566      -25.081967      0.436330      
567      -25.222919      0.436330      
568      -25.379341      0.436330      
569      -25.494509      0.436330      
570      -25.601655      0.436330      
571      -25.699634      0.436330      
572      -25.783288      0.436330      
573      -26.041127      0.436330      
574      -26.063473      0.436330      
575      -26.262868      0.436330      
576      -26.300111      0.436330      
577      -26.399809      0.436330      
578      -26.451377      0.436330      
579      -26.478880      0.436330      
580      -26.520134      0.436330      
581      -26.670826      0.436330      
582      -26.822091      0.436330      
583      -26.887410      0.436330      
584      -27.125195      0.436330      
585      -27.462677      0.436330      
586      -27.753175      0.436330      
587      -28.004138      0.436330      
588      -28.119306      0.436330      
589      -28.230463      0.436330      
590      -28.298074      0.436330      
591      -28.525545      0.436330      
592      -28.626962      0.436330      
593      -28.798854      0.436330      
594      -28.994238      0.436330      
595      -29.064714      0.436330      
596      -29.164412      0.436330      
597      -29.274423      0.436330      
598      -29.445742      0.436330      
599      -29.562629      0.436330      
600      -29.762025      0.436330      
601      -29.876046      0.436330      
602      -29.994079      0.436330      
603      -30.211237      0.436330      
604      -30.258221      0.436330      
605      -30.415216      0.436330      
606      -30.579659      0.436330      
607      -30.712590      0.436330      
608      -30.740665      0.436330      
609      -30.969282      0.436330      
610      -31.105650      0.436330      
611      -31.086742      0.436330      
612      -31.056374      0.436330      
613      -31.095337      0.436330      
614      -31.021423      0.436330      
615      -30.939488      0.436330      
616      -30.811141      0.436330      
617      -30.442718      0.436330      
618      -30.031896      0.436330      
619      -29.623938      0.436330      
620      -29.130033      0.436330      
621      -28.398918      0.436330      
622      -27.830527      0.436330      
623      -26.926373      0.436330      
624      -26.244533      0.436330      
625      -25.585612      0.436330      
626      -24.983989      0.436330      
627      -24.257457      0.436330      
628      -23.697087      0.436330      
629      -23.119529      0.436330      
630      -22.631354      0.436330      
631      -22.058953      0.436330      
632      -21.776476      0.436330      
633      -20.787522      0.436330      
634      -20.134331      0.436330      
635      -19.365972      0.436330      
636      -18.629699      0.436330      
637      -18.346077      0.436330      
638      -18.064746      0.436330      
639      -17.730129      0.436330      
640      -17.516409      0.436330      
641      -17.080949      0.436330      
642      -16.579596      0.436330      
643      -16.040427      0.436330      
644      -15.305300      0.436330      
645      -14.825147      0.436330      
646      -14.259048      0.436330      
647      -13.925577      0.436330      
648      -13.099347      0.436330      
649      -12.352761      0.436330      
650      -11.927614      0.436330      
651      -11.407353      0.436330      
652      -10.491740      0.436330      
653      -9.862613      0.436330      
654      -8.875378      0.436330      
655      -8.225625      0.436330      
656      -7.814802      0.436330      
657      -7.138692      0.436330      
658      -6.421327      0.436330      
659      -5.455292      0.436330      
660      -4.898934      0.436330      
661      -3.808563      0.436330      
662      -3.164539      0.436330      
663      -2.736527      0.436330      
664      -2.053541      0.436330      
665      -1.418112      0.436330      
666      -0.548910      0.395780      
667      0.310552      0.349590      
668      0.914468      0.302180      
669      2.336018      0.232310      
670      3.109534      0.186030      
671      3.738660      0.138710      
672      4.363202      0.092570      
673      4.610154      0.087270      
674      4.910966      0.087270      
675      5.228967      0.087270      
676      5.694795      0.087270      
677      6.134840      0.087270      
678      6.584625      0.087270      
679      7.559828      0.087270      
680      8.283495      0.087270      
681      8.530447      0.087270      
682      9.071908      0.087270      
683      9.662072      0.087270      
684      10.216139      0.087270      
685      10.591437      0.087270      
686      11.248639      0.087270      
687      12.510902      0.087270      
688      13.389273      0.087270      
689      14.021837      0.087270      
690      14.389686      0.087270      
691      15.058921      0.087270      
692      16.183097      0.087270      
693      17.132516      0.087270      
694      18.353525      0.087270      
695      20.200223      0.087270      
696      21.445870      0.087270      
697      22.652555      0.087270      
698      23.123540      0.087270      
699      24.030559      0.087270      
700      24.929556      0.087270      
701      25.819386      0.087270      
702      26.723540      0.087270      
703      27.933089      0.087270      
704      28.749578      0.087270      
705      29.391310      0.087270      
706      30.063982      0.087270      
707      30.419799      0.087270      
708      31.223110      0.087270      
709      31.847079      0.087270      
710      32.507146      0.087270      
711      33.100175      0.087270      
712      33.752793      0.087270      
713      34.584180      0.087270      
714      35.178927      0.087270      
715      35.904313      0.087270      
716      36.295655      0.087270      
717      37.550470      0.087270      
718      38.347477      0.087270      
719      39.288302      0.087270      
720      40.474359      0.087270      
721      41.821996      0.087270      
722      42.857361      0.087270      
723      43.589623      0.087270      
724      43.788445      0.087270      
725      44.194684      0.087270      
726      44.696610      0.087270      
727      45.270731      0.087270      
728      45.693586      0.087270      
729      46.636129      0.087270      
730      47.308229      0.087270      
731      48.020436      0.087270      
732      48.841509      0.087270      
733      49.251759      0.087270      
734      49.340570      0.087270      
735      49.284991      0.087270      
736      49.387554      0.087270      
737      49.680344      0.087270      
738      50.480216      0.087270      
739      50.958077      0.087270      
740      51.673723      0.087270      
741      52.218049      0.087270      
742      52.765813      0.087270      
743      52.866083      0.087270      
744      53.204711      0.087270      
745      53.646475      0.087270      
746      54.130638      0.087270      
747      54.449785      0.087270      
748      55.000987      0.087270      
749      55.510361      0.087270      
750      56.187044      0.087270      
751      56.515932      0.087270      
752      57.402324      0.087270      
753      58.073850      0.087270      
754      58.760847      0.087270      
755      59.355594      0.087270      
756      59.883304      0.087270      
757      60.344549      0.087270      
758      60.790323      0.087270      
759      61.354130      0.087270      
760      61.763234      0.087270      
761      62.360847      0.087270      
762      62.816935      0.087270      
763      63.220882      0.087270      
764      63.739424      0.087270      
765      64.279739      0.087270      
766      64.609199      0.087270      
767      65.049817      0.087270      
768      65.477256      0.087270      
769      65.707019      0.087270      
770      66.002674      0.087270      
771      66.345313      0.087270      
772      66.671908      0.087270      
773      67.157791      0.087270      
774      67.515900      0.087270      
775      67.974280      0.087270      
776      68.474487      0.087270      
777      68.970683      0.087270      
778      69.610696      0.087270      
779      70.180805      0.087270      
780      70.727996      0.087270      
781      71.159446      0.087270      
782      71.702053      0.087270      
783      72.271590      0.087270      
784      72.646888      0.087270      
785      73.203247      0.087270      
786      73.675378      0.087270      
787      74.207099      0.087270      
788      74.678657      0.087270      
939      74.300493      0.436330      
940      67.841923      0.436330      
941      68.170810      0.436330      
942      68.170810      0.436330      
943      68.009804      0.436330      
944      68.015534      0.436330      
945      68.017253      0.436330      
946      68.015534      0.436330      
947      68.015534      0.436330      
948      68.009804      0.436330      
949      67.935318      0.436330      
950      67.860831      0.436330      
951      67.780041      0.436330      
952      67.780041      0.436330      
953      67.780041      0.436330      
954      67.780041      0.436330      
955      67.786344      0.436330      
956      67.774312      0.436330      
957      67.780041      0.436330      
958      67.700971      0.436330      
959      67.786344      0.436330      
960      67.706128      0.436330      
961      67.706128      0.436330      
962      67.706128      0.436330      
963      67.706128      0.436330      
964      67.706128      0.436330      
965      67.706128      0.436330      
966      67.706128      0.436330      
967      67.706128      0.436330      
968      67.707274      0.436330      
969      67.707274      0.436330      
970      67.706128      0.436330      
971      67.706128      0.436330      
972      67.706128      0.436330      
973      67.706128      0.436330      
974      67.706128      0.436330      
975      67.706128      0.436330      
976      67.706128      0.436330      
977      67.706128      0.436330      
978      67.706128      0.436330      
979      67.706128      0.436330      
980      67.706128      0.436330      
981      67.706128      0.436330      
982      67.706128      0.436330      
983      67.706128      0.436330      
984      67.706128      0.436330      
985      67.706128      0.436330      
986      67.706128      0.436330      
987      67.711857      0.436330      
988      67.706128      0.436330      
989      67.706128      0.436330      
990      67.711857      0.436330      
991      67.625338      0.436330      
992      67.706128      0.436330      
993      67.707274      0.436330      
994      67.626484      0.436330      
995      67.619608      0.436330      
996      67.706128      0.436330      
997      67.706128      0.436330      
998      67.706128      0.436330      
999      67.706128      0.436330      
1000      67.619608      0.436330      
1001      67.706128      0.436330      
1002      67.706128      0.436330      
1003      67.706128      0.436330      
1004      67.625338      0.436330      
1005      67.625338      0.436330      
1006      67.625338      0.436330      
1007      67.625338      0.436330      
1008      67.626484      0.436330      
1009      67.626484      0.436330      
1010      67.712430      0.436330      
1011      67.631641      0.436330      
1012      67.632787      0.436330      
1013      67.712430      0.436330      
1014      67.631641      0.436330      
1015      67.631641      0.436330      
1016      67.631641      0.436330      
1017      67.631641      0.436330      
1018      67.625911      0.436330      
1019      67.631641      0.436330      
1020      67.631641      0.436330      
1021      67.712430      0.436330      
1022      67.631641      0.436330      
1023      67.631641      0.436330      
1024      67.637371      0.436330      
1025      67.631641      0.436330      
1026      67.631641      0.436330      
1027      67.631641      0.436330      
1028      67.631641      0.436330      
1029      67.631641      0.436330      
1030      67.631641      0.436330      
1031      67.631641      0.436330      
1032      67.631641      0.436330      
1033      67.706128      0.436330      
1034      67.631641      0.436330      
1035      67.712430      0.436330      
1036      67.632787      0.436330      
1037      67.631641      0.436330      
1038      67.631641      0.436330      
1039      67.631641      0.436330      
1040      67.631641      0.436330      
1041      67.631641      0.436330      
1042      67.631641      0.436330      
1043      67.631641      0.436330      
1044      67.631641      0.436330      
1045      67.637371      0.436330      
1046      67.631641      0.436330      
1047      67.631641      0.436330      
1048      67.631641      0.436330      
1049      67.631641      0.436330      
1050      67.631641      0.436330      
1051      67.631641      0.436330      
1052      67.625911      0.436330      
1053      67.631641      0.436330      
1054      67.631641      0.436330      
1055      67.631641      0.436330      
1056      67.631641      0.436330      
1057      67.631641      0.436330      
1058      67.632787      0.436330      
1059      67.631641      0.436330      
