41      74.969155      0.436330      
42      74.738819      0.436330      
43      73.941238      0.436330      
44      73.226166      0.436330      
45      72.327169      0.436330      
46      71.715805      0.436330      
47      71.247684      0.436330      
48      70.895878      0.436330      
49      70.556104      0.436330      
50      69.990578      0.436330      
51      69.461722      0.436330      
52      68.942034      0.436330      
53      68.160497      0.436330      
54      67.638517      0.436330      
55      66.969855      0.436330      
56      66.693681      0.436330      
57      65.961993      0.436330      
58      65.444597      0.436330      
59      64.898552      0.436330      
60      64.427566      0.436330      
61      63.723954      0.436330      
62      62.944708      0.436330      
63      62.172911      0.436330      
64      61.147286      0.436330      
65      60.085564      0.436330      
66      59.704536      0.436330      
67      58.853669      0.436330      
68      58.319656      0.436330      
69      57.510616      0.436330      
70      56.636257      0.436330      
71      55.823778      0.436330      
72      55.239917      0.436330      
73      54.895559      0.436330      
74      54.004584      0.436330      
75      53.173198      0.436330      
76      50.577622      0.436330      
77      48.548719      0.436330      
78      47.024606      0.436330      
79      44.910329      0.436330      
80      43.323763      0.436330      
81      42.001337      0.436330      
82      41.028999      0.436330      
83      40.239440      0.436330      
84      39.324972      0.436330      
85      39.003533      0.436330      
86      38.498743      0.436330      
87      37.422123      0.436330      
88      36.873786      0.436330      
89      36.346077      0.436330      
90      36.060735      0.436330      
91      35.855037      0.436330      
92      34.879834      0.436330      
93      34.570428      0.436330      
94      33.916091      0.436330      
95      33.099602      0.436330      
96      31.856247      0.436330      
97      30.793952      0.436330      
98      29.225147      0.436330      
99      27.634569      0.436330      
100      26.458252      0.436330      
101      25.547796      0.436330      
102      25.225211      0.436330      
103      24.578895      0.436330      
104      23.667866      0.436330      
105      23.102913      0.436330      
106      22.272099      0.436330      
107      21.498011      0.436330      
108      20.965717      0.436330      
109      19.719497      0.436330      
110      18.947700      0.436330      
111      18.174757      0.436330      
112      17.610950      0.436330      
113      16.918797      0.436330      
114      16.617985      0.436330      
115      16.120070      0.436330      
116      15.611269      0.436330      
117      15.342543      0.436330      
118      15.190132      0.436330      
119      14.585071      0.436330      
120      14.317492      0.436330      
121      13.706128      0.436330      
122      13.280407      0.436330      
123      12.863282      0.436330      
124      12.343021      0.436330      
125      12.028458      0.436330      
126      11.713895      0.436330      
127      11.217699      0.436330      
128      10.976476      0.436330      
129      10.769632      0.436330      
130      10.319274      0.436330      
131      10.028776      0.436330      
132      9.713640      0.436330      
133      9.265001      0.436330      
134      9.321725      0.436330      
135      9.182492      0.436330      
136      9.099411      0.436330      
137      8.971638      0.436330      
138      8.893140      0.436330      
139      8.870794      0.436330      
140      8.687442      0.436330      
141      8.158587      0.436330      
142      7.951743      0.436330      
143      8.031386      0.436330      
144      7.927678      0.436330      
145      7.765526      0.436330      
146      7.821105      0.436330      
147      7.288811      0.436330      
148      7.127805      0.436330      
149      6.966799      0.436330      
150      6.677447      0.436330      
151      6.595512      0.436330      
152      6.755945      0.436330      
153      6.593793      0.436330      
154      6.675728      0.436330      
155      6.673436      0.436330      
156      6.432787      0.436330      
157      6.617285      0.436330      
158      6.456852      0.436330      
159      6.433360      0.436330      
160      6.435079      0.436330      
161      6.459717      0.436330      
162      6.517587      0.436330      
163      6.784020      0.436330      
164      6.639631      0.436330      
165      6.627598      0.436330      
166      6.600095      0.436330      
167      6.310170      0.436330      
168      6.152029      0.436330      
169      5.993888      0.436330      
170      5.891899      0.436330      
171      5.654114      0.436330      
172      5.336113      0.436330      
173      5.150470      0.436330      
174      5.067388      0.436330      
175      4.905236      0.436330      
176      4.558587      0.436330      
177      4.501862      0.436330      
178      4.234283      0.436330      
179      3.935190      0.436330      
180      3.636670      0.436330      
181      3.527232      0.436330      
182      3.545567      0.436330      
183      3.543848      0.436330      
184      3.298042      0.436330      
185      3.397740      0.436330      
186      3.255069      0.436330      
187      3.035047      0.436330      
188      2.999523      0.436330      
189      2.995512      0.436330      
190      2.913003      0.436330      
191      2.692408      0.436330      
192      2.690689      0.436330      
193      2.687824      0.436330      
194      2.409932      0.436330      
195      2.373834      0.436330      
196      2.440872      0.436330      
197      2.377845      0.436330      
198      2.448894      0.436330      
199      2.362948      0.436330      
200      2.300493      0.436330      
201      2.320548      0.436330      
202      2.073595      0.436330      
203      1.889671      0.436330      
204      1.570524      0.436330      
205      1.306955      0.436330      
206      0.696737      0.436330      
207      0.295655      0.436330      
208      -0.188509      0.436330      
209      -0.510520      0.436330      
210      -0.727678      0.436330      
211      -0.808467      0.436330      
212      -1.025625      0.436330      
213      -1.161993      0.436330      
214      -1.273150      0.436330      
215      -1.514372      0.436330      
216      -1.513799      0.436330      
217      -1.785962      0.436330      
218      -2.023747      0.436330      
219      -2.179596      0.436330      
220      -2.310807      0.436330      
221      -2.409932      0.436330      
222      -2.827057      0.436330      
223      -2.878052      0.436330      
224      -3.140474      0.436330      
225      -3.186312      0.436330      
226      -3.421805      0.436330      
227      -3.638389      0.436330      
228      -3.718606      0.436330      
229      -3.984466      0.436330      
230      -4.008531      0.436330      
231      -4.223969      0.436330      
232      -4.486392      0.436330      
233      -4.485819      0.436330      
234      -4.646252      0.436330      
235      -4.933885      0.436330      
236      -5.174534      0.436330      
237      -5.257043      0.436330      
238      -5.360751      0.436330      
239      -5.625466      0.436330      
240      -5.626039      0.436330      
241      -5.650103      0.436330      
242      -5.649530      0.436330      
243      -5.834028      0.436330      
244      -5.832882      0.436330      
245      -5.978418      0.436330      
246      -6.015661      0.436330      
247      -6.107910      0.436330      
248      -6.349133      0.436330      
249      -6.371479      0.436330      
250      -6.452841      0.436330      
251      -6.476333      0.436330      
252      -6.453414      0.436330      
253      -6.639631      0.436330      
254      -6.767977      0.436330      
255      -6.824129      0.436330      
256      -6.926118      0.436330      
257      -7.106605      0.436330      
258      -7.289957      0.436330      
259      -7.391374      0.436330      
260      -7.757504      0.436330      
261      -8.019927      0.436330      
262      -8.098997      0.436330      
263      -8.261149      0.436330      
264      -8.284068      0.436330      
265      -8.502371      0.436330      
266      -8.767659      0.436330      
267      -8.951584      0.436330      
268      -8.871367      0.436330      
269      -9.136081      0.436330      
270      -9.377877      0.436330      
271      -9.377304      0.436330      
272      -9.481585      0.436330      
273      -9.642018      0.436330      
274      -9.687856      0.436330      
275      -9.848862      0.436330      
276      -9.974343      0.436330      
277      -10.053414      0.436330      
278      -10.132484      0.436330      
279      -10.234474      0.436330      
280      -10.210982      0.436330      
281      -10.212128      0.436330      
282      -10.373134      0.436330      
283      -10.372561      0.436330      
284      -10.452777      0.436330      
285      -10.371988      0.436330      
286      -10.187490      0.436330      
287      -10.268852      0.436330      
288      -10.267707      0.436330      
289      -9.913035      0.436330      
290      -10.153112      0.436330      
291      -10.147955      0.436330      
292      -10.147382      0.436330      
293      -10.225306      0.436330      
294      -10.064300      0.436330      
295      -10.226452      0.436330      
296      -9.988095      0.436330      
297      -10.068884      0.436330      
298      -9.905587      0.436330      
299      -9.583575      0.436330      
300      -9.765781      0.436330      
301      -9.544039      0.436330      
302      -9.565240      0.436330      
303      -9.634569      0.436330      
304      -9.416839      0.436330      
305      -9.416266      0.436330      
306      -9.310266      0.436330      
307      -9.070189      0.436330      
308      -9.092535      0.436330      
309      -9.251249      0.436330      
310      -9.169887      0.436330      
311      -9.593315      0.436330      
312      -9.749164      0.436330      
313      -9.655197      0.436330      
314      -9.812192      0.436330      
315      -9.912462      0.436330      
316      -10.048830      0.436330      
317      -10.231609      0.436330      
318      -10.227025      0.436330      
319      -10.064300      0.436330      
320      -9.496483      0.436330      
321      -9.174471      0.436330      
322      -8.690880      0.436330      
323      -7.648066      0.436330      
324      -6.050613      0.436330      
325      -3.730065      0.436330      
326      -1.455929      0.436330      
327      0.839408      0.436330      
328      2.967436      0.436330      
329      4.821009      0.436330      
330      7.652077      0.436330      
331      10.137068      0.436330      
332      11.869171      0.436330      
333      13.925004      0.436330      
334      15.470890      0.436330      
335      16.833996      0.436330      
336      18.693299      0.436330      
337      20.005411      0.436330      
338      22.700111      0.436330      
339      24.278657      0.436330      
340      25.501958      0.436330      
341      27.212287      0.436330      
342      28.142225      0.436330      
343      28.869330      0.436330      
344      30.232437      0.436330      
345      32.395416      0.436330      
346      33.554544      0.436330      
347      36.050995      0.436330      
348      37.272577      0.436330      
349      37.870189      0.436330      
350      38.200223      0.436330      
351      39.653860      0.436330      
352      41.077129      0.436330      
353      41.954926      0.436330      
354      42.833296      0.436330      
355      44.200414      0.436330      
356      46.094668      0.436330      
357      46.720929      0.436330      
358      47.817030      0.436330      
359      49.206494      0.436330      
360      49.745090      0.436330      
361      50.884164      0.436330      
362      52.446666      0.436330      
363      54.626261      0.436330      
364      57.019577      0.436330      
365      58.688652      0.436330      
366      59.781315      0.436330      
367      60.931848      0.436330      
368      62.034824      0.436330      
369      62.599204      0.436330      
370      63.440904      0.436330      
371      64.664205      0.436330      
372      66.086901      0.436330      
373      67.227694      0.436330      
374      68.606271      0.436330      
375      69.881140      0.436330      
376      70.062200      0.436330      
377      70.950883      0.436330      
378      71.983957      0.436330      
379      72.166736      0.436330      
380      72.091103      0.436330      
381      73.030208      0.436330      
382      73.199236      0.436330      
383      73.654751      0.436330      
384      74.629381      0.436330      
