45      74.406494      0.087270      
46      73.670794      0.087270      
47      72.962597      0.087270      
48      72.256693      0.087270      
49      71.935827      0.087270      
50      71.349101      0.087270      
51      70.864937      0.087270      
52      70.521152      0.087270      
53      69.862804      0.087270      
54      69.199300      0.087270      
55      68.220659      0.087270      
56      67.751966      0.087270      
57      67.605857      0.087270      
58      67.539392      0.087270      
59      67.276970      0.087270      
60      66.977304      0.087270      
61      66.403183      0.087270      
62      66.038771      0.087270      
63      65.688684      0.087270      
64      64.793697      0.087270      
65      64.494032      0.087270      
66      63.974916      0.087270      
67      63.820213      0.087270      
68      63.307974      0.087270      
69      62.748178      0.087270      
70      62.213019      0.087270      
71      61.761515      0.087270      
72      60.651663      0.087270      
73      60.326214      0.087270      
74      59.719433      0.087270      
75      59.187140      0.087270      
76      58.425084      0.087270      
77      57.676206      0.087270      
78      56.817890      0.087270      
79      56.222569      0.087270      
80      55.512080      0.087270      
81      54.959733      0.087270      
82      54.613656      0.087270      
83      53.982238      0.087270      
84      53.154862      0.087270      
85      52.613401      0.087270      
86      52.288525      0.087270      
87      51.680025      0.087270      
88      50.963807      0.087270      
89      50.682477      0.087270      
90      50.186853      0.087270      
91      49.954799      0.087270      
92      49.664873      0.087270      
93      49.326818      0.087270      
94      49.087888      0.087270      
95      48.887920      0.087270      
96      48.569346      0.087270      
97      48.098361      0.087270      
98      47.835365      0.087270      
99      47.630240      0.087270      
100      47.321980      0.087270      
101      46.742703      0.087270      
102      46.202387      0.087270      
103      45.588731      0.087270      
104      45.169887      0.087270      
105      44.817508      0.087270      
106      44.285214      0.087270      
107      44.084100      0.087270      
108      43.562693      0.087270      
109      42.779437      0.087270      
110      41.925131      0.087270      
111      41.321789      0.087270      
112      40.391851      0.087270      
113      39.895082      0.087270      
114      39.673341      0.087270      
115      39.310075      0.087270      
116      38.933057      0.087270      
117      38.611046      0.087270      
118      37.821487      0.087270      
119      37.577972      0.087270      
120      37.207831      0.087270      
121      36.377017      0.087270      
122      36.072768      0.087270      
123      35.688302      0.087270      
124      35.160019      0.087270      
125      34.400255      0.087270      
126      33.078975      0.087270      
127      32.582779      0.087270      
128      31.973707      0.087270      
129      31.458030      0.087270      
130      31.180710      0.087270      
131      31.013401      0.087270      
132      30.925736      0.087270      
133      30.930893      0.087270      
134      30.780774      0.087270      
135      30.312080      0.087270      
136      30.129301      0.087270      
137      29.619354      0.087270      
138      29.078466      0.087270      
139      28.718065      0.087270      
140      28.480280      0.087270      
141      28.459080      0.087270      
142      28.239058      0.087270      
143      27.529715      0.087270      
144      27.224320      0.087270      
145      26.801464      0.087270      
146      26.343657      0.087270      
147      25.941429      0.087270      
148      25.776413      0.087270      
149      25.277925      0.087270      
150      24.721566      0.087270      
151      23.357886      0.087270      
152      22.677192      0.087270      
153      22.469776      0.087270      
154      21.919720      0.087270      
155      21.178864      0.087270      
156      20.585835      0.087270      
157      20.561197      0.087270      
158      20.264969      0.087270      
159      19.772211      0.087270      
160      19.345918      0.087270      
161      18.956868      0.087270      
162      18.695591      0.087270      
163      18.346650      0.087270      
164      18.208563      0.087270      
165      18.041254      0.087270      
166      17.797167      0.087270      
167      17.712367      0.087270      
168      17.517555      0.087270      
169      16.919370      0.087270      
170      16.517141      0.087270      
171      16.129811      0.087270      
172      15.850199      0.087270      
173      15.228521      0.087270      
174      14.989018      0.087270      
175      14.775298      0.087270      
176      14.618876      0.087270      
177      14.531784      0.087270      
178      14.252746      0.087270      
179      14.037307      0.087270      
180      13.890625      0.087270      
181      13.674614      0.087270      
182      13.719306      0.087270      
183      13.758841      0.087270      
184      13.812701      0.087270      
185      13.706128      0.087270      
186      13.323381      0.087270      
187      13.126277      0.087270      
188      13.059812      0.087270      
189      12.675346      0.087270      
190      12.496005      0.087270      
191      12.289734      0.087270      
192      12.195193      0.087270      
193      11.340315      0.087270      
194      10.790832      0.087270      
195      10.549037      0.087270      
196      10.099825      0.087270      
197      9.463250      0.087270      
198      9.294223      0.087270      
199      9.256979      0.087270      
200      9.206557      0.087270      
201      9.167595      0.087270      
202      9.032946      0.087270      
203      8.897724      0.087270      
204      8.616966      0.087270      
205      8.426739      0.087270      
206      8.383193      0.087270      
207      8.270317      0.087270      
208      8.277765      0.087270      
209      8.219322      0.087270      
210      8.245106      0.087270      
211      8.044565      0.087270      
212      7.894445      0.087270      
213      7.595926      0.087270      
214      7.453828      0.087270      
215      7.157600      0.087270      
216      7.018940      0.087270      
217      6.861372      0.087270      
218      6.514149      0.087270      
219      6.188127      0.087270      
220      6.011650      0.087270      
221      6.146873      0.087270      
222      6.227089      0.087270      
223      6.144008      0.087270      
224      6.140570      0.087270      
225      6.057488      0.087270      
226      5.893045      0.087270      
227      5.883877      0.087270      
228      5.541238      0.087270      
229      5.101767      0.087270      
230      4.670890      0.087270      
231      4.440554      0.087270      
232      4.211937      0.087270      
233      4.056088      0.087270      
234      3.751838      0.087270      
235      3.507178      0.087270      
236      3.255642      0.087270      
237      3.028744      0.087270      
238      2.462072      0.087270      
239      2.083336      0.087270      
240      1.906860      0.087270      
241      1.435875      0.087270      
242      0.975776      0.087270      
243      0.967181      0.087270      
244      0.805602      0.087270      
245      0.522553      0.087270      
246      0.441191      0.087270      
247      0.063027      0.087270      
248      -0.169601      0.087270      
249      -0.178195      0.087270      
250      -0.251536      0.087270      
251      -0.530002      0.087270      
252      -0.705332      0.087270      
253      -0.906446      0.087270      
254      -1.161993      0.087270      
255      -1.248512      0.087270      
256      -1.388318      0.087270      
257      -1.714913      0.087270      
258      -1.989368      0.087270      
259      -2.032914      0.087270      
260      -2.070731      0.087270      
261      -2.222569      0.087270      
262      -2.393315      0.087270      
263      -2.636830      0.087270      
264      -3.367372      0.087270      
265      -3.875601      0.087270      
266      -3.798822      0.087270      
267      -3.937482      0.087270      
268      -4.023428      0.087270      
269      -4.069266      0.087270      
270      -4.060672      0.087270      
271      -4.452013      0.087270      
272      -5.220372      0.087270      
273      -5.305746      0.087270      
274      -5.366481      0.087270      
275      -5.430081      0.087270      
276      -5.490816      0.087270      
277      -5.438676      0.087270      
278      -5.715423      0.087270      
279      -5.952634      0.087270      
280      -5.952634      0.087270      
281      -5.883304      0.087270      
282      -6.017953      0.087270      
283      -6.013942      0.087270      
284      -6.017380      0.087270      
285      -6.017953      0.087270      
286      -6.094159      0.087270      
287      -6.086710      0.087270      
288      -6.140570      0.087270      
289      -6.620150      0.087270      
290      -6.701512      0.087270      
291      -6.701512      0.087270      
292      -6.754226      0.087270      
293      -6.835588      0.087270      
294      -6.839026      0.087270      
295      -6.782874      0.087270      
296      -7.218908      0.087270      
297      -7.232087      0.087270      
298      -7.153016      0.087270      
299      -6.938724      0.087270      
300      -6.759382      0.087270      
301      -6.453987      0.087270      
302      -6.239121      0.087270      
303      -6.059207      0.087270      
304      -5.722871      0.087270      
305      -5.420341      0.087270      
306      -5.151615      0.087270      
307      -5.227248      0.087270      
308      -5.138437      0.087270      
309      -5.114945      0.087270      
310      -5.040458      0.087270      
311      -5.000923      0.087270      
312      -4.742512      0.087270      
313      -4.300748      0.087270      
314      -4.105937      0.087270      
315      -4.011969      0.087270      
316      -3.835493      0.087270      
317      -3.504313      0.087270      
318      -3.299188      0.087270      
319      -2.761738      0.087270      
320      -1.822633      0.087270      
321      -0.341493      0.087270      
322      1.086933      0.087270      
323      2.853987      0.087270      
324      3.717460      0.087270      
325      5.058221      0.087270      
326      6.126245      0.087270      
327      7.391947      0.087270      
328      8.796307      0.087270      
329      9.783543      0.087270      
330      11.032628      0.087270      
331      12.535540      0.087270      
332      12.894795      0.087270      
333      13.594398      0.087270      
334      14.422919      0.087270      
335      15.105332      0.087270      
336      15.657106      0.087270      
337      16.960051      0.087270      
338      18.606780      0.087270      
339      19.467388      0.087270      
340      20.822473      0.087270      
341      22.525354      0.087270      
342      23.014102      0.087270      
343      23.736623      0.087270      
344      24.536495      0.087270      
345      25.048162      0.087270      
346      25.331784      0.087270      
347      27.699889      0.087270      
348      28.721502      0.087270      
349      29.430272      0.087270      
350      30.427248      0.087270      
351      31.005380      0.087270      
352      32.187426      0.087270      
353      33.938437      0.087270      
354      35.248830      0.087270      
355      35.982811      0.087270      
356      36.519115      0.087270      
357      37.171733      0.087270      
358      37.719497      0.087270      
359      37.962438      0.087270      
360      38.400764      0.087270      
361      38.558332      0.087270      
362      38.678657      0.087270      
363      39.285437      0.087270      
364      40.578641      0.087270      
365      41.701098      0.087270      
366      43.118065      0.087270      
367      44.227917      0.087270      
368      45.185357      0.087270      
369      46.657902      0.087270      
370      48.281713      0.087270      
371      48.880471      0.087270      
372      50.045329      0.087270      
373      51.009072      0.087270      
374      51.908642      0.087270      
375      53.307274      0.087270      
376      54.232628      0.087270      
377      55.136782      0.087270      
378      55.688556      0.087270      
379      55.816330      0.087270      
380      56.233455      0.087270      
381      57.099220      0.087270      
382      57.475092      0.087270      
383      58.719020      0.087270      
384      59.344135      0.087270      
385      60.134840      0.087270      
386      60.935286      0.087270      
387      61.099156      0.087270      
388      61.740315      0.087270      
389      62.728696      0.087270      
390      63.209422      0.087270      
391      63.935954      0.087270      
392      65.197071      0.087270      
393      66.006685      0.087270      
394      66.499443      0.087270      
395      67.027726      0.087270      
396      67.295878      0.087270      
397      68.022410      0.087270      
398      68.755244      0.087270      
399      70.010632      0.087270      
400      70.836288      0.087270      
401      71.472290      0.087270      
402      72.036097      0.087270      
403      72.803311      0.087270      
404      73.964730      0.087270      
405      74.625370      0.087270      
