72      0.011030      1637666794307      
73      0.005700      1637666794341      
74      0.007170      1637666794373      
75      0.009630      1637666794404      
76      0.008610      1637666794441      
77      0.008980      1637666794467      
78      0.009810      1637666794499      
79      0.010190      1637666794531      
80      0.008690      1637666794576      
81      0.016840      1637666794608      
82      0.010270      1637666794643      
83      0.016080      1637666794677      
84      0.017560      1637666794704      
85      0.011580      1637666794734      
86      0.015810      1637666794765      
87      0.026980      1637666794797      
88      0.024310      1637666794831      
89      0.005400      1637666794878      
90      0.027320      1637666794911      
91      0.022390      1637666794941      
92      0.006310      1637666794972      
93      0.009780      1637666795004      
94      0.016090      1637666795032      
95      0.007560      1637666795070      
96      0.001920      1637666795112      
97      0.008480      1637666795141      
98      0.002200      1637666795174      
99      0.002930      1637666795206      
100      0.008870      1637666795238      
101      0.005280      1637666795273      
102      0.007390      1637666795307      
103      0.014310      1637666795331      
104      0.009690      1637666795366      
105      0.004470      1637666795410      
106      0.013780      1637666795441      
107      0.015550      1637666795473      
108      0.010900      1637666795506      
109      0.013970      1637666795538      
110      0.010250      1637666795578      
111      0.007910      1637666795612      
112      0.014610      1637666795642      
113      0.009820      1637666795675      
114      0.009260      1637666795709      
115      0.009990      1637666795741      
116      0.004080      1637666795768      
117      -0.000370      1637666795798      
118      0.003000      1637666795832      
119      0.006810      1637666795879      
120      0.004030      1637666795910      
121      0.007350      1637666795944      
122      0.014600      1637666795974      
123      0.007330      1637666796004      
124      0.005100      1637666796036      
125      0.014740      1637666796065      
126      0.015520      1637666796100      
127      0.016400      1637666796153      
128      0.029040      1637666796191      
129      0.025770      1637666796214      
130      0.021970      1637666796242      
131      0.010360      1637666796273      
132      0.007880      1637666796303      
133      0.011250      1637666796339      
134      0.014590      1637666796380      
135      0.035180      1637666796412      
136      0.013100      1637666796445      
137      0.030040      1637666796476      
138      0.022210      1637666796510      
139      0.011130      1637666796546      
140      0.011170      1637666796573      
141      0.006790      1637666796605      
142      0.002210      1637666796637      
143      0.001820      1637666796669      
144      0.003480      1637666796698      
145      -0.002020      1637666796755      
146      0.001000      1637666796779      
147      0.002210      1637666796812      
148      -0.000540      1637666796843      
149      0.006890      1637666796874      
150      0.010810      1637666796906      
151      0.007370      1637666796943      
152      0.011650      1637666796971      
153      0.009460      1637666797013      
154      0.005790      1637666797046      
155      0.009990      1637666797078      
156      0.000550      1637666797109      
157      0.002000      1637666797146      
158      0.009600      1637666797180      
159      0.013450      1637666797206      
160      0.005530      1637666797237      
161      0.015300      1637666797265      
162      0.013070      1637666797315      
163      0.000250      1637666797349      
164      0.014280      1637666797388      
165      0.017050      1637666797414      
166      0.009500      1637666797443      
167      0.008550      1637666797475      
168      0.009340      1637666797507      
169      0.013010      1637666797537      
170      0.004030      1637666797575      
171      -0.001140      1637666797614      
172      0.003110      1637666797648      
173      -0.000230      1637666797682      
174      0.002720      1637666797714      
175      0.002890      1637666797746      
176      0.004970      1637666797781      
177      0.001350      1637666797812      
178      -0.000920      1637666797840      
179      0.006750      1637666797873      
180      0.004400      1637666797914      
181      0.010760      1637666797946      
182      0.005650      1637666797980      
183      0.003510      1637666798011      
184      0.008030      1637666798041      
185      0.003570      1637666798074      
186      -0.002680      1637666798105      
187      0.008650      1637666798137      
188      0.012340      1637666798185      
189      0.007010      1637666798216      
190      0.006780      1637666798246      
191      0.016470      1637666798278      
192      0.000840      1637666798310      
193      0.002990      1637666798340      
194      0.005630      1637666798373      
195      -0.002820      1637666798406      
196      0.002730      1637666798454      
197      -0.001300      1637666798480      
198      -0.000200      1637666798513      
199      0.000280      1637666798545      
200      0.000990      1637666798576      
201      0.004780      1637666798610      
202      0.001090      1637666798640      
203      0.003120      1637666798667      
204      0.003250      1637666798715      
205      -0.001020      1637666798749      
206      -0.003490      1637666798778      
207      -0.000950      1637666798823      
208      0.000630      1637666798843      
209      -0.002160      1637666798874      
210      -0.002860      1637666798906      
211      0.001070      1637666798939      
212      -0.000660      1637666798968      
213      -0.003930      1637666799024      
214      0.001800      1637666799062      
215      -0.000540      1637666799080      
216      0.005610      1637666799113      
217      0.002660      1637666799146      
218      0.004160      1637666799177      
219      0.008440      1637666799209      
220      0.004240      1637666799240      
221      -0.003090      1637666799271      
222      0.001380      1637666799314      
223      -0.001750      1637666799347      
224      0.001350      1637666799378      
225      0.000230      1637666799410      
226      -0.001280      1637666799445      
227      0.001660      1637666799473      
228      0.001530      1637666799506      
229      0.001370      1637666799538      
230      0.000590      1637666799569      
231      0.002570      1637666799615      
232      0.004460      1637666799647      
233      -0.000550      1637666799681      
234      0.000150      1637666799714      
235      0.001410      1637666799744      
236      0.001510      1637666799776      
237      0.000160      1637666799815      
238      0.002710      1637666799845      
239      0.005460      1637666799875      
240      0.005510      1637666799903      
241      0.004710      1637666799948      
242      0.003340      1637666799982      
243      -0.000230      1637666800023      
244      -0.000010      1637666800046      
245      0.002050      1637666800078      
246      0.002770      1637666800107      
247      -0.002160      1637666800140      
248      0.001540      1637666800172      
249      0.001150      1637666800218      
250      0.001590      1637666800247      
251      0.000350      1637666800279      
252      0.001700      1637666800313      
253      0.006390      1637666800345      
254      -0.000830      1637666800375      
255      0.004470      1637666800407      
256      0.002870      1637666800444      
257      0.003470      1637666800469      
258      0.001140      1637666800515      
259      0.005920      1637666800546      
260      0.000220      1637666800581      
261      0.000270      1637666800611      
262      -0.000300      1637666800647      
263      0.001610      1637666800675      
264      0.001580      1637666800703      
265      0.002600      1637666800736      
266      0.002690      1637666800782      
267      0.006070      1637666800813      
268      0.005140      1637666800847      
269      0.004060      1637666800889      
270      0.002990      1637666800910      
271      0.000060      1637666800941      
272      0.007410      1637666800970      
273      0.002910      1637666801016      
274      0.004450      1637666801055      
275      0.007410      1637666801081      
276      0.001430      1637666801113      
277      0.000880      1637666801144      
278      0.005760      1637666801173      
279      0.000120      1637666801206      
280      -0.002000      1637666801247      
281      -0.000330      1637666801272      
282      0.000210      1637666801316      
283      0.000210      1637666801347      
284      0.001680      1637666801381      
285      -0.000120      1637666801414      
286      0.000040      1637666801462      
287      0.005880      1637666801498      
288      0.008830      1637666801527      
289      0.002730      1637666801555      
290      0.001680      1637666801582      
291      -0.001160      1637666801614      
292      -0.000500      1637666801652      
293      -0.000160      1637666801688      
294      0.001650      1637666801709      
295      -0.001360      1637666801738      
296      0.002790      1637666801783      
297      0.004460      1637666801821      
298      0.002490      1637666801845      
299      0.001070      1637666801880      
300      0.002980      1637666801924      
301      0.001420      1637666801948      
302      0.002920      1637666801972      
303      0.001240      1637666802003      
304      0.006080      1637666802047      
305      0.002200      1637666802089      
306      0.002570      1637666802116      
307      0.001380      1637666802144      
308      0.001390      1637666802175      
309      0.004220      1637666802206      
310      0.002820      1637666802237      
311      0.003700      1637666802273      
312      0.002640      1637666802319      
313      0.003470      1637666802347      
314      0.003300      1637666802379      
315      0.001400      1637666802412      
316      0.000450      1637666802442      
317      0.006070      1637666802479      
318      0.002020      1637666802506      
319      0.000670      1637666802552      
320      0.004750      1637666802580      
321      0.003180      1637666802613      
322      0.004020      1637666802647      
323      0.001030      1637666802683      
324      0.003230      1637666802722      
325      0.004120      1637666802745      
326      0.003960      1637666802772      
327      -0.001580      1637666802806      
328      -0.000180      1637666802836      
329      0.000000      1637666802888      
330      0.002890      1637666802922      
331      0.002350      1637666802948      
332      0.001890      1637666802980      
333      0.005870      1637666803012      
334      0.002840      1637666803046      
335      -0.000870      1637666803075      
336      0.004110      1637666803110      
337      0.006910      1637666803139      
338      0.002700      1637666803170      
339      0.001210      1637666803217      
340      -0.000200      1637666803248      
341      0.004040      1637666803279      
342      0.001190      1637666803321      
343      0.001120      1637666803345      
344      0.002160      1637666803375      
345      0.002840      1637666803407      
346      0.004190      1637666803439      
347      0.001360      1637666803471      
348      0.001530      1637666803523      
349      0.003450      1637666803548      
350      0.001480      1637666803579      
351      -0.000690      1637666803612      
352      -0.000090      1637666803641      
353      0.000080      1637666803674      
354      0.001950      1637666803708      
355      -0.000360      1637666803740      
356      0.001200      1637666803786      
357      0.004210      1637666803814      
358      -0.001350      1637666803845      
359      0.003610      1637666803880      
360      0.001010      1637666803913      
361      0.004730      1637666803955      
362      0.000230      1637666803972      
363      0.003080      1637666804004      
364      0.002220      1637666804052      
365      -0.000710      1637666804082      
366      0.004520      1637666804119      
367      0.003150      1637666804153      
368      0.003260      1637666804180      
369      0.000970      1637666804211      
370      0.002800      1637666804241      
371      0.006840      1637666804273      
372      0.002970      1637666804304      
373      0.004870      1637666804354      
374      0.016100      1637666804379      
375      0.007600      1637666804413      
376      -0.000520      1637666804444      
377      0.002010      1637666804476      
378      -0.000570      1637666804505      
379      -0.002060      1637666804539      
380      0.000780      1637666804588      
381      0.003660      1637666804612      
382      0.001220      1637666804645      
383      0.002130      1637666804677      
384      0.001170      1637666804709      
385      0.002560      1637666804741      
386      0.002920      1637666804793      
387      0.000990      1637666804823      
388      0.003370      1637666804854      
389      0.002870      1637666804886      
390      -0.000140      1637666804914      
391      0.001210      1637666804945      
392      0.003760      1637666804978      
393      0.001570      1637666805008      
394      0.001230      1637666805039      
395      0.001420      1637666805071      
396      0.002810      1637666805124      
397      0.000000      1637666805159      
398      0.005140      1637666805185      
399      0.000380      1637666805212      
400      0.005440      1637666805244      
401      0.010660      1637666805277      
402      0.002760      1637666805310      
403      0.004070      1637666805344      
404      0.005950      1637666805375      
405      0.002770      1637666805421      
406      0.001470      1637666805448      
407      0.002550      1637666805479      
408      0.000350      1637666805512      
409      0.001160      1637666805544      
410      0.002800      1637666805583      
411      0.000640      1637666805611      
412      0.000740      1637666805639      
413      0.004000      1637666805671      
414      0.001490      1637666805720      
415      0.002990      1637666805759      
416      0.005730      1637666805789      
417      -0.000140      1637666805812      
418      0.001470      1637666805844      
419      0.005400      1637666805876      
420      0.002740      1637666805910      
421      0.001090      1637666805943      
422      0.002530      1637666805980      
423      0.002880      1637666806006      
424      0.000520      1637666806055      
425      -0.001530      1637666806081      
426      0.000010      1637666806112      
427      -0.001110      1637666806146      
428      -0.000230      1637666806187      
429      0.003870      1637666806210      
430      0.000140      1637666806239      
431      -0.000300      1637666806287      
432      0.005280      1637666806320      
433      0.001610      1637666806353      
434      0.003660      1637666806385      
435      0.003190      1637666806410      
436      0.002640      1637666806442      
437      0.002520      1637666806475      
438      0.003470      1637666806507      
439      0.002100      1637666806539      
440      0.003700      1637666806589      
441      -0.000440      1637666806617      
442      0.006730      1637666806646      
443      0.001020      1637666806678      
444      0.003820      1637666806711      
445      0.005140      1637666806742      
446      -0.000040      1637666806778      
447      0.001440      1637666806822      
448      0.008080      1637666806853      
449      0.001200      1637666806881      
450      0.001190      1637666806912      
451      0.002350      1637666806944      
452      0.002190      1637666806989      
453      0.000930      1637666807013      
454      0.002250      1637666807042      
455      0.003520      1637666807072      
456      0.000450      1637666807120      
457      0.002990      1637666807148      
458      0.005560      1637666807197      
459      0.000650      1637666807231      
460      0.002240      1637666807262      
461      -0.001440      1637666807293      
462      -0.000070      1637666807323      
463      0.003290      1637666807355      
464      0.007050      1637666807394      
465      0.003250      1637666807426      
466      0.006930      1637666807447      
467      0.009050      1637666807479      
468      0.004530      1637666807511      
469      0.004650      1637666807546      
470      0.004510      1637666807578      
471      0.003590      1637666807611      
472      0.007320      1637666807661      
473      0.001640      1637666807687      
474      0.002800      1637666807718      
475      -0.001380      1637666807747      
476      -0.003870      1637666807786      
477      -0.002940      1637666807811      
478      -0.002690      1637666807842      
479      -0.001860      1637666807875      
480      -0.002480      1637666807907      
481      -0.006610      1637666807956      
482      -0.025100      1637666807990      
483      -0.035600      1637666808013      
484      -0.043410      1637666808047      
485      -0.049260      1637666808077      
486      -0.044670      1637666808110      
487      -0.050620      1637666808142      
488      -0.020130      1637666808173      
489      -0.033650      1637666808223      
490      -0.048500      1637666808252      
491      -0.018160      1637666808283      
492      -0.017300      1637666808317      
493      -0.015800      1637666808345      
494      -0.018010      1637666808378      
495      -0.026520      1637666808412      
496      -0.011440      1637666808448      
497      -0.023590      1637666808474      
498      -0.024200      1637666808518      
499      -0.036670      1637666808552      
500      -0.026480      1637666808580      
501      -0.032750      1637666808620      
502      -0.029060      1637666808651      
503      -0.028410      1637666808677      
504      -0.018100      1637666808709      
505      -0.032890      1637666808739      
506      -0.012230      1637666808789      
507      -0.037830      1637666808828      
508      -0.019710      1637666808852      
509      -0.017710      1637666808884      
510      -0.024450      1637666808913      
511      -0.021440      1637666808946      
512      -0.019750      1637666808977      
513      -0.015640      1637666809011      
514      -0.018750      1637666809051      
515      -0.012130      1637666809078      
516      -0.022720      1637666809124      
517      -0.038860      1637666809154      
518      -0.028690      1637666809186      
519      -0.035880      1637666809213      
520      -0.036170      1637666809253      
521      -0.025980      1637666809278      
522      -0.042610      1637666809311      
523      -0.035050      1637666809343      
524      -0.009460      1637666809377      
525      -0.030920      1637666809423      
526      -0.053870      1637666809460      
527      -0.020340      1637666809484      
528      -0.030020      1637666809512      
529      -0.030730      1637666809544      
530      -0.020890      1637666809577      
531      -0.019830      1637666809609      
532      -0.012430      1637666809644      
533      -0.030730      1637666809697      
534      -0.045060      1637666809722      
535      -0.036570      1637666809753      
536      -0.036340      1637666809782      
537      -0.032060      1637666809812      
538      -0.026510      1637666809844      
539      -0.037150      1637666809883      
540      -0.016000      1637666809916      
541      -0.020050      1637666809954      
542      -0.029940      1637666809987      
543      -0.031200      1637666810018      
