77      0.439041      0.030372      0.111249      1.321045      -1.012816      1.008985      
78      0.439551      0.030692      0.110749      1.323226      -1.008576      1.004737      
79      0.440121      0.030982      0.110179      1.325881      -1.003387      0.999537      
80      0.440621      0.031202      0.109709      1.326555      -1.002063      0.998210      
81      0.441261      0.031462      0.109079      1.328066      -0.999090      0.995232      
82      0.441801      0.031642      0.108589      1.329595      -0.996072      0.992208      
83      0.442411      0.031792      0.107959      1.331077      -0.993135      0.989266      
84      0.442771      0.031802      0.107489      1.335001      -0.985308      0.981425      
85      0.442931      0.031732      0.107299      1.338966      -0.977325      0.973426      
86      0.442971      0.031632      0.107209      1.343032      -0.969057      0.965142      
87      0.443101      0.031622      0.107149      1.345870      -0.963236      0.959311      
88      0.443381      0.031652      0.107129      1.349693      -0.955327      0.951388      
89      0.443581      0.031662      0.107109      1.352711      -0.949031      0.945080      
90      0.443741      0.031682      0.107109      1.353745      -0.946861      0.942906      
91      0.444381      0.031782      0.107119      1.356104      -0.941892      0.937928      
92      0.444931      0.031862      0.107099      1.358681      -0.936428      0.932454      
93      0.445411      0.031902      0.107109      1.361400      -0.930621      0.926637      
94      0.445951      0.031962      0.107089      1.363486      -0.926137      0.922145      
95      0.446331      0.032022      0.107059      1.365408      -0.921985      0.917986      
96      0.446831      0.032082      0.106969      1.369053      -0.914048      0.910035      
97      0.447711      0.032332      0.106679      1.376034      -0.898621      0.894581      
98      0.448241      0.032522      0.106549      1.378502      -0.893093      0.889043      
99      0.448931      0.032772      0.106489      1.381320      -0.886733      0.882672      
100      0.449351      0.032942      0.106509      1.383873      -0.880925      0.876854      
101      0.449841      0.033142      0.106599      1.385637      -0.876887      0.872809      
102      0.450741      0.033512      0.106619      1.387781      -0.871949      0.867864      
103      0.451091      0.033752      0.106559      1.389125      -0.868837      0.864746      
104      0.451661      0.034212      0.106569      1.389859      -0.867132      0.863038      
105      0.452141      0.034592      0.106739      1.389758      -0.867368      0.863274      
106      0.452641      0.034962      0.107119      1.391124      -0.864186      0.860087      
107      0.453141      0.035222      0.107509      1.393102      -0.859556      0.855449      
108      0.453831      0.035512      0.108099      1.394432      -0.856425      0.852313      
109      0.454451      0.035772      0.108529      1.394448      -0.856387      0.852275      
110      0.455291      0.036072      0.109229      1.397599      -0.848919      0.844795      
111      0.455811      0.036072      0.109809      1.402135      -0.838037      0.833896      
112      0.456411      0.036102      0.110169      1.406512      -0.827383      0.823224      
113      0.457281      0.036172      0.110559      1.412305      -0.813038      0.808856      
114      0.458091      0.036262      0.110979      1.416482      -0.802517      0.798320      
115      0.458831      0.036342      0.111419      1.419514      -0.794783      0.790573      
116      0.459491      0.036322      0.111779      1.422730      -0.786485      0.782263      
117      0.460151      0.036112      0.111829      1.427159      -0.774896      0.770656      
118      0.460401      0.035882      0.111569      1.428905      -0.770275      0.766028      
119      0.460651      0.035512      0.111079      1.431236      -0.764057      0.759801      
120      0.460811      0.035132      0.110619      1.431733      -0.762723      0.758465      
121      0.461041      0.034722      0.110079      1.430990      -0.764717      0.760461      
122      0.461301      0.034242      0.109539      1.430138      -0.766994      0.762742      
123      0.461521      0.033812      0.109139      1.430502      -0.766020      0.761767      
124      0.461921      0.033492      0.108569      1.429035      -0.769930      0.765683      
125      0.462501      0.033442      0.108019      1.428631      -0.771003      0.766757      
126      0.463551      0.033192      0.106549      1.430040      -0.767255      0.763003      
127      0.464441      0.033082      0.105299      1.430752      -0.765353      0.761099      
128      0.465201      0.032992      0.104179      1.431670      -0.762892      0.758634      
129      0.466091      0.032872      0.102879      1.432819      -0.759801      0.755538      
130      0.466741      0.032862      0.101959      1.433776      -0.757216      0.752949      
131      0.467291      0.032922      0.101099      1.434820      -0.754385      0.750114      
132      0.467761      0.033092      0.100269      1.435717      -0.751944      0.747670      
133      0.468481      0.033692      0.099099      1.436573      -0.749604      0.745326      
134      0.468781      0.034102      0.098489      1.437939      -0.745858      0.741574      
135      0.469151      0.034472      0.097879      1.439424      -0.741757      0.737468      
136      0.469561      0.034822      0.097389      1.441083      -0.737149      0.732853      
137      0.469911      0.035242      0.096719      1.443856      -0.729374      0.725067      
138      0.470271      0.035642      0.096099      1.444887      -0.726461      0.722150      
139      0.470541      0.035782      0.095669      1.446148      -0.722878      0.718562      
140      0.470841      0.035692      0.095269      1.447000      -0.720449      0.716129      
141      0.471091      0.035652      0.094989      1.447473      -0.719095      0.714774      
142      0.471421      0.035602      0.094639      1.448985      -0.714750      0.710422      
143      0.471821      0.035602      0.094249      1.451268      -0.708133      0.703797      
144      0.472161      0.035692      0.094169      1.451762      -0.706694      0.702356      
145      0.472511      0.035822      0.094059      1.452259      -0.705240      0.700899      
146      0.472961      0.035982      0.093959      1.453987      -0.700167      0.695819      
147      0.473351      0.036222      0.093849      1.455062      -0.696987      0.692635      
148      0.473791      0.036552      0.093619      1.459521      -0.683638      0.679267      
149      0.474141      0.036772      0.093549      1.460897      -0.679461      0.675084      
150      0.474401      0.037032      0.093279      1.463342      -0.671967      0.667581      
151      0.474631      0.037352      0.092789      1.466893      -0.660921      0.656520      
152      0.475101      0.037872      0.092399      1.469863      -0.651528      0.647115      
153      0.475301      0.038112      0.092109      1.472699      -0.642425      0.638000      
154      0.475651      0.038362      0.091719      1.475537      -0.633169      0.628733      
155      0.476081      0.038592      0.091439      1.476719      -0.629274      0.624833      
156      0.476421      0.038762      0.090899      1.480343      -0.617159      0.612702      
157      0.476771      0.038882      0.090559      1.481392      -0.613609      0.609148      
158      0.477141      0.038872      0.090079      1.482218      -0.610794      0.606329      
159      0.477611      0.038852      0.089569      1.483795      -0.605385      0.600914      
160      0.478091      0.038942      0.089139      1.484337      -0.603512      0.599039      
161      0.478461      0.038922      0.088519      1.486118      -0.597320      0.592839      
162      0.478801      0.038712      0.087909      1.487063      -0.594007      0.589521      
163      0.479121      0.038652      0.087409      1.487614      -0.592063      0.587576      
164      0.479521      0.038272      0.086659      1.490304      -0.582490      0.577991      
165      0.479951      0.038272      0.086389      1.490401      -0.582142      0.577642      
166      0.480471      0.038302      0.085979      1.491134      -0.579500      0.574997      
167      0.481021      0.038392      0.085769      1.491091      -0.579655      0.575152      
168      0.481721      0.038582      0.085519      1.491567      -0.577935      0.573430      
169      0.482151      0.038662      0.085229      1.493124      -0.572270      0.567759      
170      0.482501      0.038762      0.085089      1.493384      -0.571316      0.566804      
171      0.482861      0.038892      0.084909      1.494444      -0.567417      0.562900      
172      0.483481      0.039232      0.084499      1.497427      -0.556290      0.551760      
173      0.484041      0.039562      0.084269      1.498393      -0.552637      0.548103      
174      0.484461      0.039762      0.083999      1.499631      -0.547920      0.543380      
175      0.484871      0.039872      0.083709      1.501516      -0.540648      0.536100      
176      0.485431      0.040052      0.083399      1.502793      -0.535665      0.531111      
177      0.485841      0.040122      0.083109      1.504649      -0.528335      0.523774      
178      0.486391      0.040292      0.082769      1.507303      -0.517663      0.513089      
179      0.487031      0.040282      0.082319      1.510942      -0.502648      0.498059      
180      0.487331      0.040192      0.082149      1.512789      -0.494842      0.490244      
181      0.487831      0.040122      0.081979      1.513982      -0.489732      0.485129      
182      0.488161      0.040022      0.081759      1.516064      -0.480685      0.476072      
183      0.488521      0.039952      0.081659      1.517760      -0.473175      0.468555      
184      0.489011      0.039922      0.081599      1.518428      -0.470187      0.465564      
185      0.489311      0.039832      0.081419      1.519983      -0.463149      0.458519      
186      0.489571      0.039862      0.081259      1.520521      -0.460689      0.456056      
187      0.489761      0.039902      0.081069      1.521707      -0.455214      0.450576      
188      0.490011      0.039952      0.080789      1.522460      -0.451702      0.447060      
189      0.490371      0.040072      0.080519      1.523102      -0.448687      0.444043      
190      0.490601      0.040102      0.080399      1.524111      -0.443904      0.439255      
191      0.490791      0.040022      0.080389      1.524677      -0.441200      0.436548      
192      0.491041      0.040052      0.080439      1.524706      -0.441060      0.436408      
193      0.491481      0.040102      0.080389      1.525786      -0.435847      0.431190      
194      0.491921      0.040242      0.080239      1.526494      -0.432394      0.427734      
195      0.492331      0.040362      0.080169      1.527294      -0.428458      0.423794      
196      0.492861      0.040492      0.080049      1.528065      -0.424630      0.419962      
197      0.493221      0.040522      0.079909      1.529142      -0.419219      0.414546      
198      0.493621      0.040472      0.079789      1.530034      -0.414688      0.410011      
199      0.493941      0.040492      0.079689      1.530273      -0.413464      0.408785      
200      0.494161      0.040482      0.079309      1.531611      -0.406545      0.401860      
201      0.494571      0.040572      0.078969      1.532811      -0.400233      0.395543      
202      0.494821      0.040632      0.078649      1.534735      -0.389901      0.385202      
203      0.494961      0.040622      0.078369      1.535694      -0.384640      0.379936      
204      0.495281      0.040632      0.078149      1.536396      -0.380745      0.376037      
205      0.495501      0.040502      0.077989      1.537379      -0.375225      0.370512      
206      0.495711      0.040262      0.077769      1.538257      -0.370219      0.365502      
207      0.496081      0.040172      0.077549      1.538557      -0.368493      0.363775      
208      0.496271      0.039872      0.077279      1.539948      -0.360378      0.355652      
209      0.496421      0.039632      0.077099      1.540228      -0.358722      0.353995      
210      0.496601      0.039392      0.076939      1.540464      -0.357323      0.352595      
211      0.496661      0.038932      0.076809      1.541379      -0.351831      0.347098      
212      0.496771      0.038502      0.076789      1.541480      -0.351221      0.346488      
213      0.496821      0.038042      0.076719      1.542069      -0.347634      0.342898      
214      0.496851      0.037582      0.076649      1.542492      -0.345040      0.340302      
215      0.496991      0.037152      0.076579      1.542653      -0.344047      0.339308      
216      0.497171      0.036652      0.076459      1.543623      -0.337990      0.333246      
217      0.497331      0.036382      0.076319      1.544038      -0.335371      0.330625      
218      0.497371      0.036122      0.076179      1.544739      -0.330892      0.326142      
219      0.497421      0.035892      0.076069      1.544803      -0.330478      0.325727      
220      0.497521      0.035802      0.075949      1.545202      -0.327898      0.323145      
221      0.497571      0.035692      0.075859      1.545758      -0.324270      0.319514      
222      0.497731      0.035712      0.075859      1.545573      -0.325482      0.320727      
223      0.497801      0.035702      0.075739      1.545783      -0.324105      0.319350      
224      0.497941      0.035752      0.075659      1.545524      -0.325802      0.321048      
225      0.498011      0.035802      0.075449      1.545892      -0.323386      0.318630      
226      0.498011      0.035802      0.075269      1.546422      -0.319875      0.315116      
227      0.498051      0.035902      0.075269      1.545955      -0.322972      0.318215      
228      0.498011      0.036012      0.075339      1.545457      -0.326240      0.321486      
229      0.497981      0.036202      0.075499      1.544283      -0.333808      0.329061      
230      0.497931      0.036412      0.075929      1.540389      -0.357768      0.353041      
231      0.497821      0.036282      0.076269      1.538460      -0.369048      0.364330      
232      0.497831      0.036182      0.076699      1.534692      -0.390135      0.385436      
233      0.497811      0.036122      0.077029      1.531368      -0.407809      0.403125      
234      0.497671      0.035902      0.077309      1.527924      -0.425332      0.420665      
235      0.497501      0.035652      0.077699      1.523389      -0.447332      0.442686      
236      0.497391      0.035602      0.078229      1.518230      -0.471074      0.466452      
237      0.496611      0.035052      0.079449      1.510447      -0.504716      0.500129      
238      0.495951      0.034682      0.080359      1.505190      -0.526176      0.521612      
239      0.494871      0.034202      0.081559      1.499586      -0.548090      0.543551      
240      0.493861      0.033612      0.082499      1.495859      -0.562169      0.557645      
241      0.491871      0.032412      0.084259      1.489328      -0.585984      0.581489      
242      0.490631      0.031702      0.085399      1.485383      -0.599883      0.595404      
243      0.489121      0.030912      0.086929      1.479010      -0.621644      0.617193      
244      0.487881      0.030242      0.088289      1.474582      -0.636299      0.631866      
245      0.486341      0.029492      0.090109      1.467725      -0.658305      0.653901      
246      0.486341      0.029492      0.090109      1.461329      -0.678142      0.673764      
247      0.486341      0.029492      0.090109      1.451872      -0.706371      0.702032      
248      0.486341      0.029492      0.090109      1.445291      -0.725315      0.721003      
249      0.486341      0.029492      0.090109      1.435534      -0.752443      0.748170      
250      0.486341      0.029492      0.090109      1.427560      -0.773839      0.769597      
251      0.486341      0.029492      0.090109      1.422789      -0.786332      0.782110      
252      0.486341      0.029492      0.090109      1.415836      -0.804154      0.799959      
253      0.486341      0.029492      0.090109      1.406468      -0.827490      0.823332      
254      0.486341      0.029492      0.090109      1.396002      -0.852714      0.848597      
255      0.486341      0.029492      0.090109      1.389787      -0.867299      0.863206      
256      0.486341      0.029492      0.090109      1.381953      -0.885296      0.881233      
257      0.486341      0.029492      0.090109      1.375857      -0.899016      0.894977      
258      0.486341      0.029492      0.090109      1.371040      -0.909687      0.905666      
259      0.486341      0.029492      0.090109      1.366825      -0.918908      0.914903      
260      0.486341      0.029492      0.090109      1.362938      -0.927319      0.923329      
261      0.486341      0.029492      0.090109      1.357716      -0.938479      0.934509      
262      0.486341      0.029492      0.090109      1.352415      -0.949651      0.945701      
263      0.486341      0.029492      0.090109      1.349188      -0.956378      0.952440      
264      0.486341      0.029492      0.090109      1.346980      -0.960948      0.957019      
265      0.486341      0.029492      0.090109      1.335163      -0.984984      0.981100      
266      0.486341      0.029492      0.090109      1.331164      -0.992962      0.989093      
267      0.486341      0.029492      0.090109      1.326000      -1.003153      0.999303      
