397      -2.670000      
398      -1.130000      
399      -0.910000      
400      -1.630000      
401      -2.900000      
402      -3.270000      
403      -3.700000      
404      -1.450000      
405      -2.550000      
406      -2.320000      
407      -2.960000      
408      -2.970000      
409      -2.420000      
410      -3.830000      
411      -1.840000      
412      -2.550000      
413      -1.980000      
414      -2.240000      
415      -2.080000      
416      -1.920000      
417      -4.100000      
418      -2.170000      
419      -2.300000      
420      -1.380000      
421      -3.280000      
422      -0.980000      
423      -1.470000      
424      -1.510000      
425      -1.020000      
426      0.460000      
427      -0.580000      
428      -0.230000      
429      -0.040000      
430      0.140000      
431      -0.230000      
432      0.340000      
433      -0.340000      
434      -0.730000      
435      -0.540000      
436      -0.680000      
437      -1.370000      
438      -0.450000      
439      -0.930000      
440      -1.420000      
441      -0.540000      
442      -1.200000      
443      -0.030000      
444      -0.670000      
445      -0.250000      
446      -0.100000      
447      -1.180000      
448      0.700000      
449      -0.220000      
450      0.420000      
451      3.060000      
452      3.280000      
453      6.190000      
454      4.590000      
455      2.310000      
456      3.090000      
457      3.050000      
458      3.310000      
459      3.970000      
460      5.270000      
461      5.010000      
462      5.860000      
463      2.850000      
464      3.720000      
465      5.360000      
466      4.660000      
467      5.320000      
