64      0.440441      0.021462      0.125089      1.323970      -1.007125      1.003283      
65      0.442101      0.021682      0.124629      1.327195      -1.000806      0.996951      
66      0.443751      0.022012      0.124409      1.331797      -0.991704      0.987833      
67      0.445441      0.022062      0.124159      1.337050      -0.981193      0.977301      
68      0.447501      0.022412      0.124219      1.346463      -0.962013      0.958086      
69      0.448931      0.022482      0.124209      1.353511      -0.947353      0.943398      
70      0.450081      0.022802      0.124689      1.357159      -0.939660      0.935692      
71      0.450681      0.022972      0.124889      1.359913      -0.933801      0.929823      
72      0.451951      0.023272      0.125049      1.364648      -0.923630      0.919633      
73      0.453151      0.023702      0.125399      1.367546      -0.917339      0.913331      
74      0.454371      0.023902      0.125239      1.372712      -0.906000      0.901972      
75      0.455591      0.023982      0.124969      1.375479      -0.899859      0.895821      
76      0.456691      0.024222      0.124929      1.380417      -0.888777      0.884720      
77      0.458361      0.024532      0.124279      1.388705      -0.869811      0.865722      
78      0.459441      0.024742      0.123599      1.392495      -0.860980      0.856876      
79      0.460051      0.024792      0.123179      1.394597      -0.856036      0.851924      
80      0.461291      0.024842      0.122299      1.400029      -0.843109      0.838976      
81      0.462451      0.024972      0.121459      1.404541      -0.832200      0.828049      
82      0.463691      0.024892      0.120539      1.408303      -0.822977      0.818812      
83      0.464751      0.024982      0.119839      1.410976      -0.816354      0.812178      
84      0.466461      0.025152      0.119729      1.413869      -0.809116      0.804929      
85      0.467531      0.025102      0.119689      1.417373      -0.800253      0.796052      
86      0.468581      0.025012      0.120039      1.419597      -0.794569      0.790359      
87      0.469551      0.025012      0.120039      1.423313      -0.784969      0.780745      
88      0.469981      0.024942      0.120009      1.424852      -0.780956      0.776725      
89      0.470801      0.024982      0.120199      1.427505      -0.773984      0.769743      
90      0.471561      0.025152      0.119669      1.432121      -0.761680      0.757420      
91      0.472381      0.025242      0.119089      1.436815      -0.748943      0.744665      
92      0.473191      0.025572      0.118529      1.441372      -0.736343      0.732046      
93      0.473901      0.026102      0.117719      1.445234      -0.725477      0.721164      
94      0.475091      0.026592      0.116209      1.448328      -0.716642      0.712317      
95      0.475981      0.026972      0.115379      1.452701      -0.703947      0.699604      
96      0.476941      0.027372      0.114619      1.455293      -0.696302      0.691949      
97      0.477451      0.027492      0.114229      1.455426      -0.695909      0.691555      
98      0.478451      0.027712      0.113199      1.457057      -0.691049      0.686689      
99      0.479951      0.027842      0.112039      1.461208      -0.678512      0.674135      
100      0.480901      0.027662      0.111269      1.462929      -0.673239      0.668855      
101      0.481691      0.027692      0.110399      1.466581      -0.661901      0.657501      
102      0.482401      0.027822      0.109969      1.469558      -0.652501      0.648089      
103      0.483071      0.027862      0.109329      1.471835      -0.645213      0.640791      
104      0.483751      0.028222      0.108769      1.474313      -0.637179      0.632748      
105      0.484531      0.028392      0.108079      1.475546      -0.633138      0.628702      
106      0.485181      0.028692      0.107269      1.476817      -0.628950      0.624508      
107      0.485691      0.028942      0.106679      1.478029      -0.624923      0.620475      
108      0.485881      0.029122      0.106409      1.477383      -0.627072      0.622627      
109      0.486041      0.029372      0.105789      1.477246      -0.627528      0.623084      
110      0.485991      0.029722      0.105809      1.476952      -0.628501      0.624059      
111      0.485761      0.030122      0.105859      1.475441      -0.633486      0.629050      
112      0.485461      0.030492      0.106119      1.474599      -0.636245      0.631812      
113      0.484971      0.031092      0.106809      1.471600      -0.645969      0.641549      
114      0.484121      0.031762      0.107809      1.468256      -0.656631      0.652224      
115      0.483001      0.032572      0.108959      1.462432      -0.674766      0.670383      
116      0.481981      0.033192      0.109879      1.453566      -0.701407      0.697060      
117      0.481391      0.033542      0.110289      1.446749      -0.721164      0.716845      
118      0.479841      0.033952      0.111349      1.434586      -0.755021      0.750752      
119      0.479841      0.033952      0.111349      1.421725      -0.789088      0.784870      
120      0.479841      0.033952      0.111349      1.403804      -0.833993      0.829845      
121      0.479841      0.033952      0.111349      1.385637      -0.876887      0.872809      
122      0.479841      0.033952      0.111349      1.371598      -0.908458      0.904435      
123      0.479841      0.033952      0.111349      1.364052      -0.924918      0.920923      
124      0.479841      0.033952      0.111349      1.365688      -0.921379      0.917378      
125      0.479841      0.033952      0.111349      1.367021      -0.918484      0.914478      
126      0.479841      0.033952      0.111349      1.369576      -0.912903      0.908888      
127      0.479841      0.033952      0.111349      1.378553      -0.892979      0.888929      
128      0.479841      0.033952      0.111349      1.382361      -0.884369      0.880304      
129      0.479841      0.033952      0.111349      1.404284      -0.832825      0.828676      
130      0.479841      0.033952      0.111349      1.401142      -0.840432      0.836295      
131      0.479841      0.033952      0.111349      1.395548      -0.853789      0.849673      
132      0.479841      0.033952      0.111349      1.388242      -0.870884      0.866797      
133      0.479841      0.033952      0.111349      1.383953      -0.880742      0.876672      
134      0.479841      0.033952      0.111349      1.391968      -0.862213      0.858112      
135      0.479841      0.033952      0.111349      1.420705      -0.791722      0.787507      
136      0.479841      0.033952      0.111349      1.392998      -0.859799      0.855694      
137      0.479841      0.033952      0.111349      1.448763      -0.715388      0.711062      
138      0.479841      0.033952      0.111349      1.542740      -0.343508      0.338769      
139      0.479841      0.033952      0.111349      1.554940      -0.256923      0.252117      
140      0.479841      0.033952      0.111349      1.553390      -0.269483      0.264686      
141      0.479841      0.033952      0.111349      1.552704      -0.274853      0.270061      
142      0.479841      0.033952      0.111349      1.553604      -0.267784      0.262986      
143      0.479841      0.033952      0.111349      1.556212      -0.246130      0.241317      
144      0.479841      0.033952      0.111349      1.557586      -0.233917      0.229096      
145      0.479841      0.033952      0.111349      1.565802      -0.140252      0.135375      
146      0.479841      0.033952      0.111349      1.565752      -0.141013      0.136137      
147      0.479841      0.033952      0.111349      1.558657      -0.223934      0.219107      
148      0.479841      0.033952      0.111349      1.510736      -0.503511      0.498922      
149      0.479841      0.033952      0.111349      1.466906      -0.660882      0.656482      
150      0.479841      0.033952      0.111349      1.437279      -0.747669      0.743389      
151      0.479841      0.033952      0.111349      1.405151      -0.830711      0.826558      
152      0.479841      0.033952      0.111349      1.415113      -0.805982      0.801789      
153      0.479841      0.033952      0.111349      1.422691      -0.786585      0.782363      
154      0.479841      0.033952      0.111349      1.423519      -0.784433      0.780208      
155      0.479841      0.033952      0.111349      1.423514      -0.784449      0.780223      
156      0.479841      0.033952      0.111349      1.423514      -0.784449      0.780223      
157      0.479841      0.033952      0.111349      1.423519      -0.784433      0.780208      
158      0.479841      0.033952      0.111349      1.423519      -0.784433      0.780208      
159      0.479841      0.033952      0.111349      1.423519      -0.784433      0.780208      
160      0.479841      0.033952      0.111349      1.423104      -0.785513      0.781289      
161      0.479841      0.033952      0.111349      1.423104      -0.785513      0.781289      
162      0.479841      0.033952      0.111349      1.423514      -0.784449      0.780223      
163      0.479841      0.033952      0.111349      1.423519      -0.784433      0.780208      
164      0.479841      0.033952      0.111349      1.423519      -0.784433      0.780208      
165      0.479841      0.033952      0.111349      1.423519      -0.784433      0.780208      
166      0.479841      0.033952      0.111349      1.423519      -0.784433      0.780208      
167      0.479841      0.033952      0.111349      1.423519      -0.784433      0.780208      
168      0.479841      0.033952      0.111349      1.423104      -0.785513      0.781289      
169      0.479841      0.033952      0.111349      1.423519      -0.784433      0.780208      
170      0.479841      0.033952      0.111349      1.423519      -0.784433      0.780208      
171      0.479841      0.033952      0.111349      1.423519      -0.784433      0.780208      
172      0.479841      0.033952      0.111349      1.423519      -0.784433      0.780208      
173      0.479841      0.033952      0.111349      1.423519      -0.784433      0.780208      
174      0.479841      0.033952      0.111349      1.423519      -0.784433      0.780208      
175      0.479841      0.033952      0.111349      1.423519      -0.784433      0.780208      
176      0.479841      0.033952      0.111349      1.423519      -0.784433      0.780208      
177      0.479841      0.033952      0.111349      1.423519      -0.784433      0.780208      
178      0.479841      0.033952      0.111349      1.423519      -0.784433      0.780208      
179      0.479841      0.033952      0.111349      1.423519      -0.784433      0.780208      
180      0.479841      0.033952      0.111349      1.423519      -0.784433      0.780208      
181      0.479841      0.033952      0.111349      1.423519      -0.784433      0.780208      
182      0.479841      0.033952      0.111349      1.423519      -0.784433      0.780208      
183      0.479841      0.033952      0.111349      1.423519      -0.784433      0.780208      
184      0.479841      0.033952      0.111349      1.423519      -0.784433      0.780208      
185      0.479841      0.033952      0.111349      1.423519      -0.784433      0.780208      
186      0.479841      0.033952      0.111349      1.423104      -0.785513      0.781289      
187      0.479841      0.033952      0.111349      1.423519      -0.784433      0.780208      
188      0.479841      0.033952      0.111349      1.423519      -0.784433      0.780208      
189      0.479841      0.033952      0.111349      1.423519      -0.784433      0.780208      
190      0.479841      0.033952      0.111349      1.423519      -0.784433      0.780208      
191      0.479841      0.033952      0.111349      1.423519      -0.784433      0.780208      
192      0.479841      0.033952      0.111349      1.423519      -0.784433      0.780208      
193      0.479841      0.033952      0.111349      1.423104      -0.785513      0.781289      
194      0.479841      0.033952      0.111349      1.423519      -0.784433      0.780208      
195      0.479841      0.033952      0.111349      1.423519      -0.784433      0.780208      
196      0.479841      0.033952      0.111349      1.423519      -0.784433      0.780208      
197      0.479841      0.033952      0.111349      1.423519      -0.784433      0.780208      
