243      0.471561      0.031612      0.141509      1.320347      -1.014169      1.010340      
244      0.472261      0.031722      0.141839      1.323573      -1.007899      1.004059      
245      0.473311      0.031962      0.142069      1.323184      -1.008659      1.004820      
246      0.473941      0.032192      0.142039      1.323214      -1.008599      1.004759      
247      0.474141      0.032292      0.142129      1.323168      -1.008689      1.004850      
248      0.474691      0.032572      0.142359      1.324628      -1.005839      1.001994      
249      0.475291      0.032952      0.142489      1.325040      -1.005034      1.001188      
250      0.476241      0.033662      0.142539      1.326188      -1.002785      0.998934      
251      0.476891      0.034232      0.142409      1.325831      -1.003484      0.999635      
252      0.477261      0.034552      0.142359      1.326441      -1.002288      0.998437      
253      0.477581      0.034802      0.142199      1.325551      -1.004034      1.000185      
254      0.477911      0.035062      0.142089      1.326111      -1.002935      0.999085      
255      0.478151      0.035302      0.142089      1.326391      -1.002386      0.998535      
256      0.478291      0.035442      0.142049      1.327153      -1.000889      0.997034      
257      0.478631      0.035822      0.141909      1.327635      -0.999941      0.996084      
258      0.479001      0.036222      0.141769      1.328585      -0.998067      0.994207      
259      0.479241      0.036692      0.141689      1.330845      -0.993595      0.989726      
260      0.479631      0.037392      0.141309      1.337371      -0.980545      0.976652      
261      0.479741      0.037682      0.140959      1.342559      -0.970023      0.966110      
262      0.479671      0.037862      0.140749      1.347809      -0.959233      0.955301      
263      0.479751      0.037902      0.140309      1.354249      -0.945802      0.941845      
264      0.479791      0.037882      0.140139      1.354447      -0.945386      0.941429      
265      0.479751      0.037872      0.140119      1.353421      -0.947542      0.943588      
266      0.479761      0.038082      0.139799      1.357045      -0.939902      0.935934      
267      0.480261      0.038212      0.139569      1.359605      -0.934460      0.930483      
268      0.480771      0.038342      0.139239      1.366376      -0.919886      0.915883      
269      0.481191      0.038422      0.138989      1.376924      -0.896632      0.892588      
270      0.481441      0.038462      0.138799      1.383383      -0.882043      0.877974      
271      0.481401      0.038422      0.138639      1.384721      -0.878986      0.874912      
272      0.481591      0.038222      0.138689      1.387791      -0.871926      0.867841      
273      0.482431      0.037922      0.138769      1.399962      -0.843269      0.839136      
274      0.483191      0.037802      0.138899      1.425855      -0.778329      0.774094      
275      0.483411      0.037922      0.138919      1.436517      -0.749757      0.745480      
276      0.483561      0.037882      0.138999      1.441402      -0.736258      0.731961      
277      0.483861      0.037912      0.139169      1.441584      -0.735751      0.731453      
278      0.483961      0.037892      0.139199      1.441746      -0.735298      0.730999      
279      0.483911      0.037782      0.139229      1.439687      -0.741028      0.736738      
280      0.483881      0.037572      0.139209      1.438496      -0.744322      0.740037      
281      0.484021      0.037542      0.139309      1.436826      -0.748913      0.744634      
282      0.484061      0.037642      0.139349      1.435460      -0.752643      0.748370      
283      0.483921      0.037692      0.139329      1.428902      -0.770283      0.766036      
284      0.483771      0.037842      0.139359      1.424457      -0.781990      0.777761      
285      0.483711      0.038002      0.139419      1.421218      -0.790397      0.786181      
286      0.483761      0.038092      0.139449      1.413845      -0.809178      0.804990      
287      0.483921      0.038042      0.139499      1.414389      -0.807809      0.803620      
288      0.484031      0.037852      0.139499      1.416566      -0.802303      0.798105      
289      0.484191      0.037642      0.139469      1.421926      -0.788568      0.784349      
290      0.484021      0.037182      0.138999      1.455187      -0.696618      0.692265      
291      0.484171      0.037192      0.139029      1.465841      -0.664215      0.659819      
292      0.484541      0.037322      0.139069      1.464880      -0.667208      0.662816      
293      0.485201      0.037332      0.139069      1.459064      -0.685017      0.680648      
294      0.485271      0.036702      0.138909      1.461687      -0.677048      0.672668      
295      0.485321      0.036422      0.138889      1.465056      -0.666661      0.662267      
296      0.485551      0.036292      0.138889      1.468943      -0.654454      0.650045      
297      0.486001      0.036282      0.138699      1.470328      -0.650046      0.645631      
298      0.486711      0.036242      0.138419      1.474755      -0.635735      0.631301      
299      0.487991      0.036312      0.137689      1.482336      -0.610391      0.605926      
300      0.489071      0.036442      0.136669      1.486646      -0.595470      0.590986      
301      0.490691      0.036502      0.136099      1.489108      -0.586766      0.582272      
302      0.491391      0.036502      0.135799      1.489932      -0.583823      0.579325      
303      0.492211      0.036452      0.135369      1.489386      -0.585775      0.581279      
304      0.492871      0.036412      0.134969      1.491666      -0.577578      0.573073      
305      0.493331      0.036212      0.134729      1.493486      -0.570944      0.566432      
306      0.493611      0.035902      0.134749      1.495478      -0.563587      0.559066      
307      0.493961      0.035512      0.134699      1.499015      -0.550270      0.545734      
308      0.494241      0.035112      0.134679      1.502615      -0.536363      0.531811      
309      0.494391      0.034902      0.134679      1.505035      -0.526797      0.522234      
310      0.494681      0.034532      0.134659      1.512046      -0.497999      0.493404      
311      0.494941      0.034262      0.134779      1.515749      -0.482062      0.477451      
312      0.495311      0.034022      0.134919      1.517376      -0.474888      0.470269      
313      0.495731      0.033792      0.134909      1.517980      -0.472195      0.467574      
314      0.496031      0.033542      0.134819      1.518528      -0.469735      0.465112      
315      0.496131      0.033272      0.134739      1.518563      -0.469579      0.464956      
316      0.496161      0.032962      0.134519      1.519493      -0.465376      0.460748      
317      0.496141      0.032572      0.134269      1.521702      -0.455238      0.450600      
318      0.496001      0.032252      0.134009      1.523476      -0.446919      0.442273      
319      0.495981      0.032102      0.133869      1.524302      -0.442992      0.438342      
320      0.495841      0.031832      0.133149      1.527886      -0.425519      0.420852      
321      0.495921      0.031732      0.132969      1.529358      -0.418127      0.413453      
322      0.496011      0.031602      0.132879      1.530911      -0.410180      0.405499      
323      0.496181      0.031382      0.132739      1.532330      -0.402777      0.398089      
324      0.496411      0.031022      0.132639      1.533109      -0.398650      0.393958      
325      0.496631      0.030582      0.132499      1.533953      -0.394131      0.389435      
326      0.496761      0.030322      0.132449      1.534536      -0.390978      0.386280      
327      0.497181      0.029422      0.132289      1.535698      -0.384617      0.379913      
328      0.497371      0.028912      0.132299      1.535717      -0.384515      0.379811      
329      0.497621      0.028442      0.132349      1.536442      -0.380487      0.375779      
330      0.498231      0.027852      0.132259      1.536255      -0.381533      0.376826      
331      0.498591      0.027392      0.132289      1.536681      -0.379152      0.374443      
332      0.498861      0.026592      0.132209      1.536540      -0.379941      0.375232      
333      0.498881      0.026082      0.132299      1.537468      -0.374717      0.370004      
334      0.498651      0.025362      0.132469      1.539878      -0.360792      0.356067      
335      0.498691      0.025002      0.132469      1.541631      -0.350307      0.345573      
336      0.498711      0.024762      0.132399      1.542271      -0.346400      0.341663      
337      0.498791      0.024602      0.132379      1.542954      -0.342180      0.337439      
338      0.498831      0.024612      0.132389      1.543966      -0.335825      0.331079      
339      0.498891      0.024662      0.132499      1.545255      -0.327554      0.322801      
340      0.498841      0.024802      0.132619      1.547257      -0.314267      0.309504      
341      0.498841      0.024802      0.132619      1.551116      -0.286907      0.282124      
342      0.498841      0.024802      0.132619      1.554275      -0.262381      0.257579      
343      0.498841      0.024802      0.132619      1.557812      -0.231848      0.227026      
344      0.498841      0.024802      0.132619      1.559118      -0.219499      0.214669      
345      0.498841      0.024802      0.132619      1.559619      -0.214569      0.209736      
346      0.498841      0.024802      0.132619      1.559742      -0.213339      0.208505      
347      0.498841      0.024802      0.132619      1.559538      -0.215377      0.210544      
348      0.498841      0.024802      0.132619      1.559118      -0.219491      0.214661      
349      0.498841      0.024802      0.132619      1.558342      -0.226912      0.222087      
350      0.498841      0.024802      0.132619      1.558440      -0.225987      0.221161      
351      0.498841      0.024802      0.132619      1.558190      -0.228338      0.223514      
352      0.498841      0.024802      0.132619      1.559245      -0.218261      0.213430      
353      0.498841      0.024802      0.132619      1.559477      -0.215972      0.211140      
354      0.498841      0.024802      0.132619      1.559803      -0.212727      0.207893      
355      0.498841      0.024802      0.132619      1.560175      -0.208965      0.204128      
356      0.498841      0.024802      0.132619      1.560100      -0.209733      0.204897      
357      0.498841      0.024802      0.132619      1.560158      -0.209145      0.204309      
358      0.498841      0.024802      0.132619      1.560032      -0.210423      0.205587      
359      0.498841      0.024802      0.132619      1.559527      -0.215478      0.210646      
360      0.498841      0.024802      0.132619      1.559268      -0.218033      0.213202      
361      0.498841      0.024802      0.132619      1.559240      -0.218308      0.213477      
362      0.498841      0.024802      0.132619      1.559602      -0.214734      0.209901      
363      0.498841      0.024802      0.132619      1.559635      -0.214413      0.209579      
364      0.498841      0.024802      0.132619      1.560355      -0.207123      0.202285      
365      0.498841      0.024802      0.132619      1.560372      -0.206943      0.202105      
366      0.498841      0.024802      0.132619      1.560750      -0.203016      0.198175      
367      0.498771      0.024632      0.132629      1.560833      -0.202138      0.197297      
368      0.498991      0.024622      0.132539      1.561844      -0.191170      0.186322      
369      0.499001      0.024672      0.132429      1.562416      -0.184678      0.179826      
370      0.499151      0.024872      0.132019      1.563699      -0.169213      0.164353      
371      0.499201      0.024992      0.131509      1.564780      -0.154992      0.150124      
372      0.499241      0.025002      0.131189      1.565870      -0.139208      0.134331      
373      0.499191      0.024932      0.131099      1.566311      -0.132303      0.127423      
374      0.499161      0.024782      0.130949      1.566408      -0.130726      0.125845      
375      0.499201      0.024642      0.130629      1.566763      -0.124825      0.119941      
376      0.499261      0.024532      0.130429      1.567313      -0.115079      0.110190      
377      0.499351      0.024472      0.130389      1.567973      -0.102176      0.097281      
378      0.499351      0.024472      0.130389      1.568479      -0.091078      0.086178      
379      0.499351      0.024472      0.130389      1.568731      -0.085026      0.080123      
380      0.499351      0.024472      0.130389      1.569140      -0.074193      0.069285      
381      0.499351      0.024472      0.130389      1.569329      -0.068611      0.063701      
382      0.499351      0.024472      0.130389      1.569363      -0.067574      0.062664      
383      0.499351      0.024472      0.130389      1.569322      -0.068846      0.063936      
384      0.499351      0.024472      0.130389      1.569297      -0.069584      0.064675      
385      0.499351      0.024472      0.130389      1.569283      -0.070016      0.065107      
386      0.499351      0.024472      0.130389      1.569334      -0.068469      0.063559      
387      0.499351      0.024472      0.130389      1.569492      -0.063429      0.058517      
388      0.499351      0.024472      0.130389      1.569670      -0.057243      0.052328      
389      0.499351      0.024472      0.130389      1.569859      -0.049886      0.044968      
390      0.499351      0.024472      0.130389      1.570036      -0.041862      0.036941      
391      0.499351      0.024472      0.130389      1.570145      -0.036090      0.031168      
392      0.499351      0.024472      0.130389      1.570228      -0.031034      0.026109      
393      0.499351      0.024472      0.130389      1.570233      -0.030743      0.025818      
394      0.499351      0.024472      0.130389      1.570182      -0.033915      0.028992      
395      0.499351      0.024472      0.130389      1.570204      -0.032557      0.027633      
396      0.499351      0.024472      0.130389      1.570167      -0.034811      0.029887      
397      0.499351      0.024472      0.130389      1.570179      -0.034127      0.029204      
398      0.499351      0.024472      0.130389      1.570195      -0.033146      0.028222      
399      0.499351      0.024472      0.130389      1.570175      -0.034332      0.029408      
400      0.499351      0.024472      0.130389      1.570174      -0.034394      0.029471      
401      0.499351      0.024472      0.130389      1.570173      -0.034457      0.029534      
402      0.499351      0.024472      0.130389      1.570197      -0.032989      0.028065      
403      0.499351      0.024472      0.130389      1.570200      -0.032800      0.027876      
404      0.499351      0.024472      0.130389      1.570238      -0.030398      0.025473      
405      0.499351      0.024472      0.130389      1.570234      -0.030673      0.025748      
406      0.499351      0.024472      0.130389      1.570291      -0.026605      0.021679      
407      0.499351      0.024472      0.130389      1.570278      -0.027602      0.022677      
408      0.499351      0.024472      0.130389      1.570272      -0.028034      0.023109      
409      0.499351      0.024472      0.130389      1.570258      -0.029008      0.024083      
410      0.499351      0.024472      0.130389      1.570146      -0.036043      0.031121      
411      0.499351      0.024472      0.130389      1.570029      -0.042231      0.037310      
412      0.499351      0.024472      0.130389      1.569981      -0.044515      0.039596      
413      0.499351      0.024472      0.130389      1.569983      -0.044429      0.039509      
414      0.499351      0.024472      0.130389      1.569992      -0.044005      0.039085      
415      0.499351      0.024472      0.130389      1.570021      -0.042615      0.037695      
416      0.499351      0.024472      0.130389      1.570014      -0.042961      0.038041      
417      0.499351      0.024472      0.130389      1.570028      -0.042270      0.037349      
418      0.499351      0.024472      0.130389      1.570052      -0.041076      0.036155      
419      0.499351      0.024472      0.130389      1.569948      -0.046007      0.041088      
420      0.499351      0.024472      0.130389      1.569893      -0.048426      0.043507      
421      0.499351      0.024472      0.130389      1.569886      -0.048732      0.043814      
422      0.499351      0.024472      0.130389      1.569773      -0.053356      0.048440      
423      0.499351      0.024472      0.130389      1.569668      -0.057329      0.052414      
424      0.499351      0.024472      0.130389      1.569773      -0.053356      0.048440      
425      0.499351      0.024472      0.130389      1.569862      -0.049745      0.044827      
426      0.499351      0.024472      0.130389      1.569965      -0.045261      0.040342      
427      0.499351      0.024472      0.130389      1.570042      -0.041579      0.036658      
428      0.499351      0.024472      0.130389      1.570188      -0.033570      0.028646      
429      0.499351      0.024472      0.130389      1.570323      -0.024085      0.019157      
430      0.499351      0.024472      0.130389      1.570377      -0.019059      0.014130      
431      0.499351      0.024472      0.130389      1.570351      -0.021588      0.016660      
432      0.499351      0.024472      0.130389      1.570206      -0.032447      0.027523      
433      0.499351      0.024472      0.130389      1.569945      -0.046149      0.041230      
434      0.499351      0.024472      0.130389      1.569679      -0.056921      0.052006      
435      0.499351      0.024472      0.130389      1.569386      -0.066844      0.061934      
436      0.499351      0.024472      0.130389      1.569127      -0.074554      0.069646      
437      0.499351      0.024472      0.130389      1.568254      -0.096164      0.091266      
438      0.499351      0.024472      0.130389      1.567536      -0.110880      0.105989      
439      0.499351      0.024472      0.130389      1.567564      -0.110347      0.105455      
440      0.499351      0.024472      0.130389      1.567929      -0.103095      0.098200      
441      0.499351      0.024472      0.130389      1.568304      -0.095057      0.090159      
442      0.499351      0.024472      0.130389      1.568253      -0.096203      0.091305      
443      0.499351      0.024472      0.130389      1.568100      -0.099500      0.094604      
444      0.499351      0.024472      0.130389      1.567674      -0.108212      0.103320      
445      0.499351      0.024472      0.130389      1.567464      -0.112246      0.107356      
446      0.499351      0.024472      0.130389      1.567447      -0.112583      0.107693      
447      0.499801      0.024142      0.130479      1.567676      -0.108173      0.103280      
448      0.500091      0.023732      0.130569      1.567798      -0.105747      0.100854      
449      0.500281      0.023432      0.130669      1.568097      -0.099563      0.094666      
450      0.500761      0.022722      0.131249      1.568820      -0.082796      0.077892      
451      0.501021      0.022072      0.131689      1.569203      -0.072371      0.067463      
452      0.501231      0.021362      0.131799      1.569491      -0.063461      0.058549      
453      0.501441      0.020752      0.131719      1.569529      -0.062189      0.057276      
454      0.501671      0.020292      0.131499      1.569486      -0.063618      0.058706      
455      0.502101      0.019752      0.131089      1.569378      -0.067096      0.062185      
456      0.502401      0.019322      0.130979      1.569422      -0.065714      0.060803      
457      0.502541      0.019182      0.130909      1.569439      -0.065164      0.060253      
458      0.502831      0.018772      0.130789      1.569673      -0.057133      0.052218      
459      0.503011      0.018362      0.130899      1.569887      -0.048685      0.043767      
460      0.503051      0.018152      0.130799      1.569989      -0.044123      0.039203      
461      0.503061      0.018152      0.130779      1.570157      -0.035407      0.030484      
462      0.502951      0.018322      0.130729      1.570321      -0.024265      0.019338      
463      0.502861      0.018552      0.130559      1.570380      -0.018816      0.013887      
464      0.502871      0.018772      0.130119      1.570406      -0.015824      0.010894      
465      0.502971      0.018862      0.129809      1.570440      -0.011105      0.006173      
466      0.502961      0.018882      0.129839      1.570439      -0.011128      0.006197      
467      0.503011      0.018922      0.129949      1.570459      -0.007351      0.002418      
468      0.503011      0.019042      0.129999      1.570457      -0.007665      0.002732      
469      0.503021      0.019212      0.129929      1.570477      -0.000323      -0.004612      
470      0.502961      0.019362      0.129729      1.570471      0.007647      -0.012585      
471      0.502961      0.019362      0.129729      1.570418      0.018076      -0.023016      
472      0.502961      0.019362      0.129729      1.570298      0.029815      -0.034760      
473      0.502961      0.019362      0.129729      1.570069      0.043895      -0.048843      
474      0.502961      0.019362      0.129729      1.569887      0.052407      -0.057357      
475      0.502961      0.019362      0.129729      1.569747      0.058076      -0.063028      
476      0.502961      0.019362      0.129729      1.569720      0.059121      -0.064072      
477      0.502961      0.019362      0.129729      1.569885      0.052486      -0.057436      
478      0.502961      0.019362      0.129729      1.569808      0.055674      -0.060624      
479      0.502961      0.019362      0.129729      1.569767      0.057291      -0.062242      
480      0.502961      0.019362      0.129729      1.569469      0.067907      -0.072861      
481      0.502961      0.019362      0.129729      1.569370      0.071048      -0.076002      
482      0.502961      0.019362      0.129729      1.569189      0.076497      -0.081452      
483      0.502961      0.019362      0.129729      1.568641      0.090951      -0.095909      
484      0.502961      0.019362      0.129729      1.568450      0.095473      -0.100432      
485      0.502961      0.019362      0.129729      1.567883      0.107752      -0.112713      
486      0.502961      0.019362      0.129729      1.567343      0.118239      -0.123202      
487      0.502961      0.019362      0.129729      1.567335      0.118380      -0.123343      
488      0.502961      0.019362      0.129729      1.567570      0.113937      -0.118899      
489      0.502961      0.019362      0.129729      1.567463      0.115978      -0.120941      
490      0.502961      0.019362      0.129729      1.567589      0.113568      -0.118530      
491      0.502961      0.019362      0.129729      1.567572      0.113906      -0.118868      
492      0.502961      0.019362      0.129729      1.567533      0.114652      -0.119614      
493      0.502961      0.019362      0.129729      1.567431      0.116591      -0.121553      
494      0.502961      0.019362      0.129729      1.567390      0.117352      -0.122315      
495      0.502961      0.019362      0.129729      1.567361      0.117901      -0.122864      
496      0.502961      0.019362      0.129729      1.567312      0.118812      -0.123775      
497      0.502961      0.019362      0.129729      1.567211      0.120657      -0.125620      
498      0.502961      0.019362      0.129729      1.567039      0.123741      -0.128705      
499      0.502961      0.019362      0.129729      1.566793      0.128027      -0.132991      
500      0.502961      0.019362      0.129729      1.566614      0.131041      -0.136006      
501      0.502961      0.019362      0.129729      1.566607      0.131167      -0.136131      
502      0.502961      0.019362      0.129729      1.566764      0.128522      -0.133486      
503      0.502961      0.019362      0.129729      1.566756      0.128663      -0.133627      
504      0.502961      0.019362      0.129729      1.566573      0.131740      -0.136704      
505      0.502961      0.019362      0.129729      1.566686      0.129848      -0.134812      
506      0.502961      0.019362      0.129729      1.566589      0.131473      -0.136437      
507      0.502961      0.019362      0.129729      1.566529      0.132454      -0.137419      
508      0.502961      0.019362      0.129729      1.566364      0.135154      -0.140119      
509      0.502961      0.019362      0.129729      1.566242      0.137124      -0.142089      
510      0.502961      0.019362      0.129729      1.565991      0.141064      -0.146029      
511      0.502961      0.019362      0.129729      1.565795      0.144069      -0.149035      
512      0.502961      0.019362      0.129729      1.565599      0.147012      -0.151979      
513      0.502961      0.019362      0.129729      1.565446      0.149272      -0.154239      
514      0.502961      0.019362      0.129729      1.565006      0.155574      -0.160541      
515      0.502961      0.019362      0.129729      1.564656      0.160407      -0.165375      
516      0.502961      0.019362      0.129729      1.564301      0.165162      -0.170130      
517      0.502961      0.019362      0.129729      1.564024      0.168787      -0.173755      
518      0.502961      0.019362      0.129729      1.563711      0.172773      -0.177741      
519      0.502961      0.019362      0.129729      1.563180      0.179347      -0.184316      
520      0.502961      0.019362      0.129729      1.562718      0.184878      -0.189847      
521      0.502961      0.019362      0.129729      1.562521      0.187184      -0.192153      
522      0.502961      0.019362      0.129729      1.562453      0.187968      -0.192938      
523      0.502961      0.019362      0.129729      1.562266      0.190125      -0.195095      
524      0.502961      0.019362      0.129729      1.562093      0.192086      -0.197056      
525      0.502961      0.019362      0.129729      1.562041      0.192674      -0.197644      
526      0.502961      0.019362      0.129729      1.561784      0.195561      -0.200531      
527      0.502961      0.019362      0.129729      1.561694      0.196557      -0.201527      
528      0.502961      0.019362      0.129729      1.561552      0.198118      -0.203087      
529      0.502961      0.019362      0.129729      1.561570      0.197929      -0.202899      
530      0.502961      0.019362      0.129729      1.561453      0.199208      -0.204178      
531      0.502961      0.019362      0.129729      1.561389      0.199898      -0.204868      
532      0.502961      0.019362      0.129729      1.561235      0.201569      -0.206538      
533      0.502961      0.019362      0.129729      1.561078      0.203255      -0.208225      
534      0.502961      0.019362      0.129729      1.560964      0.204470      -0.209440      
535      0.502961      0.019362      0.129729      1.560913      0.205011      -0.209981      
536      0.502961      0.019362      0.129729      1.561116      0.202847      -0.207817      
537      0.502961      0.019362      0.129729      1.561370      0.200110      -0.205080      
538      0.502961      0.019362      0.129729      1.561542      0.198235      -0.203205      
539      0.502961      0.019362      0.129729      1.561746      0.195984      -0.200954      
540      0.502961      0.019362      0.129729      1.561997      0.193176      -0.198146      
541      0.502961      0.019362      0.129729      1.562422      0.188329      -0.193298      
542      0.502961      0.019362      0.129729      1.562756      0.184430      -0.189400      
543      0.502961      0.019362      0.129729      1.563118      0.180100      -0.185069      
544      0.502961      0.019362      0.129729      1.563714      0.172741      -0.177710      
545      0.502961      0.019362      0.129729      1.564117      0.167579      -0.172547      
546      0.502961      0.019362      0.129729      1.564348      0.164550      -0.169518      
547      0.502961      0.019362      0.129729      1.564749      0.159144      -0.164112      
548      0.502961      0.019362      0.129729      1.565196      0.152882      -0.157849      
549      0.502961      0.019362      0.129729      1.565743      0.144862      -0.149828      
550      0.502961      0.019362      0.129729      1.566074      0.139769      -0.144734      
551      0.502961      0.019362      0.129729      1.566723      0.129212      -0.134177      
552      0.502961      0.019362      0.129729      1.567161      0.121559      -0.126523      
553      0.502961      0.019362      0.129729      1.567632      0.112744      -0.117706      
554      0.502961      0.019362      0.129729      1.567617      0.113042      -0.118004      
555      0.502961      0.019362      0.129729      1.567692      0.111567      -0.116528      
556      0.502961      0.019362      0.129729      1.567790      0.109628      -0.114589      
557      0.502961      0.019362      0.129729      1.567762      0.110177      -0.115139      
558      0.502961      0.019362      0.129729      1.567959      0.106189      -0.111150      
559      0.502961      0.019362      0.129729      1.568096      0.103308      -0.108269      
560      0.502961      0.019362      0.129729      1.568051      0.104258      -0.109219      
561      0.502961      0.019362      0.129729      1.568060      0.104070      -0.109030      
562      0.502961      0.019362      0.129729      1.568022      0.104878      -0.109839      
563      0.502961      0.019362      0.129729      1.568183      0.101432      -0.106392      
564      0.502961      0.019362      0.129729      1.568133      0.102515      -0.107476      
565      0.502961      0.019362      0.129729      1.568260      0.099760      -0.104720      
566      0.502961      0.019362      0.129729      1.568211      0.100827      -0.105787      
567      0.502961      0.019362      0.129729      1.568188      0.101330      -0.106290      
568      0.502961      0.019362      0.129729      1.568160      0.101934      -0.106895      
569      0.502961      0.019362      0.129729      1.568009      0.105153      -0.110114      
570      0.502961      0.019362      0.129729      1.567987      0.105601      -0.110561      
571      0.502961      0.019362      0.129729      1.568088      0.103473      -0.108433      
572      0.502961      0.019362      0.129729      1.568213      0.100796      -0.105756      
573      0.502961      0.019362      0.129729      1.568278      0.099359      -0.104319      
574      0.502961      0.019362      0.129729      1.568307      0.098708      -0.103667      
575      0.502961      0.019362      0.129729      1.568296      0.098951      -0.103911      
576      0.502961      0.019362      0.129729      1.568333      0.098143      -0.103102      
577      0.502961      0.019362      0.129729      1.568365      0.097412      -0.102372      
578      0.502961      0.019362      0.129729      1.568328      0.098245      -0.103204      
579      0.502961      0.019362      0.129729      1.568379      0.097098      -0.102058      
580      0.502961      0.019362      0.129729      1.568496      0.094406      -0.099364      
581      0.502961      0.019362      0.129729      1.568599      0.091964      -0.096922      
582      0.502961      0.019362      0.129729      1.568751      0.088243      -0.093200      
583      0.502961      0.019362      0.129729      1.568929      0.083665      -0.088622      
584      0.502961      0.019362      0.129729      1.568984      0.082221      -0.087177      
585      0.502961      0.019362      0.129729      1.569090      0.079308      -0.084264      
586      0.502961      0.019362      0.129729      1.569077      0.079685      -0.084641      
587      0.502961      0.019362      0.129729      1.569182      0.076701      -0.081656      
588      0.502961      0.019362      0.129729      1.569292      0.073443      -0.078397      
589      0.502961      0.019362      0.129729      1.569351      0.071652      -0.076607      
590      0.502961      0.019362      0.129729      1.569500      0.066878      -0.071832      
591      0.502961      0.019362      0.129729      1.569745      0.058163      -0.063114      
592      0.502961      0.019362      0.129729      1.570035      0.045615      -0.050563      
593      0.502961      0.019362      0.129729      1.570177      0.037966      -0.042913      
594      0.502961      0.019362      0.129729      1.570330      0.027153      -0.032097      
595      0.502961      0.019362      0.129729      1.570470      -0.004108      -0.000826      
596      0.502961      0.019362      0.129729      1.570452      -0.008725      0.003793      
597      0.502961      0.019362      0.129729      1.570448      0.013278      -0.018217      
598      0.502961      0.019362      0.129729      1.570398      0.020510      -0.025452      
599      0.502961      0.019362      0.129729      1.570401      0.020172      -0.025114      
600      0.502961      0.019362      0.129729      1.570468      0.008519      -0.013457      
601      0.502961      0.019362      0.129729      1.570381      -0.018666      0.013737      
602      0.502961      0.019362      0.129729      1.570076      -0.039844      0.034922      
603      0.502961      0.019362      0.129729      1.569635      -0.058507      0.053593      
604      0.502961      0.019362      0.129729      1.569409      -0.066114      0.061203      
605      0.502961      0.019362      0.129729      1.569510      -0.062833      0.057920      
606      0.502961      0.019362      0.129729      1.569476      -0.063947      0.059036      
607      0.502961      0.019362      0.129729      1.569469      -0.064183      0.059271      
608      0.502961      0.019362      0.129729      1.569544      -0.061678      0.056766      
609      0.502961      0.019362      0.129729      1.569587      -0.060195      0.055281      
610      0.503491      0.018312      0.129259      1.569513      -0.062746      0.057834      
611      0.503931      0.016862      0.128869      1.569566      -0.060940      0.056027      
612      0.503971      0.016082      0.128309      1.569622      -0.058978      0.054064      
613      0.504121      0.015542      0.127829      1.569708      -0.055845      0.050930      
614      0.504401      0.015212      0.127559      1.569943      -0.046266      0.041347      
615      0.504701      0.014822      0.127149      1.570026      -0.042356      0.037436      
616      0.505061      0.014262      0.127139      1.570049      -0.041241      0.036320      
617      0.505261      0.013642      0.127429      1.569991      -0.044029      0.039109      
618      0.505221      0.012982      0.127719      1.569986      -0.044272      0.039352      
619      0.505151      0.012292      0.127649      1.569944      -0.046219      0.041300      
620      0.505131      0.011492      0.127899      1.569915      -0.047507      0.042588      
621      0.505121      0.010792      0.128309      1.569927      -0.046942      0.042023      
622      0.505061      0.010382      0.128239      1.569876      -0.049171      0.044254      
623      0.505111      0.010252      0.128129      1.569851      -0.050231      0.045314      
624      0.505271      0.010062      0.127989      1.569864      -0.049666      0.044748      
625      0.505301      0.010022      0.128019      1.569939      -0.046447      0.041528      
626      0.505331      0.010092      0.128099      1.570129      -0.036993      0.032071      
627      0.505191      0.010402      0.128539      1.570359      -0.020842      0.015913      
628      0.505051      0.010732      0.128539      1.570453      -0.008623      0.003691      
629      0.504811      0.011172      0.128369      1.570478      0.002025      -0.006961      
630      0.504711      0.011642      0.128149      1.570450      0.012979      -0.017919      
631      0.504621      0.011922      0.128039      1.570436      0.015367      -0.020307      
632      0.504541      0.012712      0.127509      1.570344      0.025960      -0.030903      
633      0.504431      0.013142      0.127239      1.570290      0.030373      -0.035317      
634      0.504331      0.013512      0.127079      1.570157      0.039113      -0.044059      
635      0.504331      0.013512      0.127079      1.569940      0.050098      -0.055048      
636      0.504331      0.013512      0.127079      1.569581      0.064138      -0.069091      
637      0.504331      0.013512      0.127079      1.569097      0.079111      -0.084067      
638      0.504331      0.013512      0.127079      1.568624      0.091359      -0.096318      
639      0.504331      0.013512      0.127079      1.568423      0.096086      -0.101045      
640      0.504331      0.013512      0.127079      1.568421      0.096141      -0.101100      
641      0.504331      0.013512      0.127079      1.568375      0.097193      -0.102152      
642      0.504331      0.013512      0.127079      1.568099      0.103253      -0.108214      
643      0.504331      0.013512      0.127079      1.568057      0.104125      -0.109085      
644      0.504331      0.013512      0.127079      1.567785      0.109722      -0.114683      
645      0.504331      0.013512      0.127079      1.567442      0.116386      -0.121349      
646      0.504331      0.013512      0.127079      1.566389      0.134754      -0.139718      
647      0.504331      0.013512      0.127079      1.566192      0.137916      -0.142882      
648      0.504331      0.013512      0.127079      1.566163      0.138372      -0.143337      
649      0.504331      0.013512      0.127079      1.566316      0.135939      -0.140904      
650      0.504331      0.013512      0.127079      1.566382      0.134863      -0.139828      
651      0.504331      0.013512      0.127079      1.566131      0.138874      -0.143839      
652      0.504331      0.013512      0.127079      1.565958      0.141574      -0.146539      
653      0.504331      0.013512      0.127079      1.565746      0.144815      -0.149781      
654      0.504331      0.013512      0.127079      1.565702      0.145482      -0.150448      
655      0.504331      0.013512      0.127079      1.565434      0.149445      -0.154412      
656      0.504331      0.013512      0.127079      1.565236      0.152309      -0.157276      
657      0.504331      0.013512      0.127079      1.565103      0.154208      -0.159175      
658      0.504331      0.013512      0.127079      1.564786      0.158634      -0.163601      
659      0.504331      0.013512      0.127079      1.564475      0.162855      -0.167823      
660      0.504331      0.013512      0.127079      1.564046      0.168497      -0.173465      
661      0.504331      0.013512      0.127079      1.563930      0.169988      -0.174956      
662      0.504331      0.013512      0.127079      1.563716      0.172710      -0.177679      
663      0.504331      0.013512      0.127079      1.563916      0.170176      -0.175144      
664      0.504331      0.013512      0.127079      1.563869      0.170772      -0.175741      
665      0.504331      0.013512      0.127079      1.563653      0.173510      -0.178479      
666      0.504331      0.013512      0.127079      1.563677      0.173212      -0.178181      
667      0.504331      0.013512      0.127079      1.563585      0.174358      -0.179326      
668      0.504331      0.013512      0.127079      1.563399      0.176672      -0.181641      
669      0.504331      0.013512      0.127079      1.563078      0.180579      -0.185548      
670      0.504331      0.013512      0.127079      1.562583      0.186462      -0.191431      
671      0.504331      0.013512      0.127079      1.562304      0.189686      -0.194655      
672      0.504331      0.013512      0.127079      1.562044      0.192643      -0.197613      
673      0.504331      0.013512      0.127079      1.561886      0.194416      -0.199385      
674      0.504331      0.013512      0.127079      1.561614      0.197435      -0.202405      
675      0.504331      0.013512      0.127079      1.561581      0.197804      -0.202774      
676      0.504331      0.013512      0.127079      1.561240      0.201514      -0.206484      
677      0.504331      0.013512      0.127079      1.561017      0.203906      -0.208876      
678      0.504331      0.013512      0.127079      1.560887      0.205294      -0.210264      
679      0.504331      0.013512      0.127079      1.560350      0.210901      -0.215871      
680      0.504331      0.013512      0.127079      1.559768      0.216805      -0.221775      
681      0.504331      0.013512      0.127079      1.559384      0.220624      -0.225594      
682      0.504331      0.013512      0.127079      1.559154      0.222874      -0.227844      
683      0.504331      0.013512      0.127079      1.558889      0.225437      -0.230408      
684      0.504331      0.013512      0.127079      1.558302      0.231019      -0.235989      
685      0.504331      0.013512      0.127079      1.558076      0.233128      -0.238098      
686      0.504331      0.013512      0.127079      1.557788      0.235793      -0.240763      
687      0.504331      0.013512      0.127079      1.557239      0.240786      -0.245756      
688      0.504331      0.013512      0.127079      1.556598      0.246492      -0.251461      
689      0.504331      0.013512      0.127079      1.556476      0.247558      -0.252527      
690      0.504331      0.013512      0.127079      1.556142      0.250465      -0.255435      
691      0.504331      0.013512      0.127079      1.555484      0.256092      -0.261061      
692      0.504331      0.013512      0.127079      1.555149      0.258913      -0.263881      
693      0.504331      0.013512      0.127079      1.554299      0.265917      -0.270885      
694      0.504331      0.013512      0.127079      1.553650      0.271150      -0.276118      
695      0.504331      0.013512      0.127079      1.553121      0.275333      -0.280301      
696      0.504331      0.013512      0.127079      1.552577      0.279571      -0.284538      
697      0.504331      0.013512      0.127079      1.552182      0.282610      -0.287577      
698      0.504331      0.013512      0.127079      1.551830      0.285288      -0.290255      
699      0.504331      0.013512      0.127079      1.551052      0.291122      -0.296088      
700      0.504331      0.013512      0.127079      1.550566      0.294709      -0.299674      
701      0.504331      0.013512      0.127079      1.549661      0.301262      -0.306227      
702      0.504331      0.013512      0.127079      1.548468      0.309693      -0.314657      
703      0.504331      0.013512      0.127079      1.547811      0.314233      -0.319196      
704      0.504331      0.013512      0.127079      1.547025      0.319578      -0.324540      
705      0.504331      0.013512      0.127079      1.546990      0.319813      -0.324775      
706      0.504331      0.013512      0.127079      1.546586      0.322528      -0.327490      
707      0.504331      0.013512      0.127079      1.546784      0.321198      -0.326160      
708      0.504331      0.013512      0.127079      1.546383      0.323882      -0.328844      
709      0.504331      0.013512      0.127079      1.546459      0.323373      -0.328335      
710      0.504331      0.013512      0.127079      1.545990      0.326488      -0.331449      
711      0.504331      0.013512      0.127079      1.546043      0.326135      -0.331097      
712      0.504331      0.013512      0.127079      1.544950      0.333279      -0.338239      
713      0.504331      0.013512      0.127079      1.545069      0.332504      -0.337465      
714      0.504331      0.013512      0.127079      1.544164      0.338317      -0.343276      
715      0.504331      0.013512      0.127079      1.544099      0.338731      -0.343690      
716      0.504331      0.013512      0.127079      1.543905      0.339959      -0.344918      
717      0.504331      0.013512      0.127079      1.544047      0.339060      -0.344019      
718      0.504331      0.013512      0.127079      1.543927      0.339818      -0.344778      
719      0.504331      0.013512      0.127079      1.543502      0.342501      -0.347460      
720      0.504331      0.013512      0.127079      1.543371      0.343323      -0.348281      
721      0.504331      0.013512      0.127079      1.542962      0.345880      -0.350838      
722      0.504331      0.013512      0.127079      1.542062      0.351432      -0.356389      
723      0.504331      0.013512      0.127079      1.541790      0.353090      -0.358047      
724      0.504331      0.013512      0.127079      1.541498      0.354865      -0.359821      
725      0.504331      0.013512      0.127079      1.540833      0.358868      -0.363824      
726      0.504331      0.013512      0.127079      1.540275      0.362199      -0.367154      
727      0.504331      0.013512      0.127079      1.539788      0.365076      -0.370030      
728      0.504331      0.013512      0.127079      1.539304      0.367913      -0.372867      
729      0.504331      0.013512      0.127079      1.538418      0.373048      -0.378000      
730      0.504331      0.013512      0.127079      1.538388      0.373220      -0.378172      
731      0.504331      0.013512      0.127079      1.536968      0.381300      -0.386251      
732      0.504331      0.013512      0.127079      1.536522      0.383801      -0.388750      
733      0.504331      0.013512      0.127079      1.536096      0.386176      -0.391125      
734      0.504331      0.013512      0.127079      1.534755      0.393550      -0.398497      
735      0.504331      0.013512      0.127079      1.535073      0.391816      -0.396764      
736      0.504331      0.013512      0.127079      1.534014      0.397564      -0.402511      
737      0.504331      0.013512      0.127079      1.533424      0.400735      -0.405681      
738      0.504331      0.013512      0.127079      1.532304      0.406678      -0.411621      
739      0.504331      0.013512      0.127079      1.532207      0.407185      -0.412129      
740      0.504331      0.013512      0.127079      1.531746      0.409605      -0.414548      
741      0.504331      0.013512      0.127079      1.531719      0.409746      -0.414689      
742      0.504331      0.013512      0.127079      1.531865      0.408981      -0.413924      
743      0.504331      0.013512      0.127079      1.531313      0.411862      -0.416804      
744      0.504331      0.013512      0.127079      1.531368      0.411573      -0.416515      
745      0.504331      0.013512      0.127079      1.531022      0.413368      -0.418310      
746      0.504331      0.013512      0.127079      1.530607      0.415515      -0.420456      
747      0.504331      0.013512      0.127079      1.530259      0.417302      -0.422243      
748      0.504331      0.013512      0.127079      1.529940      0.418934      -0.423874      
749      0.504331      0.013512      0.127079      1.529853      0.419379      -0.424319      
750      0.504331      0.013512      0.127079      1.529713      0.420089      -0.425029      
751      0.504331      0.013512      0.127079      1.529240      0.422493      -0.427432      
752      0.504331      0.013512      0.127079      1.529491      0.421220      -0.426160      
753      0.504331      0.013512      0.127079      1.529692      0.420198      -0.425138      
754      0.504331      0.013512      0.127079      1.530033      0.418458      -0.423398      
755      0.504331      0.013512      0.127079      1.530371      0.416725      -0.421666      
756      0.504331      0.013512      0.127079      1.531469      0.411050      -0.415992      
757      0.504331      0.013512      0.127079      1.533143      0.402235      -0.407180      
758      0.504331      0.013512      0.127079      1.534127      0.396955      -0.401902      
759      0.504331      0.013512      0.127079      1.536775      0.382386      -0.387336      
760      0.504331      0.013512      0.127079      1.538457      0.372822      -0.377774      
761      0.504331      0.013512      0.127079      1.539825      0.364857      -0.369811      
762      0.504331      0.013512      0.127079      1.541437      0.355233      -0.360189      
763      0.504331      0.013512      0.127079      1.541840      0.352785      -0.357742      
764      0.504331      0.013512      0.127079      1.542516      0.348641      -0.353598      
765      0.504331      0.013512      0.127079      1.543420      0.343018      -0.347976      
766      0.504331      0.013512      0.127079      1.544580      0.335657      -0.340617      
767      0.504331      0.013512      0.127079      1.547168      0.318615      -0.323578      
768      0.504331      0.013512      0.127079      1.549469      0.302632      -0.307597      
769      0.504331      0.013512      0.127079      1.551520      0.287630      -0.292596      
770      0.504331      0.013512      0.127079      1.552846      0.277487      -0.282455      
771      0.504331      0.013512      0.127079      1.554383      0.265235      -0.270204      
772      0.504331      0.013512      0.127079      1.555320      0.257479      -0.262448      
773      0.504331      0.013512      0.127079      1.556339      0.248757      -0.253726      
774      0.504331      0.013512      0.127079      1.556728      0.245348      -0.250317      
775      0.504331      0.013512      0.127079      1.557705      0.236553      -0.241523      
776      0.504331      0.013512      0.127079      1.559198      0.222443      -0.227413      
777      0.504331      0.013512      0.127079      1.560254      0.211881      -0.216851      
778      0.504331      0.013512      0.127079      1.561912      0.194125      -0.199095      
779      0.504331      0.013512      0.127079      1.563200      0.179112      -0.184081      
780      0.504331      0.013512      0.127079      1.564354      0.164464      -0.169432      
781      0.504331      0.013512      0.127079      1.565327      0.151007      -0.155973      
782      0.504331      0.013512      0.127079      1.565903      0.142429      -0.147395      
783      0.504331      0.013512      0.127079      1.566803      0.127854      -0.132819      
784      0.504331      0.013512      0.127079      1.567807      0.109274      -0.114236      
785      0.504331      0.013512      0.127079      1.568535      0.093487      -0.098446      
786      0.504331      0.013512      0.127079      1.568932      0.083602      -0.088559      
787      0.504331      0.013512      0.127079      1.569226      0.075429      -0.080384      
788      0.504331      0.013512      0.127079      1.569515      0.066368      -0.071321      
789      0.504331      0.013512      0.127079      1.569770      0.057189      -0.062140      
790      0.504331      0.013512      0.127079      1.570048      0.044971      -0.049919      
791      0.504331      0.013512      0.127079      1.570308      0.029007      -0.033951      
792      0.504331      0.013512      0.127079      1.570461      0.010459      -0.015397      
793      0.504331      0.013512      0.127079      1.570453      -0.008702      0.003769      
794      0.504331      0.013512      0.127079      1.570201      -0.032745      0.027821      
795      0.504331      0.013512      0.127079      1.569832      -0.050977      0.046060      
796      0.504331      0.013512      0.127079      1.569383      -0.066954      0.062044      
797      0.504331      0.013512      0.127079      1.568933      -0.079868      0.074963      
798      0.504331      0.013512      0.127079      1.568193      -0.097498      0.092601      
799      0.504331      0.013512      0.127079      1.567579      -0.110064      0.105173      
800      0.504331      0.013512      0.127079      1.566750      -0.125037      0.120153      
801      0.504331      0.013512      0.127079      1.565570      -0.143735      0.138861      
802      0.504331      0.013512      0.127079      1.564543      -0.158224      0.153358      
803      0.504331      0.013512      0.127079      1.562852      -0.179565      0.174710      
804      0.504331      0.013512      0.127079      1.560744      -0.203071      0.198230      
805      0.504331      0.013512      0.127079      1.558926      -0.221356      0.216527      
806      0.504331      0.013512      0.127079      1.556875      -0.240310      0.235493      
807      0.504331      0.013512      0.127079      1.555056      -0.255952      0.251146      
808      0.504331      0.013512      0.127079      1.554229      -0.262757      0.257956      
809      0.504331      0.013512      0.127079      1.552090      -0.279581      0.274792      
810      0.504331      0.013512      0.127079      1.550985      -0.287886      0.283103      
811      0.504331      0.013512      0.127079      1.550239      -0.293356      0.288577      
812      0.503801      0.013772      0.127119      1.548792      -0.303684      0.298913      
813      0.503081      0.014082      0.127039      1.546692      -0.318076      0.313316      
814      0.502181      0.014482      0.127009      1.544424      -0.332909      0.328161      
815      0.501501      0.014922      0.127109      1.542828      -0.342961      0.338221      
816      0.501211      0.015132      0.127199      1.542080      -0.347572      0.342836      
817      0.500391      0.015662      0.127429      1.539499      -0.363018      0.358295      
818      0.499971      0.015902      0.127789      1.537842      -0.372593      0.367878      
819      0.499451      0.016052      0.128009      1.535548      -0.385444      0.380741      
820      0.498931      0.016162      0.128399      1.533305      -0.397604      0.392911      
821      0.498461      0.016182      0.128889      1.531295      -0.408191      0.403508      
822      0.497981      0.016172      0.129399      1.529060      -0.419632      0.414960      
823      0.497571      0.016122      0.130139      1.526740      -0.431186      0.426524      
824      0.496851      0.016172      0.130939      1.523491      -0.446849      0.442202      
825      0.495981      0.016232      0.131549      1.519459      -0.465532      0.460904      
826      0.495321      0.016292      0.131969      1.516129      -0.480397      0.475784      
827      0.494841      0.016352      0.132199      1.512636      -0.495495      0.490898      
828      0.494201      0.016522      0.132219      1.508772      -0.511656      0.507077      
829      0.493661      0.016872      0.132249      1.507068      -0.518618      0.514046      
830      0.493041      0.017252      0.132269      1.504250      -0.529919      0.525359      
831      0.492311      0.017642      0.132109      1.499983      -0.546569      0.542028      
832      0.491401      0.018092      0.131969      1.496645      -0.559229      0.554703      
833      0.490531      0.018472      0.131839      1.493175      -0.572084      0.567572      
834      0.489211      0.018832      0.131619      1.486953      -0.594394      0.589909      
835      0.488011      0.019122      0.131489      1.481145      -0.614445      0.609984      
836      0.486811      0.019262      0.131309      1.474859      -0.635395      0.630961      
837      0.485141      0.019312      0.130999      1.466908      -0.660875      0.656474      
838      0.483801      0.019232      0.130809      1.460034      -0.682081      0.677708      
839      0.482551      0.019042      0.130509      1.452567      -0.704339      0.699997      
840      0.481371      0.018752      0.130299      1.446180      -0.722786      0.718470      
841      0.479551      0.018232      0.130059      1.439443      -0.741704      0.737415      
842      0.479011      0.018072      0.130059      1.437830      -0.746157      0.741874      
843      0.477431      0.017762      0.130059      1.432110      -0.761711      0.757451      
844      0.475801      0.017572      0.130019      1.425566      -0.779087      0.774853      
845      0.474261      0.017402      0.130189      1.421277      -0.790244      0.786028      
846      0.472631      0.017282      0.130239      1.414613      -0.807243      0.803053      
847      0.471071      0.017082      0.130049      1.409258      -0.820617      0.816448      
848      0.468701      0.016892      0.130109      1.401860      -0.838701      0.834560      
849      0.467861      0.016842      0.130089      1.399441      -0.844520      0.840389      
850      0.465971      0.016742      0.130039      1.393017      -0.859754      0.855648      
851      0.464041      0.016632      0.129839      1.386100      -0.875822      0.871743      
852      0.461911      0.016592      0.129709      1.379106      -0.891733      0.887681      
853      0.459861      0.016562      0.129689      1.373579      -0.904080      0.900049      
854      0.457791      0.016532      0.129599      1.369846      -0.912311      0.908295      
855      0.454901      0.016532      0.129429      1.365418      -0.921963      0.917963      
856      0.453981      0.016552      0.129369      1.363493      -0.926122      0.922130      
857      0.451831      0.016722      0.129069      1.356923      -0.940159      0.936192      
858      0.449961      0.017012      0.128619      1.353922      -0.946490      0.942535      
859      0.448281      0.017192      0.128249      1.351601      -0.951352      0.947405      
860      0.446541      0.017512      0.127709      1.347725      -0.959407      0.955475      
861      0.444981      0.017752      0.127199      1.345154      -0.964709      0.960786      
862      0.442701      0.018042      0.126589      1.339882      -0.975470      0.971567      
863      0.441371      0.018102      0.126369      1.337805      -0.979670      0.975776      
864      0.440251      0.018012      0.126249      1.333468      -0.988375      0.984497      
865      0.439161      0.017922      0.125999      1.330724      -0.993836      0.989968      
866      0.438761      0.017852      0.125889      1.329515      -0.996230      0.992367      
867      0.438241      0.017612      0.125549      1.326142      -1.002875      0.999025      
868      0.437951      0.017342      0.124969      1.324467      -1.006155      1.002311      
869      0.437671      0.017092      0.124269      1.321215      -1.012486      1.008654      
