243      0.005580      1637684162374      
244      0.008340      1637684162416      
245      -0.001010      1637684162448      
246      0.000080      1637684162482      
247      -0.000120      1637684162515      
248      0.003790      1637684162549      
249      0.001070      1637684162597      
250      0.002990      1637684162635      
251      -0.000930      1637684162662      
252      0.001590      1637684162697      
253      -0.002320      1637684162729      
254      0.001460      1637684162764      
255      0.000730      1637684162798      
256      0.001990      1637684162831      
257      0.001260      1637684162861      
258      0.002490      1637684162885      
259      0.005940      1637684162934      
260      0.017320      1637684162968      
261      0.013950      1637684163021      
262      0.014290      1637684163046      
263      0.017770      1637684163084      
264      0.000550      1637684163118      
265      -0.002850      1637684163155      
266      0.010100      1637684163197      
267      0.007190      1637684163249      
268      0.019240      1637684163280      
269      0.030650      1637684163318      
270      0.019200      1637684163349      
271      0.004020      1637684163383      
272      0.009280      1637684163429      
273      0.037620      1637684163469      
274      0.084960      1637684163504      
275      0.037260      1637684163530      
276      0.017580      1637684163562      
277      0.000660      1637684163593      
278      0.000590      1637684163629      
279      -0.007460      1637684163680      
280      -0.004290      1637684163709      
281      -0.005980      1637684163738      
282      -0.004860      1637684163765      
283      -0.023000      1637684163797      
284      -0.015280      1637684163844      
285      -0.010980      1637684163902      
286      -0.024550      1637684163928      
287      0.001790      1637684163960      
288      0.007200      1637684163992      
289      0.017950      1637684164037      
290      0.119750      1637684164084      
291      0.042040      1637684164112      
292      -0.003880      1637684164176      
293      -0.023100      1637684164212      
294      0.010340      1637684164248      
295      0.013470      1637684164293      
296      0.015820      1637684164319      
297      0.005710      1637684164352      
298      0.018530      1637684164387      
299      0.032780      1637684164428      
300      0.019280      1637684164463      
301      0.011240      1637684164493      
302      0.003800      1637684164517      
303      -0.002520      1637684164552      
304      0.010580      1637684164579      
305      0.008560      1637684164612      
306      0.009490      1637684164644      
307      0.017170      1637684164678      
308      0.017920      1637684164705      
309      0.012320      1637684164737      
310      0.037060      1637684164769      
311      0.020490      1637684164804      
312      0.009220      1637684164844      
313      0.003460      1637684164866      
314      0.003160      1637684164898      
315      0.000200      1637684164928      
316      0.005400      1637684164959      
317      0.013020      1637684164987      
318      0.010680      1637684165026      
319      0.005040      1637684165068      
320      0.022420      1637684165097      
321      0.009480      1637684165129      
322      0.010190      1637684165166      
323      0.009490      1637684165201      
324      0.005290      1637684165229      
325      0.005790      1637684165266      
326      0.004040      1637684165306      
327      0.008150      1637684165338      
328      0.000130      1637684165377      
329      0.005160      1637684165421      
330      -0.001340      1637684165464      
331      0.003050      1637684165511      
332      -0.001010      1637684165554      
333      0.006690      1637684165593      
334      0.017830      1637684165622      
335      0.013420      1637684165654      
336      0.005000      1637684165697      
337      0.005400      1637684165730      
338      0.008130      1637684165764      
339      0.010580      1637684165800      
340      0.016990      1637684165838      
341      0.034970      1637684165882      
342      0.031330      1637684165927      
343      0.038980      1637684165963      
344      0.015760      1637684165997      
345      0.006290      1637684166030      
346      0.001570      1637684166066      
347      -0.002600      1637684166098      
348      -0.005250      1637684166138      
349      -0.009470      1637684166165      
350      0.001180      1637684166197      
351      -0.003000      1637684166228      
352      0.012860      1637684166264      
353      0.002920      1637684166295      
354      0.004140      1637684166344      
355      0.004800      1637684166371      
356      -0.000980      1637684166403      
357      0.000750      1637684166431      
358      -0.001630      1637684166487      
359      -0.006450      1637684166543      
360      -0.003260      1637684166595      
361      -0.000350      1637684166630      
362      0.004560      1637684166665      
363      0.000410      1637684166704      
364      0.009300      1637684166732      
365      0.000230      1637684166764      
366      0.005010      1637684166811      
367      0.001120      1637684166843      
368      0.013990      1637684166872      
369      0.008280      1637684166900      
370      0.019720      1637684166930      
371      0.018130      1637684166964      
372      0.020120      1637684167003      
373      0.008800      1637684167029      
374      0.002010      1637684167058      
375      0.007520      1637684167086      
376      0.012420      1637684167137      
377      0.016440      1637684167173      
378      0.014140      1637684167210      
379      0.007710      1637684167230      
380      0.013800      1637684167255      
381      0.007110      1637684167287      
382      0.001320      1637684167320      
383      -0.001620      1637684167380      
384      -0.000940      1637684167415      
385      -0.000550      1637684167442      
386      0.001970      1637684167475      
387      0.006420      1637684167497      
388      0.007880      1637684167526      
389      0.009370      1637684167553      
390      0.010220      1637684167613      
391      0.007350      1637684167646      
392      0.006440      1637684167668      
393      0.000370      1637684167698      
394      -0.004040      1637684167730      
395      0.001730      1637684167761      
396      -0.002870      1637684167791      
397      0.000870      1637684167844      
398      0.001250      1637684167877      
399      -0.001510      1637684167899      
400      -0.000080      1637684167931      
401      -0.000080      1637684167962      
402      0.001870      1637684167993      
403      0.000240      1637684168033      
404      0.003060      1637684168075      
405      -0.000350      1637684168108      
406      0.005180      1637684168143      
407      -0.001270      1637684168167      
408      -0.000550      1637684168196      
409      -0.001240      1637684168235      
410      -0.008960      1637684168277      
411      -0.007880      1637684168308      
412      -0.002910      1637684168344      
413      0.000110      1637684168369      
414      0.000540      1637684168401      
415      0.001770      1637684168444      
416      -0.000440      1637684168476      
417      0.000880      1637684168496      
418      0.001520      1637684168527      
419      -0.006280      1637684168556      
420      -0.003080      1637684168586      
421      -0.000390      1637684168650      
422      -0.005890      1637684168678      
423      -0.005060      1637684168700      
424      0.005060      1637684168732      
425      0.004600      1637684168763      
426      0.005710      1637684168794      
427      0.004690      1637684168831      
428      0.010200      1637684168864      
429      0.012080      1637684168887      
430      0.006400      1637684168938      
431      -0.003220      1637684168975      
432      -0.013830      1637684169004      
433      -0.017450      1637684169042      
434      -0.013720      1637684169072      
435      -0.012640      1637684169097      
436      -0.009820      1637684169129      
437      -0.027530      1637684169159      
438      -0.018750      1637684169188      
439      0.000680      1637684169246      
440      0.009240      1637684169277      
441      0.010240      1637684169301      
442      -0.001460      1637684169333      
443      -0.004200      1637684169364      
444      -0.011100      1637684169395      
445      -0.005140      1637684169425      
446      -0.000430      1637684169478      
447      0.005620      1637684169507      
448      0.003090      1637684169536      
449      0.007880      1637684169572      
450      0.021360      1637684169600      
451      0.013280      1637684169631      
452      0.011350      1637684169674      
453      0.001620      1637684169698      
454      -0.001820      1637684169744      
455      -0.004430      1637684169775      
456      0.001760      1637684169801      
457      0.000700      1637684169833      
458      0.010230      1637684169879      
459      0.010760      1637684169909      
460      0.005810      1637684169933      
461      0.011100      1637684169963      
462      0.014190      1637684169996      
463      0.006940      1637684170028      
464      0.003810      1637684170071      
465      0.006010      1637684170102      
466      -0.000030      1637684170132      
467      0.004810      1637684170164      
468      -0.000400      1637684170194      
469      0.009350      1637684170226      
470      0.010150      1637684170263      
471      0.013280      1637684170311      
472      0.014950      1637684170340      
473      0.017930      1637684170368      
474      0.010840      1637684170400      
475      0.007220      1637684170432      
476      0.001330      1637684170465      
477      -0.008450      1637684170500      
478      0.004060      1637684170544      
479      0.002060      1637684170573      
480      0.013520      1637684170603      
481      0.004000      1637684170634      
482      0.006940      1637684170664      
483      0.018410      1637684170697      
484      0.005760      1637684170731      
485      0.015640      1637684170759      
486      0.013360      1637684170803      
487      0.000180      1637684170834      
488      -0.005660      1637684170869      
489      0.002600      1637684170910      
490      -0.003070      1637684170931      
491      0.000430      1637684170961      
492      0.000950      1637684170992      
493      0.002470      1637684171036      
494      0.000970      1637684171077      
495      0.000700      1637684171116      
496      0.001160      1637684171144      
497      0.002350      1637684171169      
498      0.003930      1637684171198      
499      0.005460      1637684171227      
500      0.003840      1637684171261      
501      0.000160      1637684171314      
502      -0.003370      1637684171347      
503      0.000180      1637684171375      
504      0.003920      1637684171402      
505      -0.002410      1637684171432      
506      0.002070      1637684171463      
507      0.001250      1637684171498      
508      0.003440      1637684171533      
509      0.002510      1637684171574      
510      0.005020      1637684171604      
511      0.003830      1637684171635      
512      0.003750      1637684171669      
513      0.002880      1637684171710      
514      0.008030      1637684171738      
515      0.006160      1637684171760      
516      0.006060      1637684171792      
517      0.004620      1637684171825      
518      0.005080      1637684171877      
519      0.008380      1637684171911      
520      0.007050      1637684171945      
521      0.002940      1637684171968      
522      0.001000      1637684172000      
523      0.002750      1637684172030      
524      0.002500      1637684172061      
525      0.000750      1637684172092      
526      0.003680      1637684172137      
527      0.001270      1637684172178      
528      0.001990      1637684172212      
529      -0.000240      1637684172237      
530      0.001630      1637684172267      
531      0.000880      1637684172298      
532      0.002130      1637684172330      
533      0.002150      1637684172365      
534      0.001550      1637684172404      
535      0.000690      1637684172442      
536      -0.002760      1637684172471      
537      -0.003490      1637684172502      
538      -0.002390      1637684172548      
539      -0.002870      1637684172578      
540      -0.003580      1637684172610      
541      -0.006180      1637684172630      
542      -0.004970      1637684172660      
543      -0.005520      1637684172708      
544      -0.009380      1637684172748      
545      -0.006580      1637684172781      
546      -0.003860      1637684172801      
547      -0.006890      1637684172835      
548      -0.007980      1637684172862      
549      -0.010220      1637684172895      
550      -0.006490      1637684172930      
551      -0.013450      1637684172964      
552      -0.009750      1637684173005      
553      -0.011230      1637684173037      
554      0.000380      1637684173069      
555      -0.001880      1637684173100      
556      -0.002470      1637684173145      
557      0.000700      1637684173179      
558      -0.005080      1637684173218      
559      -0.003670      1637684173246      
560      0.001210      1637684173277      
561      -0.000240      1637684173303      
562      0.001030      1637684173339      
563      -0.004390      1637684173379      
564      0.001380      1637684173400      
565      -0.003510      1637684173431      
566      0.001360      1637684173469      
567      0.000640      1637684173495      
568      0.000770      1637684173526      
569      0.004100      1637684173568      
570      0.000570      1637684173608      
571      -0.002710      1637684173638      
572      -0.003410      1637684173670      
573      -0.001830      1637684173702      
574      -0.000830      1637684173733      
575      0.000310      1637684173779      
576      -0.001030      1637684173795      
577      -0.000930      1637684173827      
578      0.001060      1637684173877      
579      -0.001460      1637684173905      
580      -0.003430      1637684173934      
581      -0.003110      1637684173983      
582      -0.004740      1637684174025      
583      -0.005830      1637684174050      
584      -0.001840      1637684174080      
585      -0.003710      1637684174111      
586      0.000480      1637684174140      
587      -0.003800      1637684174182      
588      -0.004150      1637684174212      
589      -0.002280      1637684174243      
590      -0.006080      1637684174264      
591      -0.011100      1637684174295      
592      -0.015980      1637684174327      
593      -0.009740      1637684174360      
594      -0.013770      1637684174411      
595      -0.039810      1637684174444      
596      -0.005880      1637684174472      
597      0.028020      1637684174502      
598      0.009210      1637684174533      
599      -0.000430      1637684174577      
600      -0.014840      1637684174609      
601      -0.034620      1637684174629      
602      -0.026970      1637684174661      
603      -0.023770      1637684174693      
604      -0.009690      1637684174744      
605      0.004180      1637684174772      
606      -0.001420      1637684174813      
607      -0.000300      1637684174832      
608      0.003190      1637684174864      
609      0.001890      1637684174897      
610      -0.003250      1637684174944      
611      0.002300      1637684174977      
612      0.002500      1637684175019      
613      0.003990      1637684175058      
614      0.012200      1637684175092      
615      0.004980      1637684175119      
616      0.001420      1637684175150      
617      -0.003550      1637684175184      
618      -0.000310      1637684175217      
619      -0.002480      1637684175249      
620      -0.001640      1637684175279      
621      0.000720      1637684175303      
622      -0.002840      1637684175333      
623      -0.001350      1637684175367      
624      0.000720      1637684175407      
625      0.004100      1637684175439      
626      0.012040      1637684175480      
627      0.020570      1637684175511      
628      0.015560      1637684175537      
629      0.013560      1637684175567      
630      0.013950      1637684175616      
631      0.003040      1637684175663      
632      0.013490      1637684175682      
633      0.005620      1637684175717      
634      0.011130      1637684175749      
635      0.013990      1637684175778      
636      0.017880      1637684175814      
637      0.019070      1637684175848      
638      0.015600      1637684175877      
639      0.006020      1637684175900      
640      0.000070      1637684175932      
641      0.001340      1637684175965      
642      0.007720      1637684175996      
643      0.001110      1637684176035      
644      0.007130      1637684176060      
645      0.008490      1637684176111      
646      0.023400      1637684176136      
647      0.004030      1637684176168      
648      0.000580      1637684176201      
649      -0.003100      1637684176245      
650      -0.001370      1637684176267      
651      0.005110      1637684176297      
652      0.003440      1637684176329      
653      0.004130      1637684176379      
654      0.000850      1637684176404      
655      0.005050      1637684176448      
656      0.003650      1637684176468      
657      0.002420      1637684176501      
658      0.005640      1637684176533      
659      0.005380      1637684176563      
660      0.007190      1637684176594      
661      0.001900      1637684176632      
662      0.003470      1637684176680      
663      -0.003230      1637684176702      
664      0.000760      1637684176737      
665      0.003490      1637684176767      
666      -0.000380      1637684176800      
667      0.001460      1637684176830      
668      0.002950      1637684176874      
669      0.004980      1637684176916      
670      0.007500      1637684176947      
671      0.004110      1637684176971      
672      0.003770      1637684177001      
673      0.002260      1637684177035      
674      0.003850      1637684177073      
675      0.000470      1637684177100      
676      0.004730      1637684177135      
677      0.003050      1637684177180      
678      0.001770      1637684177208      
679      0.007150      1637684177236      
680      0.007530      1637684177269      
681      0.004870      1637684177309      
682      0.002870      1637684177334      
683      0.003270      1637684177364      
684      0.007120      1637684177395      
685      0.002690      1637684177428      
686      0.003400      1637684177477      
687      0.006370      1637684177515      
688      0.007280      1637684177534      
689      0.001360      1637684177567      
690      0.003710      1637684177598      
691      0.007180      1637684177629      
692      0.003600      1637684177662      
693      0.008940      1637684177718      
694      0.006680      1637684177744      
695      0.005340      1637684177768      
696      0.005410      1637684177801      
697      0.003880      1637684177834      
698      0.003420      1637684177867      
699      0.007450      1637684177902      
700      0.004580      1637684177936      
701      0.008370      1637684177981      
702      0.010770      1637684178011      
703      0.005800      1637684178035      
704      0.006830      1637684178071      
705      0.000300      1637684178103      
706      0.003470      1637684178142      
707      -0.001700      1637684178165      
708      0.003430      1637684178195      
709      -0.000650      1637684178244      
710      0.003980      1637684178274      
711      -0.000450      1637684178310      
712      0.009130      1637684178351      
713      -0.000990      1637684178378      
714      0.007430      1637684178402      
715      0.000530      1637684178432      
716      0.001570      1637684178465      
717      -0.001150      1637684178499      
718      0.000970      1637684178537      
719      0.003430      1637684178580      
720      0.001050      1637684178607      
721      0.003270      1637684178634      
722      0.007100      1637684178667      
723      0.002120      1637684178700      
724      0.002270      1637684178744      
725      0.005120      1637684178766      
726      0.004260      1637684178797      
727      0.003680      1637684178829      
728      0.003630      1637684178874      
729      0.006570      1637684178903      
730      0.000220      1637684178950      
731      0.010340      1637684178977      
732      0.003200      1637684179002      
733      0.003040      1637684179032      
734      0.009440      1637684179076      
735      -0.002220      1637684179108      
736      0.007360      1637684179153      
737      0.004060      1637684179198      
738      0.007610      1637684179226      
739      0.000650      1637684179254      
740      0.003100      1637684179287      
741      0.000180      1637684179324      
742      -0.000980      1637684179361      
743      0.003690      1637684179384      
744      -0.000370      1637684179416      
745      0.002300      1637684179441      
746      0.002750      1637684179475      
747      0.002290      1637684179504      
748      0.002090      1637684179539      
749      0.000570      1637684179581      
750      0.000910      1637684179608      
751      0.003080      1637684179631      
752      -0.001630      1637684179676      
753      -0.001310      1637684179709      
754      -0.002230      1637684179742      
755      -0.002220      1637684179780      
756      -0.007270      1637684179808      
757      -0.011290      1637684179833      
758      -0.006760      1637684179883      
759      -0.018650      1637684179911      
760      -0.012240      1637684179944      
761      -0.010190      1637684179976      
762      -0.012310      1637684180009      
763      -0.003130      1637684180034      
764      -0.005300      1637684180067      
765      -0.007190      1637684180102      
766      -0.009410      1637684180151      
767      -0.021780      1637684180188      
768      -0.020420      1637684180208      
769      -0.019160      1637684180240      
770      -0.012950      1637684180269      
771      -0.015640      1637684180301      
772      -0.009900      1637684180333      
773      -0.011130      1637684180375      
774      -0.004350      1637684180408      
775      -0.011220      1637684180446      
776      -0.018000      1637684180477      
777      -0.013470      1637684180508      
778      -0.022640      1637684180540      
779      -0.019140      1637684180574      
780      -0.018670      1637684180601      
781      -0.017150      1637684180634      
782      -0.010930      1637684180667      
783      -0.018570      1637684180714      
784      -0.023670      1637684180744      
785      -0.020110      1637684180778      
786      -0.012590      1637684180811      
787      -0.010410      1637684180841      
788      -0.011540      1637684180871      
789      -0.011690      1637684180901      
790      -0.015560      1637684180934      
791      -0.020330      1637684180981      
792      -0.023620      1637684181027      
793      -0.024400      1637684181044      
794      -0.030620      1637684181075      
795      -0.023220      1637684181107      
796      -0.020350      1637684181141      
797      -0.016450      1637684181167      
798      -0.022460      1637684181211      
799      -0.016010      1637684181257      
800      -0.019080      1637684181287      
801      -0.023830      1637684181311      
802      -0.018470      1637684181343      
803      -0.027210      1637684181375      
804      -0.029980      1637684181411      
805      -0.023330      1637684181445      
806      -0.024190      1637684181476      
807      -0.019970      1637684181499      
808      -0.008690      1637684181547      
809      -0.021490      1637684181578      
810      -0.010610      1637684181611      
811      -0.006990      1637684181646      
812      -0.013200      1637684181674      
813      -0.018400      1637684181702      
814      -0.018970      1637684181733      
815      -0.012860      1637684181768      
816      -0.005900      1637684181826      
817      -0.019770      1637684181857      
818      -0.012260      1637684181879      
819      -0.016460      1637684181909      
820      -0.015580      1637684181941      
821      -0.013570      1637684181974      
822      -0.014670      1637684182006      
823      -0.014820      1637684182044      
824      -0.020100      1637684182070      
825      -0.023990      1637684182120      
826      -0.019100      1637684182149      
827      -0.019410      1637684182181      
828      -0.020790      1637684182211      
829      -0.008960      1637684182254      
830      -0.014550      1637684182276      
831      -0.021450      1637684182302      
832      -0.016320      1637684182357      
833      -0.016580      1637684182390      
834      -0.028800      1637684182426      
835      -0.025910      1637684182453      
836      -0.027100      1637684182478      
837      -0.033000      1637684182510      
838      -0.027500      1637684182541      
839      -0.028900      1637684182574      
840      -0.023980      1637684182620      
841      -0.024620      1637684182664      
842      -0.005800      1637684182694      
843      -0.020270      1637684182714      
844      -0.022670      1637684182743      
845      -0.014570      1637684182780      
846      -0.022220      1637684182807      
847      -0.017500      1637684182852      
848      -0.023690      1637684182892      
849      -0.007630      1637684182917      
850      -0.019990      1637684182948      
851      -0.021110      1637684182978      
852      -0.020930      1637684183011      
853      -0.016260      1637684183042      
854      -0.010850      1637684183093      
855      -0.012730      1637684183117      
856      -0.005490      1637684183151      
857      -0.018540      1637684183185      
858      -0.008370      1637684183213      
859      -0.006430      1637684183249      
860      -0.010660      1637684183292      
861      -0.007020      1637684183327      
862      -0.014260      1637684183360      
863      -0.005570      1637684183391      
864      -0.011550      1637684183418      
865      -0.007250      1637684183451      
866      -0.003180      1637684183491      
867      -0.008830      1637684183514      
868      -0.004360      1637684183546      
869      -0.008420      1637684183576      
