113      0.007890      1638131455136      
114      0.014150      1638131455167      
115      0.010960      1638131455193      
116      0.006350      1638131455226      
117      0.011050      1638131455256      
118      0.008420      1638131455291      
119      0.002670      1638131455320      
120      -0.001430      1638131455367      
121      0.003590      1638131455396      
122      0.000980      1638131455428      
123      0.002540      1638131455457      
124      0.005040      1638131455488      
125      0.001870      1638131455534      
126      0.016150      1638131455565      
127      0.002280      1638131455598      
128      0.004440      1638131455624      
129      0.006330      1638131455655      
130      0.005770      1638131455691      
131      0.005670      1638131455719      
132      0.002320      1638131455770      
133      0.003130      1638131455803      
134      0.004140      1638131455832      
135      0.006410      1638131455865      
136      0.008210      1638131455894      
137      0.008110      1638131455925      
138      0.006840      1638131455957      
139      0.008020      1638131456003      
140      0.006370      1638131456035      
141      0.003600      1638131456063      
142      0.005910      1638131456097      
143      0.015700      1638131456124      
144      0.007420      1638131456155      
145      0.007240      1638131456201      
146      0.012050      1638131456236      
147      0.015910      1638131456268      
148      0.010420      1638131456298      
149      0.010810      1638131456330      
150      0.013170      1638131456368      
151      0.011690      1638131456391      
152      0.008190      1638131456421      
153      0.005510      1638131456469      
154      0.015950      1638131456502      
155      0.005820      1638131456534      
156      0.007730      1638131456567      
157      0.005740      1638131456595      
158      0.006740      1638131456626      
159      0.001450      1638131456654      
160      0.006700      1638131456704      
161      0.007600      1638131456731      
162      0.008620      1638131456764      
163      0.006520      1638131456793      
164      0.011710      1638131456829      
165      0.009330      1638131456858      
166      0.007490      1638131456889      
167      0.005250      1638131456935      
168      0.010830      1638131456964      
169      0.007470      1638131456998      
170      0.012540      1638131457030      
171      0.003170      1638131457058      
172      0.013840      1638131457089      
173      0.010970      1638131457124      
174      0.011230      1638131457158      
175      0.013110      1638131457187      
176      0.005110      1638131457238      
177      0.015510      1638131457266      
178      0.005130      1638131457297      
179      0.006450      1638131457328      
180      0.007280      1638131457357      
181      0.005270      1638131457387      
182      0.006840      1638131457438      
183      0.009880      1638131457465      
184      0.006420      1638131457499      
185      0.007340      1638131457527      
186      0.009120      1638131457564      
187      0.013350      1638131457591      
188      0.006640      1638131457620      
189      0.015630      1638131457668      
190      0.015960      1638131457700      
191      0.017000      1638131457732      
192      0.014280      1638131457763      
193      0.007310      1638131457801      
194      0.014400      1638131457827      
195      0.004160      1638131457856      
196      0.005970      1638131457897      
197      0.007590      1638131457934      
198      0.004500      1638131457966      
199      0.011450      1638131457997      
200      0.007090      1638131458025      
201      0.010990      1638131458058      
202      0.011480      1638131458092      
203      0.009200      1638131458137      
204      0.021060      1638131458167      
205      0.008140      1638131458204      
206      0.009980      1638131458230      
207      0.011550      1638131458258      
208      0.010700      1638131458289      
209      0.016360      1638131458335      
210      0.022240      1638131458372      
211      0.020100      1638131458400      
212      0.009570      1638131458432      
213      0.015010      1638131458464      
214      0.011370      1638131458500      
215      0.012490      1638131458528      
216      0.011760      1638131458560      
217      0.005020      1638131458592      
218      0.007300      1638131458637      
219      0.005260      1638131458671      
220      0.002130      1638131458697      
221      -0.000070      1638131458725      
222      0.002180      1638131458757      
223      0.006920      1638131458800      
224      0.004990      1638131458833      
225      0.010870      1638131458862      
226      0.014420      1638131458892      
227      0.010400      1638131458937      
228      0.019040      1638131458967      
229      0.005500      1638131458995      
230      0.010760      1638131459033      
231      0.009600      1638131459061      
232      0.005560      1638131459093      
233      0.017500      1638131459125      
234      0.006040      1638131459169      
235      0.012140      1638131459202      
236      0.006110      1638131459232      
237      0.002780      1638131459264      
238      0.006050      1638131459299      
239      0.004380      1638131459331      
240      0.007270      1638131459358      
241      0.004270      1638131459390      
242      0.000290      1638131459439      
243      0.004700      1638131459469      
244      0.004210      1638131459501      
245      0.002190      1638131459531      
246      0.002590      1638131459564      
247      0.001980      1638131459599      
248      0.002490      1638131459625      
249      0.004980      1638131459656      
250      0.001360      1638131459693      
251      0.006490      1638131459737      
252      -0.001780      1638131459773      
253      0.008100      1638131459801      
254      0.006500      1638131459835      
255      0.000640      1638131459866      
256      0.002970      1638131459897      
257      -0.001020      1638131459928      
258      0.005710      1638131459958      
259      0.005040      1638131460002      
260      0.008220      1638131460034      
261      0.008630      1638131460065      
262      -0.000790      1638131460101      
263      0.004290      1638131460128      
264      0.004260      1638131460159      
265      0.001790      1638131460203      
266      0.014070      1638131460240      
267      -0.001160      1638131460266      
268      0.005480      1638131460297      
269      0.006620      1638131460328      
270      0.001090      1638131460361      
271      0.011220      1638131460405      
272      0.004370      1638131460435      
273      0.011020      1638131460469      
274      0.002870      1638131460499      
275      0.000170      1638131460532      
276      0.004570      1638131460563      
277      -0.002270      1638131460593      
278      -0.000180      1638131460639      
279      0.001550      1638131460669      
280      -0.000040      1638131460701      
281      0.004070      1638131460731      
282      0.001520      1638131460767      
283      0.001240      1638131460792      
284      0.002000      1638131460824      
285      0.001170      1638131460858      
286      0.006490      1638131460907      
287      0.003470      1638131460938      
288      0.004740      1638131460969      
289      0.010790      1638131461000      
290      -0.000060      1638131461034      
291      0.001160      1638131461060      
292      0.004270      1638131461108      
293      0.002030      1638131461135      
294      0.004540      1638131461166      
295      -0.000230      1638131461196      
296      0.003580      1638131461228      
297      0.003520      1638131461257      
298      0.004120      1638131461308      
299      0.010740      1638131461340      
300      0.006560      1638131461370      
301      0.001700      1638131461399      
302      0.009870      1638131461436      
303      0.000460      1638131461467      
304      0.002720      1638131461498      
305      0.004620      1638131461528      
306      0.003200      1638131461573      
307      0.009400      1638131461606      
308      -0.001340      1638131461637      
309      0.008370      1638131461665      
310      0.000180      1638131461702      
311      0.000510      1638131461731      
312      0.006760      1638131461762      
313      -0.000140      1638131461793      
314      -0.001430      1638131461840      
315      0.008840      1638131461880      
316      0.003050      1638131461904      
317      0.006820      1638131461932      
318      -0.001410      1638131461964      
319      0.003040      1638131461995      
320      0.003170      1638131462042      
321      0.006120      1638131462074      
322      0.009220      1638131462105      
323      0.001900      1638131462134      
324      0.007280      1638131462163      
325      0.003320      1638131462191      
326      0.000110      1638131462243      
327      0.019070      1638131462269      
328      0.002260      1638131462302      
329      0.006660      1638131462334      
330      0.006970      1638131462369      
331      0.000760      1638131462398      
332      0.009930      1638131462429      
333      0.002940      1638131462463      
334      0.003700      1638131462498      
335      0.010310      1638131462541      
336      -0.001060      1638131462569      
337      0.009740      1638131462604      
338      0.003850      1638131462638      
339      0.007250      1638131462662      
340      0.012190      1638131462693      
341      0.002430      1638131462751      
342      0.013720      1638131462774      
343      0.003580      1638131462805      
344      0.003330      1638131462835      
345      0.011810      1638131462867      
346      0.001830      1638131462898      
347      0.003410      1638131462929      
348      0.010070      1638131462959      
349      -0.002450      1638131463009      
350      0.011600      1638131463040      
351      0.000100      1638131463070      
352      0.005460      1638131463098      
353      0.015740      1638131463131      
354      0.000180      1638131463162      
355      0.002760      1638131463208      
356      0.008960      1638131463239      
357      0.000120      1638131463272      
358      0.004720      1638131463305      
359      -0.002000      1638131463336      
360      0.000770      1638131463363      
361      0.010510      1638131463397      
362      -0.002010      1638131463444      
363      0.007330      1638131463476      
364      0.003650      1638131463509      
365      -0.000260      1638131463538      
366      0.010990      1638131463569      
367      0.001870      1638131463601      
368      0.007590      1638131463634      
369      0.008170      1638131463664      
370      0.002650      1638131463712      
371      0.017210      1638131463740      
372      0.005730      1638131463772      
373      0.003020      1638131463801      
374      0.013450      1638131463834      
375      0.007850      1638131463865      
376      0.000930      1638131463902      
377      0.009750      1638131463945      
378      0.005170      1638131463977      
379      0.002500      1638131464007      
380      0.002600      1638131464038      
381      0.003050      1638131464069      
382      0.002220      1638131464101      
383      0.000950      1638131464132      
384      0.008090      1638131464162      
385      0.005670      1638131464212      
386      0.007330      1638131464244      
387      0.013910      1638131464277      
388      -0.001030      1638131464307      
389      0.003180      1638131464343      
390      0.007550      1638131464373      
391      0.010740      1638131464401      
392      0.007580      1638131464433      
393      0.008750      1638131464465      
394      0.016290      1638131464499      
395      -0.002140      1638131464544      
396      -0.006350      1638131464578      
397      -0.010700      1638131464607      
398      -0.008990      1638131464640      
399      -0.001620      1638131464673      
400      -0.016700      1638131464701      
401      -0.009700      1638131464735      
402      -0.002850      1638131464769      
403      -0.016490      1638131464814      
404      -0.009890      1638131464842      
405      -0.013370      1638131464878      
406      -0.012940      1638131464910      
407      -0.013610      1638131464938      
408      -0.011700      1638131464967      
409      -0.024450      1638131464997      
410      -0.012930      1638131465050      
411      -0.038730      1638131465077      
412      -0.007400      1638131465116      
413      -0.014360      1638131465138      
414      -0.007600      1638131465175      
415      -0.006090      1638131465200      
416      -0.012920      1638131465246      
417      -0.009720      1638131465278      
418      -0.008370      1638131465311      
419      -0.013890      1638131465339      
420      -0.004620      1638131465371      
421      -0.009960      1638131465404      
422      -0.014460      1638131465434      
423      -0.007190      1638131465491      
424      -0.020550      1638131465511      
425      -0.018310      1638131465543      
426      -0.010670      1638131465577      
427      -0.025130      1638131465603      
428      -0.010950      1638131465641      
429      -0.012620      1638131465670      
430      -0.019310      1638131465714      
431      -0.014610      1638131465744      
432      -0.012820      1638131465775      
433      -0.015130      1638131465807      
434      -0.006150      1638131465839      
435      -0.019050      1638131465869      
436      -0.022870      1638131465902      
437      -0.015580      1638131465947      
438      -0.023400      1638131465983      
439      -0.004570      1638131466011      
440      -0.018790      1638131466043      
441      -0.017980      1638131466073      
442      -0.009470      1638131466106      
443      -0.011780      1638131466133      
444      -0.020080      1638131466191      
445      -0.011150      1638131466211      
446      -0.010400      1638131466244      
447      -0.002670      1638131466271      
448      -0.016150      1638131466305      
449      -0.014010      1638131466335      
450      -0.010210      1638131466385      
451      -0.012290      1638131466410      
452      -0.006050      1638131466444      
453      -0.009800      1638131466474      
454      -0.012290      1638131466508      
455      -0.010270      1638131466533      
456      -0.009490      1638131466583      
457      -0.019020      1638131466611      
458      -0.007740      1638131466646      
459      -0.005170      1638131466676      
460      -0.001210      1638131466707      
461      -0.008010      1638131466740      
462      -0.010550      1638131466775      
463      -0.004560      1638131466808      
464      -0.012560      1638131466847      
465      -0.020050      1638131466879      
466      -0.010090      1638131466910      
467      -0.012250      1638131466943      
468      -0.017140      1638131466972      
469      -0.009650      1638131467005      
470      -0.012580      1638131467054      
471      -0.017230      1638131467081      
472      -0.011980      1638131467111      
473      -0.009580      1638131467139      
474      -0.009850      1638131467173      
475      -0.007300      1638131467218      
476      -0.015010      1638131467249      
477      -0.009650      1638131467284      
478      -0.012880      1638131467313      
479      -0.009750      1638131467343      
480      -0.008920      1638131467378      
481      -0.007700      1638131467406      
482      -0.005770      1638131467444      
483      -0.004800      1638131467472      
484      -0.006500      1638131467518      
485      -0.006670      1638131467548      
486      -0.009820      1638131467583      
487      -0.011530      1638131467613      
488      -0.010550      1638131467642      
489      -0.009460      1638131467681      
490      -0.010340      1638131467708      
491      -0.016720      1638131467751      
492      -0.018500      1638131467782      
493      -0.009060      1638131467819      
494      -0.015460      1638131467848      
495      -0.014940      1638131467878      
496      -0.012510      1638131467909      
497      -0.016730      1638131467952      
498      -0.020690      1638131467987      
499      -0.017080      1638131468019      
500      -0.014500      1638131468044      
501      -0.017070      1638131468075      
502      -0.010510      1638131468111      
503      -0.017430      1638131468138      
504      -0.016890      1638131468187      
505      -0.016790      1638131468218      
506      -0.012660      1638131468252      
507      -0.012280      1638131468281      
508      -0.013880      1638131468310      
509      -0.009970      1638131468342      
510      -0.008240      1638131468375      
511      -0.010630      1638131468405      
512      -0.012740      1638131468439      
513      -0.006660      1638131468489      
514      -0.015610      1638131468520      
515      -0.012240      1638131468547      
516      -0.007890      1638131468580      
517      -0.012870      1638131468613      
518      -0.021000      1638131468645      
519      -0.021500      1638131468675      
520      -0.017150      1638131468707      
521      -0.015360      1638131468741      
522      -0.011220      1638131468789      
523      -0.021120      1638131468820      
524      -0.014810      1638131468847      
525      -0.005010      1638131468882      
526      -0.007080      1638131468914      
527      -0.007360      1638131468942      
528      -0.006010      1638131468976      
529      -0.011120      1638131469008      
530      -0.011750      1638131469055      
531      -0.013950      1638131469083      
532      -0.010120      1638131469116      
533      -0.012500      1638131469145      
534      -0.005430      1638131469177      
535      -0.009440      1638131469209      
536      -0.013400      1638131469242      
537      -0.006500      1638131469276      
538      -0.015430      1638131469322      
539      -0.025790      1638131469351      
540      -0.008490      1638131469382      
541      -0.008170      1638131469415      
542      -0.027130      1638131469447      
