49      74.647143      0.436330      
50      73.724081      0.436330      
51      72.198249      0.436330      
52      70.714818      0.436330      
53      69.990578      0.436330      
54      69.044024      0.436330      
55      67.929588      0.436330      
56      66.981888      0.436330      
57      66.476524      0.436330      
58      65.311666      0.436330      
59      63.585867      0.436330      
60      61.983256      0.436330      
61      60.613274      0.436330      
62      58.011969      0.436330      
63      55.245074      0.436330      
64      53.842432      0.436330      
65      52.702785      0.436330      
66      52.175076      0.436330      
67      51.594079      0.436330      
68      50.414897      0.436330      
69      48.840936      0.436330      
70      47.578100      0.436330      
71      46.650454      0.436330      
72      44.124781      0.436330      
73      42.364603      0.436330      
74      41.714277      0.436330      
75      42.073532      0.436330      
76      42.264332      0.436330      
77      42.196148      0.436330      
78      42.329078      0.436330      
79      42.156613      0.436330      
80      41.718287      0.436330      
81      41.125832      0.436330      
82      40.922999      0.436330      
83      40.562597      0.436330      
84      39.500875      0.436330      
85      39.092917      0.436330      
86      38.856852      0.436330      
87      38.725068      0.436330      
88      37.912590      0.436330      
89      37.251950      0.436330      
90      36.895559      0.436330      
91      36.124908      0.436330      
92      35.073500      0.436330      
93      33.889161      0.436330      
94      33.914945      0.436330      
95      33.500684      0.436330      
96      32.904218      0.436330      
97      32.394270      0.436330      
98      32.055069      0.436330      
99      31.138883      0.436330      
100      29.991214      0.436330      
101      29.543148      0.436330      
102      29.652586      0.436330      
103      29.833646      0.436330      
104      29.972306      0.436330      
105      30.049085      0.436330      
106      29.825052      0.436330      
107      29.659462      0.436330      
108      29.422251      0.436330      
109      29.229158      0.436330      
110      29.342607      0.436330      
111      29.396467      0.436330      
112      28.771924      0.436330      
113      28.221869      0.436330      
114      27.870635      0.436330      
115      27.353239      0.436330      
116      26.136241      0.436330      
117      25.480185      0.436330      
118      25.006335      0.436330      
119      24.794334      0.436330      
120      23.961802      0.436330      
121      23.620309      0.436330      
122      23.333821      0.436330      
123      22.799236      0.436330      
124      22.367213      0.436330      
125      22.062391      0.436330      
126      21.354194      0.436330      
127      20.785230      0.436330      
128      20.844246      0.436330      
129      20.757727      0.436330      
130      20.777208      0.436330      
131      20.624224      0.436330      
132      20.282731      0.436330      
133      19.537864      0.436330      
134      18.728824      0.436330      
135      18.260703      0.436330      
136      17.957600      0.436330      
137      18.317428      0.436330      
138      18.159287      0.436330      
139      17.273468      0.436330      
140      17.248830      0.436330      
141      17.087824      0.436330      
142      17.341079      0.436330      
143      17.315868      0.436330      
144      16.660385      0.436330      
145      16.464428      0.436330      
146      16.581315      0.436330      
147      16.632882      0.436330      
148      16.403120      0.436330      
149      16.204297      0.436330      
150      16.255865      0.436330      
151      16.132675      0.436330      
152      15.787172      0.436330      
153      15.737323      0.436330      
154      15.812383      0.436330      
155      15.591787      0.436330      
156      15.001050      0.436330      
157      14.978704      0.436330      
158      14.969537      0.436330      
159      14.799936      0.436330      
160      14.316346      0.436330      
161      14.048194      0.436330      
162      13.789782      0.436330      
163      13.393283      0.436330      
164      13.425370      0.436330      
165      13.003088      0.436330      
166      12.979596      0.436330      
167      12.716600      0.436330      
168      12.291453      0.436330      
169      12.167691      0.436330      
170      11.829636      0.436330      
171      11.543148      0.436330      
172      10.829795      0.436330      
173      10.251090      0.436330      
174      9.757759      0.436330      
175      9.549196      0.436330      
176      9.233487      0.436330      
177      8.986535      0.436330      
178      8.549355      0.436330      
179      7.479039      0.436330      
180      7.038421      0.436330      
181      6.638485      0.436330      
182      6.292981      0.436330      
183      6.129110      0.436330      
184      5.827726      0.436330      
185      5.649530      0.436330      
186      5.326946      0.436330      
187      5.236989      0.436330      
188      5.265064      0.436330      
189      5.096037      0.436330      
190      4.482954      0.436330      
191      3.938628      0.436330      
192      3.874455      0.436330      
193      3.559319      0.436330      
194      3.406335      0.436330      
195      3.439567      0.436330      
196      3.414929      0.436330      
197      3.240172      0.436330      
198      2.729651      0.436330      
199      2.644851      0.436330      
200      2.386440      0.436330      
201      2.401337      0.436330      
202      2.485564      0.436330      
203      1.679389      0.436330      
204      1.281744      0.436330      
205      0.843992      0.436330      
206      1.019895      0.436330      
207      0.609072      0.436330      
208      0.525991      0.436330      
209      0.127200      0.436330      
210      0.128919      0.436330      
211      -0.033806      0.436330      
212      -0.347796      0.436330      
213      -0.319147      0.436330      
214      -0.397071      0.436330      
215      -0.801592      0.436330      
216      -1.993952      0.436330      
217      -2.057552      0.436330      
218      -1.893681      0.436330      
219      -1.971606      0.436330      
220      -2.298774      0.436330      
221      -2.139488      0.436330      
222      -2.195066      0.436330      
223      -2.627089      0.436330      
224      -3.595989      0.436330      
225      -3.380551      0.436330      
226      -3.222410      0.436330      
227      -3.193188      0.436330      
228      -2.951966      0.436330      
229      -3.111253      0.436330      
230      -3.353048      0.436330      
231      -3.353048      0.436330      
232      -3.672768      0.436330      
233      -4.237148      0.436330      
234      -4.475505      0.436330      
235      -4.344294      0.436330      
236      -4.505300      0.436330      
237      -5.415757      0.436330      
238      -5.442114      0.436330      
239      -5.120102      0.436330      
240      -4.929301      0.436330      
241      -4.929874      0.436330      
242      -4.929874      0.436330      
243      -4.929874      0.436330      
244      -5.090880      0.436330      
245      -5.387108      0.436330      
246      -5.463887      0.436330      
247      -6.240840      0.436330      
248      -6.992583      0.436330      
249      -7.099156      0.436330      
250      -6.887729      0.436330      
251      -7.458985      0.436330      
252      -8.396944      0.436330      
253      -8.470858      0.436330      
254      -8.355117      0.436330      
255      -8.186089      0.436330      
256      -7.939710      0.436330      
257      -7.613688      0.436330      
258      -7.460131      0.436330      
259      -7.679580      0.436330      
260      -8.055451      0.436330      
261      -8.000446      0.436330      
262      -8.270317      0.436330      
263      -8.621550      0.436330      
264      -8.756772      0.436330      
265      -8.353971      0.436330      
266      -8.353971      0.436330      
267      -8.808340      0.436330      
268      -8.595766      0.436330      
269      -8.880535      0.436330      
270      -10.157122      0.436330      
271      -10.479707      0.436330      
272      -9.590450      0.436330      
273      -9.375012      0.436330      
274      -9.702180      0.436330      
275      -9.780105      0.436330      
276      -9.923922      0.436330      
277      -10.326723      0.436330      
278      -11.025752      0.436330      
279      -11.052109      0.436330      
280      -11.052109      0.436330      
281      -10.970746      0.436330      
282      -10.818908      0.436330      
283      -10.820054      0.436330      
284      -10.824638      0.436330      
285      -10.750151      0.436330      
286      -11.048098      0.436330      
287      -11.908133      0.436330      
288      -11.773484      0.436330      
289      -12.173993      0.436330      
290      -12.254210      0.436330      
291      -11.152379      0.436330      
292      -10.825211      0.436330      
293      -10.879643      0.436330      
294      -11.122012      0.436330      
295      -11.982620      0.436330      
296      -12.305205      0.436330      
297      -12.330415      0.436330      
298      -12.387713      0.436330      
299      -12.804838      0.436330      
300      -13.314213      0.436330      
301      -13.479230      0.436330      
302      -13.401305      0.436330      
303      -13.451727      0.436330      
304      -13.746809      0.436330      
305      -13.664873      0.436330      
306      -13.692949      0.436330      
307      -13.642527      0.436330      
308      -14.152475      0.436330      
309      -14.556422      0.436330      
310      -14.556422      0.436330      
311      -14.473341      0.436330      
312      -14.226962      0.436330      
313      -14.228108      0.436330      
314      -14.443546      0.436330      
315      -14.680185      0.436330      
316      -15.244565      0.436330      
317      -15.350565      0.436330      
318      -15.568295      0.436330      
319      -15.396976      0.436330      
320      -15.152889      0.436330      
321      -15.152316      0.436330      
322      -15.319051      0.436330      
323      -15.481203      0.436330      
324      -15.508706      0.436330      
325      -15.587777      0.436330      
326      -16.147000      0.436330      
327      -15.689766      0.436330      
328      -15.801496      0.436330      
329      -15.781442      0.436330      
330      -15.309884      0.436330      
331      -15.438230      0.436330      
332      -15.517874      0.436330      
333      -15.510425      0.436330      
334      -15.643928      0.436330      
335      -15.665128      0.436330      
336      -15.960210      0.436330      
337      -16.065064      0.436330      
338      -16.289671      0.436330      
339      -16.571574      0.436330      
340      -17.044278      0.436330      
341      -17.282636      0.436330      
342      -17.198408      0.436330      
343      -17.196117      0.436330      
344      -17.189814      0.436330      
345      -17.173198      0.436330      
346      -17.400668      0.436330      
347      -17.620691      0.436330      
348      -18.087665      0.436330      
349      -18.156422      0.436330      
350      -18.256120      0.436330      
351      -18.249817      0.436330      
352      -18.474996      0.436330      
353      -18.626834      0.436330      
354      -18.763775      0.436330      
355      -18.699029      0.436330      
356      -18.929938      0.436330      
357      -19.647302      0.436330      
358      -19.633551      0.436330      
359      -19.463950      0.436330      
360      -18.961452      0.436330      
361      -18.489320      0.436330      
362      -18.445201      0.436330      
363      -18.818208      0.436330      
364      -19.134490      0.436330      
365      -19.372274      0.436330      
366      -19.569951      0.436330      
367      -19.157982      0.436330      
368      -18.232055      0.436330      
369      -18.100271      0.436330      
370      -18.152984      0.436330      
371      -17.974216      0.436330      
372      -18.245806      0.436330      
373      -18.692726      0.436330      
374      -18.476142      0.436330      
375      -18.637148      0.436330      
376      -19.168868      0.436330      
377      -19.328728      0.436330      
378      -19.015311      0.436330      
379      -19.517810      0.436330      
380      -20.187617      0.436330      
381      -19.951552      0.436330      
382      -20.017444      0.436330      
383      -20.796117      0.436330      
384      -20.951966      0.436330      
385      -21.008117      0.436330      
386      -21.383416      0.436330      
387      -21.252204      0.436330      
388      -21.170842      0.436330      
389      -21.004106      0.436330      
390      -21.445297      0.436330      
391      -21.564476      0.436330      
392      -21.271686      0.436330      
393      -21.409772      0.436330      
394      -21.511189      0.436330      
395      -21.437275      0.436330      
396      -21.428681      0.436330      
397      -21.836639      0.436330      
398      -21.724908      0.436330      
399      -21.798822      0.436330      
400      -21.877320      0.436330      
401      -22.603279      0.436330      
402      -23.039885      0.436330      
403      -23.522330      0.436330      
404      -23.369346      0.436330      
405      -23.286837      0.436330      
406      -23.282827      0.436330      
407      -23.106923      0.436330      
408      -23.543530      0.436330      
409      -24.340538      0.436330      
410      -24.178386      0.436330      
411      -24.716409      0.436330      
412      -25.595353      0.436330      
413      -26.004456      0.436330      
414      -25.785580      0.436330      
415      -26.188381      0.436330      
416      -26.585453      0.436330      
417      -26.573993      0.436330      
418      -26.570555      0.436330      
419      -26.652491      0.436330      
420      -27.046124      0.436330      
421      -27.147541      0.436330      
422      -27.880376      0.436330      
423      -28.275728      0.436330      
424      -28.571383      0.436330      
425      -28.575394      0.436330      
426      -28.574821      0.436330      
427      -28.636129      0.436330      
428      -28.582270      0.436330      
429      -28.523826      0.436330      
430      -28.327869      0.436330      
431      -28.464237      0.436330      
432      -28.460226      0.436330      
433      -28.575967      0.436330      
434      -28.770205      0.436330      
435      -28.689416      0.436330      
436      -28.741557      0.436330      
437      -28.706032      0.436330      
438      -28.720929      0.436330      
439      -28.787395      0.436330      
440      -28.801719      0.436330      
441      -28.520388      0.436330      
442      -28.347923      0.436330      
443      -28.108993      0.436330      
444      -27.428299      0.436330      
445      -27.186503      0.436330      
446      -26.876524      0.436330      
447      -26.547636      0.436330      
448      -26.580869      0.436330      
449      -26.535604      0.436330      
450      -26.478880      0.436330      
451      -26.451377      0.436330      
452      -26.400382      0.436330      
453      -26.563680      0.436330      
454      -26.749324      0.436330      
455      -26.709215      0.436330      
456      -26.979086      0.436330      
457      -27.223174      0.436330      
458      -27.345217      0.436330      
459      -27.573834      0.436330      
460      -28.000700      0.436330      
461      -28.501480      0.436330      
462      -28.965017      0.436330      
463      -28.884227      0.436330      
464      -28.882508      0.436330      
465      -28.941525      0.436330      
466      -29.181601      0.436330      
467      -29.582110      0.436330      
468      -29.899538      0.436330      
469      -30.021582      0.436330      
470      -30.046220      0.436330      
471      -30.301194      0.436330      
472      -30.414643      0.436330      
473      -30.513194      0.436330      
474      -30.583097      0.436330      
475      -30.571638      0.436330      
476      -30.714881      0.436330      
477      -30.841509      0.436330      
478      -30.966417      0.436330      
479      -31.144612      0.436330      
480      -31.489543      0.436330      
481      -31.553716      0.436330      
482      -31.669457      0.436330      
483      -31.886615      0.436330      
484      -32.071686      0.436330      
485      -32.410887      0.436330      
486      -32.410887      0.436330      
487      -32.328951      0.436330      
488      -32.534076      0.436330      
489      -32.911666      0.436330      
490      -33.169505      0.436330      
491      -33.483495      0.436330      
492      -34.126373      0.436330      
493      -34.574439      0.436330      
494      -34.826548      0.436330      
495      -34.887283      0.436330      
496      -35.071208      0.436330      
497      -35.322171      0.436330      
498      -35.444788      0.436330      
499      -35.673977      0.436330      
500      -36.008022      0.436330      
501      -36.134076      0.436330      
502      -36.116314      0.436330      
503      -35.859621      0.436330      
504      -35.742161      0.436330      
505      -35.531880      0.436330      
506      -35.533599      0.436330      
507      -35.282636      0.436330      
508      -35.032819      0.436330      
509      -34.595066      0.436330      
510      -33.104186      0.436330      
511      -30.290307      0.436330      
512      -27.350947      0.436330      
513      -25.247557      0.436330      
514      -24.576604      0.436330      
515      -24.142862      0.436330      
516      -23.126405      0.436330      
517      -21.850390      0.436330      
518      -20.957695      0.436330      
519      -19.580264      0.436330      
520      -17.299825      0.436330      
521      -14.834315      0.436330      
522      -13.088461      0.436330      
523      -11.110552      0.436330      
524      -9.306255      0.436330      
525      -7.330065      0.436330      
526      -5.641509      0.436330      
527      -4.698392      0.436330      
528      -2.836798      0.436330      
529      -1.455356      0.436330      
530      -0.073341      0.436330      
531      2.219704      0.436330      
532      5.073691      0.436330      
533      6.667134      0.436330      
534      8.549928      0.436330      
535      11.249212      0.436330      
536      13.739360      0.436330      
537      16.850613      0.436330      
538      20.874614      0.436330      
539      24.084418      0.436330      
540      26.349960      0.436330      
541      28.889384      0.436330      
542      32.341557      0.436330      
543      35.161738      0.436330      
544      38.098233      0.436330      
545      43.209741      0.436330      
546      46.318701      0.436330      
547      49.474646      0.436330      
548      52.378482      0.436330      
549      56.881490      0.436330      
550      59.953780      0.436330      
551      63.278179      0.436330      
552      66.854687      0.436330      
553      68.252746      0.436330      
554      68.429222      0.436330      
555      68.930575      0.436330      
556      69.775712      0.436330      
557      70.723985      0.436330      
558      71.400668      0.436330      
559      74.020882      0.436330      
