110      0.011170      1637690381506      
111      0.011570      1637690381544      
112      0.008800      1637690381578      
113      0.008630      1637690381602      
114      0.005770      1637690381632      
115      0.004370      1637690381665      
116      0.004870      1637690381694      
117      0.004050      1637690381744      
118      0.004760      1637690381780      
119      0.008450      1637690381811      
120      0.008430      1637690381842      
121      0.008450      1637690381867      
122      0.007450      1637690381900      
123      0.002230      1637690381942      
124      0.005770      1637690381977      
125      0.013730      1637690381994      
126      0.008650      1637690382045      
127      0.016830      1637690382073      
128      0.011550      1637690382101      
129      0.011490      1637690382133      
130      0.012970      1637690382175      
131      0.005680      1637690382199      
132      0.008390      1637690382229      
133      0.009210      1637690382280      
134      0.009120      1637690382309      
135      0.009280      1637690382341      
136      0.010640      1637690382373      
137      0.010980      1637690382410      
138      0.009480      1637690382440      
139      0.010610      1637690382468      
140      0.008150      1637690382500      
141      0.003180      1637690382533      
142      0.007920      1637690382563      
143      0.006800      1637690382596      
144      0.008020      1637690382644      
145      0.011880      1637690382673      
146      0.007840      1637690382705      
147      -0.001960      1637690382734      
148      -0.002360      1637690382766      
149      0.003370      1637690382798      
150      0.002270      1637690382839      
151      0.002210      1637690382865      
152      0.003860      1637690382895      
153      0.006150      1637690382944      
154      0.008310      1637690382973      
155      0.008790      1637690383002      
156      0.008880      1637690383034      
157      0.008760      1637690383066      
158      0.010120      1637690383099      
159      0.005030      1637690383131      
160      0.010940      1637690383163      
161      0.015480      1637690383211      
162      0.014590      1637690383248      
163      0.006270      1637690383274      
164      0.005930      1637690383307      
165      0.002840      1637690383339      
166      0.006440      1637690383369      
167      0.008040      1637690383401      
168      0.007590      1637690383442      
169      0.010380      1637690383474      
170      0.004440      1637690383506      
171      0.010300      1637690383545      
172      0.014540      1637690383575      
173      0.008000      1637690383611      
174      0.011040      1637690383641      
175      0.009750      1637690383677      
176      0.009130      1637690383700      
177      0.008940      1637690383733      
178      0.009100      1637690383766      
179      0.004090      1637690383798      
180      0.010920      1637690383831      
181      0.010670      1637690383884      
182      0.015320      1637690383908      
183      0.015470      1637690383939      
184      0.012370      1637690383971      
185      0.024000      1637690384002      
186      0.011930      1637690384036      
187      0.010180      1637690384076      
188      0.008370      1637690384099      
189      0.006020      1637690384130      
190      0.008970      1637690384179      
191      0.014660      1637690384210      
192      0.009460      1637690384243      
193      0.007840      1637690384282      
194      0.005810      1637690384307      
195      0.007990      1637690384335      
196      0.007690      1637690384367      
197      0.006070      1637690384400      
198      0.008610      1637690384432      
199      0.003900      1637690384475      
200      0.005750      1637690384514      
201      0.011500      1637690384542      
202      0.008300      1637690384572      
203      0.008570      1637690384603      
204      0.006830      1637690384634      
205      0.006880      1637690384668      
206      0.007330      1637690384701      
207      0.006660      1637690384732      
208      0.003250      1637690384779      
209      0.010690      1637690384811      
210      0.007110      1637690384844      
211      0.006440      1637690384877      
212      0.007280      1637690384911      
213      0.006420      1637690384943      
214      0.004470      1637690384969      
215      0.003400      1637690385000      
216      0.006420      1637690385032      
217      0.006390      1637690385091      
218      0.010510      1637690385129      
219      0.008370      1637690385163      
220      0.007890      1637690385190      
221      0.010490      1637690385223      
222      0.005780      1637690385256      
223      0.005800      1637690385292      
224      0.008550      1637690385323      
225      0.003060      1637690385355      
226      0.006910      1637690385380      
227      0.012460      1637690385412      
228      0.010040      1637690385444      
229      0.012100      1637690385478      
230      0.010000      1637690385520      
231      0.009790      1637690385540      
232      0.009780      1637690385567      
233      0.006960      1637690385599      
234      0.008970      1637690385650      
235      0.010290      1637690385680      
236      0.009790      1637690385723      
237      0.007730      1637690385741      
238      0.011320      1637690385773      
239      0.013580      1637690385805      
240      0.010090      1637690385835      
241      0.008920      1637690385866      
242      0.006900      1637690385906      
243      0.007770      1637690385949      
244      0.002050      1637690385980      
245      0.006270      1637690386012      
246      0.003670      1637690386043      
247      0.007880      1637690386074      
248      0.009470      1637690386111      
249      0.007130      1637690386136      
250      0.007730      1637690386191      
251      0.009870      1637690386217      
252      0.004360      1637690386246      
253      0.004050      1637690386276      
254      0.005710      1637690386317      
255      0.010380      1637690386344      
256      0.006920      1637690386376      
257      0.010540      1637690386402      
258      0.008930      1637690386433      
259      0.005950      1637690386488      
260      0.004960      1637690386528      
261      0.001940      1637690386560      
262      0.009220      1637690386578      
263      0.006800      1637690386610      
264      0.009720      1637690386642      
265      0.012200      1637690386672      
266      0.007180      1637690386706      
267      0.009870      1637690386758      
268      0.009700      1637690386786      
269      0.006820      1637690386822      
270      0.005750      1637690386849      
271      0.002480      1637690386881      
272      0.005980      1637690386914      
273      0.005270      1637690386944      
274      0.004900      1637690386976      
275      0.008620      1637690387008      
276      0.008190      1637690387039      
277      0.009610      1637690387083      
278      0.012000      1637690387119      
279      0.001960      1637690387160      
280      0.002870      1637690387188      
281      0.002010      1637690387213      
282      0.002080      1637690387246      
283      0.002080      1637690387276      
284      0.004340      1637690387309      
285      0.008220      1637690387362      
286      0.012040      1637690387395      
287      0.010490      1637690387421      
288      0.009590      1637690387452      
289      0.004430      1637690387482      
290      0.001850      1637690387525      
291      0.002070      1637690387562      
292      0.001540      1637690387578      
293      -0.000280      1637690387614      
294      0.002390      1637690387640      
295      0.002150      1637690387672      
296      0.005250      1637690387721      
297      0.008640      1637690387763      
298      0.006280      1637690387793      
299      0.006170      1637690387822      
300      0.001480      1637690387848      
301      0.009860      1637690387879      
302      0.007100      1637690387909      
303      0.007790      1637690387945      
304      0.009370      1637690387990      
305      0.011540      1637690388025      
306      0.000290      1637690388050      
307      0.003720      1637690388083      
308      0.005630      1637690388114      
309      0.002440      1637690388148      
310      0.003050      1637690388179      
311      0.004090      1637690388211      
312      0.006410      1637690388242      
313      0.007290      1637690388273      
314      0.003620      1637690388326      
315      0.007170      1637690388359      
316      0.004860      1637690388394      
317      0.004850      1637690388415      
318      0.004530      1637690388453      
319      0.002820      1637690388479      
320      0.004670      1637690388511      
321      0.005420      1637690388541      
322      0.006320      1637690388594      
323      0.005410      1637690388624      
324      0.002770      1637690388650      
325      0.002670      1637690388683      
326      0.001540      1637690388714      
327      0.000580      1637690388747      
328      0.003200      1637690388779      
329      0.000170      1637690388811      
330      -0.000520      1637690388844      
331      0.003380      1637690388874      
332      0.000580      1637690388906      
333      0.005950      1637690388956      
334      0.006380      1637690388995      
335      0.006630      1637690389026      
336      0.002910      1637690389048      
337      0.002330      1637690389082      
338      0.006000      1637690389113      
339      0.001990      1637690389143      
340      0.003540      1637690389177      
341      0.002740      1637690389216      
342      0.006780      1637690389262      
343      0.003330      1637690389291      
344      0.008390      1637690389317      
345      0.004130      1637690389353      
346      0.013700      1637690389395      
347      0.001250      1637690389429      
348      -0.005210      1637690389446      
349      0.013730      1637690389477      
350      -0.004660      1637690389509      
351      0.004260      1637690389541      
352      0.000680      1637690389592      
353      0.000360      1637690389628      
354      0.001610      1637690389650      
355      0.002980      1637690389681      
356      0.004570      1637690389716      
357      -0.002360      1637690389745      
358      0.008580      1637690389777      
359      -0.000660      1637690389815      
360      -0.000900      1637690389841      
361      0.000910      1637690389890      
362      0.002340      1637690389925      
363      -0.001420      1637690389951      
364      0.001600      1637690389983      
365      -0.002010      1637690390025      
366      0.003350      1637690390048      
367      0.000920      1637690390079      
368      -0.003150      1637690390111      
369      0.004060      1637690390143      
370      -0.002270      1637690390174      
371      0.001310      1637690390233      
372      0.002230      1637690390260      
373      0.002320      1637690390290      
374      -0.004840      1637690390317      
375      0.001560      1637690390348      
376      -0.007470      1637690390381      
377      -0.004880      1637690390413      
378      -0.006610      1637690390461      
379      -0.015180      1637690390491      
380      -0.006760      1637690390524      
381      -0.016830      1637690390554      
382      -0.019170      1637690390585      
383      -0.014080      1637690390624      
384      -0.016860      1637690390659      
385      -0.014030      1637690390689      
386      -0.006120      1637690390715      
387      -0.013800      1637690390746      
388      -0.010230      1637690390777      
389      -0.012900      1637690390812      
390      -0.011420      1637690390864      
391      -0.023880      1637690390889      
392      -0.014000      1637690390921      
393      -0.011960      1637690390948      
394      -0.008040      1637690390980      
395      -0.003330      1637690391020      
396      -0.013420      1637690391050      
397      -0.008920      1637690391094      
398      -0.017350      1637690391125      
399      -0.012850      1637690391157      
400      -0.011970      1637690391189      
401      -0.018870      1637690391227      
402      -0.022300      1637690391250      
403      -0.011730      1637690391280      
404      -0.027260      1637690391313      
405      -0.024040      1637690391344      
406      -0.011740      1637690391392      
407      -0.014930      1637690391424      
408      -0.009310      1637690391459      
409      -0.013260      1637690391483      
410      -0.012010      1637690391516      
411      -0.015390      1637690391547      
412      -0.008550      1637690391578      
413      -0.014850      1637690391631      
414      -0.028360      1637690391666      
415      -0.016360      1637690391690      
416      -0.016890      1637690391719      
417      -0.022870      1637690391749      
418      -0.015870      1637690391782      
419      -0.008450      1637690391814      
420      -0.020690      1637690391854      
421      -0.017710      1637690391896      
422      -0.025730      1637690391924      
423      -0.020090      1637690391958      
424      -0.020650      1637690391983      
425      -0.021860      1637690392016      
426      -0.022130      1637690392058      
427      -0.017820      1637690392106      
428      -0.014970      1637690392132      
429      -0.014470      1637690392161      
430      -0.011850      1637690392192      
431      -0.010820      1637690392224      
432      -0.008170      1637690392259      
433      -0.007730      1637690392291      
434      -0.014850      1637690392315      
435      -0.016000      1637690392349      
436      -0.019780      1637690392382      
437      -0.006410      1637690392414      
438      -0.012690      1637690392463      
439      -0.025420      1637690392494      
440      -0.012190      1637690392526      
441      -0.016800      1637690392556      
442      -0.016170      1637690392585      
443      -0.012050      1637690392617      
444      -0.012390      1637690392651      
445      -0.016540      1637690392688      
446      -0.009540      1637690392730      
447      -0.024830      1637690392761      
448      -0.015650      1637690392793      
449      -0.014910      1637690392826      
450      -0.013580      1637690392856      
451      -0.012680      1637690392894      
452      -0.008100      1637690392916      
453      -0.009410      1637690392948      
454      -0.013340      1637690392996      
455      -0.011330      1637690393028      
456      -0.009680      1637690393059      
457      -0.007260      1637690393106      
458      -0.007680      1637690393144      
459      -0.011640      1637690393175      
460      -0.008500      1637690393206      
461      -0.007840      1637690393235      
462      -0.005410      1637690393271      
463      -0.008000      1637690393311      
464      -0.004530      1637690393340      
465      -0.007940      1637690393363      
466      -0.006450      1637690393393      
467      -0.004930      1637690393425      
468      -0.011280      1637690393456      
469      -0.009680      1637690393503      
470      -0.011640      1637690393541      
471      -0.017800      1637690393574      
472      -0.011220      1637690393599      
473      -0.006200      1637690393639      
474      -0.008510      1637690393663      
475      -0.005100      1637690393706      
476      -0.010460      1637690393726      
477      -0.009850      1637690393759      
478      -0.010390      1637690393789      
479      -0.009970      1637690393821      
480      -0.010530      1637690393867      
481      -0.030860      1637690393907      
482      -0.009730      1637690393943      
483      -0.010860      1637690393962      
484      -0.011530      1637690393993      
485      -0.016020      1637690394025      
486      -0.013960      1637690394056      
487      -0.011070      1637690394088      
488      -0.010650      1637690394121      
489      -0.009430      1637690394168      
490      -0.014040      1637690394198      
491      -0.005490      1637690394231      
492      -0.009490      1637690394261      
493      -0.007030      1637690394290      
494      -0.007860      1637690394323      
495      -0.008580      1637690394358      
496      -0.008830      1637690394398      
497      -0.009610      1637690394431      
498      -0.003880      1637690394462      
499      -0.006940      1637690394494      
500      -0.009010      1637690394532      
501      -0.011390      1637690394557      
502      -0.009190      1637690394589      
503      -0.004980      1637690394621      
504      -0.008880      1637690394673      
505      -0.014420      1637690394707      
506      -0.012810      1637690394739      
507      -0.005740      1637690394774      
508      -0.010140      1637690394796      
509      -0.013170      1637690394825      
510      -0.010810      1637690394855      
511      -0.005640      1637690394888      
512      -0.006720      1637690394935      
