64      74.886647      0.087270      
65      74.214547      0.087270      
66      73.545886      0.087270      
67      72.699602      0.087270      
68      71.725545      0.087270      
69      71.224765      0.087270      
70      70.719402      0.087270      
71      69.851918      0.087270      
72      69.190132      0.087270      
73      68.836034      0.087270      
74      68.166226      0.087270      
75      67.984020      0.087270      
76      67.576062      0.087270      
77      66.891358      0.087270      
78      66.536686      0.087270      
79      66.047939      0.087270      
80      65.650294      0.087270      
81      65.344899      0.087270      
82      65.226866      0.087270      
83      64.576540      0.087270      
84      64.030495      0.087270      
85      63.667229      0.087270      
86      63.154990      0.087270      
87      62.641031      0.087270      
88      62.073786      0.087270      
89      61.640045      0.087270      
90      60.986853      0.087270      
91      60.307305      0.087270      
92      59.386535      0.087270      
93      58.549419      0.087270      
94      57.915136      0.087270      
95      57.142193      0.087270      
96      56.466656      0.087270      
97      55.756167      0.087270      
98      55.181474      0.087270      
99      54.347223      0.087270      
100      53.627566      0.087270      
101      52.999586      0.087270      
102      52.179659      0.087270      
103      51.428490      0.087270      
104      50.888747      0.087270      
105      50.336973      0.087270      
106      49.729620      0.087270      
107      49.054082      0.087270      
108      48.186599      0.087270      
109      47.491007      0.087270      
110      46.865892      0.087270      
111      46.249371      0.087270      
112      45.629986      0.087270      
113      45.313131      0.087270      
114      44.882254      0.087270      
115      44.161452      0.087270      
116      43.574725      0.087270      
117      42.961070      0.087270      
118      42.271208      0.087270      
119      41.656979      0.087270      
120      41.016966      0.087270      
121      40.051504      0.087270      
122      39.401178      0.087270      
123      38.549737      0.087270      
124      37.843833      0.087270      
125      37.057711      0.087270      
126      36.588445      0.087270      
127      35.751329      0.087270      
128      34.753207      0.087270      
129      34.150438      0.087270      
130      33.128251      0.087270      
131      32.429222      0.087270      
132      31.866561      0.087270      
133      31.149196      0.087270      
134      30.618622      0.087270      
135      30.298902      0.087270      
136      29.894382      0.087270      
137      29.468661      0.087270      
138      29.153525      0.087270      
139      28.054560      0.087270      
140      27.279325      0.087270      
141      26.731561      0.087270      
142      26.251982      0.087270      
143      25.814229      0.087270      
144      25.302562      0.087270      
145      24.692344      0.087270      
146      24.212765      0.087270      
147      23.555563      0.087270      
148      23.175680      0.087270      
149      22.545981      0.087270      
150      21.434410      0.087270      
151      20.881490      0.087270      
152      20.385294      0.087270      
153      19.622091      0.087270      
154      19.144230      0.087270      
155      18.622823      0.087270      
156      17.913481      0.087270      
157      17.429317      0.087270      
158      17.102722      0.087270      
159      16.968646      0.087270      
160      16.652936      0.087270      
161      16.501098      0.087270      
162      16.440936      0.087270      
163      16.093713      0.087270      
164      16.055324      0.087270      
165      15.829572      0.087270      
166      15.515582      0.087270      
167      15.516728      0.087270      
168      15.340251      0.087270      
169      15.111062      0.087270      
170      14.669298      0.087270      
171      13.893490      0.087270      
172      13.294732      0.087270      
173      12.694254      0.087270      
174      11.544867      0.087270      
175      10.832660      0.087270      
176      10.230463      0.087270      
177      9.985803      0.087270      
178      9.837975      0.087270      
179      9.800159      0.087270      
180      9.656343      0.087270      
181      9.357250      0.087270      
182      9.126341      0.087270      
183      9.116027      0.087270      
184      9.016903      0.087270      
185      8.866783      0.087270      
186      8.752188      0.087270      
187      8.431323      0.087270      
188      8.156868      0.087270      
189      8.038262      0.087270      
190      7.573007      0.087270      
191      7.212605      0.087270      
192      7.059621      0.087270      
193      6.943880      0.087270      
194      6.910648      0.087270      
195      6.800064      0.087270      
196      6.598950      0.087270      
197      6.490657      0.087270      
198      6.218494      0.087270      
199      6.113640      0.087270      
200      5.841477      0.087270      
201      5.381951      0.087270      
202      4.885755      0.087270      
203      4.670890      0.087270      
204      4.062391      0.087270      
205      3.526086      0.087270      
206      3.169696      0.087270      
207      3.093490      0.087270      
208      3.000095      0.087270      
209      2.979468      0.087270      
210      2.893522      0.087270      
211      2.577240      0.087270      
212      2.228299      0.087270      
213      2.060417      0.087270      
214      1.684546      0.087270      
215      1.286901      0.087270      
216      1.204966      0.087270      
217      0.884673      0.087270      
218      0.479007      0.087270      
219      0.385612      0.087270      
220      0.000573      0.087270      
221      -0.099698      0.087270      
222      -0.288206      0.087270      
223      -0.507083      0.087270      
224      -0.684705      0.087270      
225      -0.861181      0.087270      
226      -0.986089      0.087270      
227      -1.114436      0.087270      
228      -1.265128      0.087270      
229      -1.624383      0.087270      
230      -1.878784      0.087270      
231      -2.348623      0.087270      
232      -2.552029      0.087270      
233      -2.906128      0.087270      
234      -3.834920      0.087270      
235      -4.187299      0.087270      
236      -4.312781      0.087270      
237      -4.653127      0.087270      
238      -5.003788      0.087270      
239      -5.120102      0.087270      
240      -5.505141      0.087270      
241      -5.870126      0.087270      
242      -6.118797      0.087270      
243      -6.432787      0.087270      
244      -6.646506      0.087270      
245      -7.112908      0.087270      
246      -7.410855      0.087270      
247      -7.730002      0.087270      
248      -7.868088      0.087270      
249      -7.988413      0.087270      
250      -8.225625      0.087270      
251      -8.298965      0.087270      
252      -8.509247      0.087270      
253      -8.679421      0.087270      
254      -9.074773      0.087270      
255      -9.216871      0.087270      
256      -9.641445      0.087270      
257      -9.692440      0.087270      
258      -9.911889      0.087270      
259      -10.237339      0.087270      
260      -10.519242      0.087270      
261      -11.004552      0.087270      
262      -11.213688      0.087270      
263      -11.507624      0.087270      
264      -11.881203      0.087270      
265      -12.414070      0.087270      
266      -12.511475      0.087270      
267      -12.991628      0.087270      
268      -13.234569      0.087270      
269      -13.456884      0.087270      
270      -14.217221      0.087270      
271      -14.775298      0.087270      
272      -15.222792      0.087270      
273      -15.902340      0.087270      
274      -16.271335      0.087270      
275      -16.511412      0.087270      
276      -16.667834      0.087270      
277      -16.701066      0.087270      
278      -16.880407      0.087270      
279      -17.115327      0.087270      
280      -17.323890      0.087270      
281      -17.516409      0.087270      
282      -17.491198      0.087270      
283      -17.714086      0.087270      
284      -17.721534      0.087270      
285      -17.782270      0.087270      
286      -17.975935      0.087270      
287      -17.935254      0.087270      
288      -17.902021      0.087270      
289      -18.028649      0.087270      
290      -18.087665      0.087270      
291      -18.185644      0.087270      
292      -18.249244      0.087270      
293      -18.268152      0.087270      
294      -18.586153      0.087270      
295      -18.716218      0.087270      
296      -18.783829      0.087270      
297      -19.321280      0.087270      
298      -19.677670      0.087270      
299      -19.784816      0.087270      
300      -20.537705      0.087270      
301      -20.978895      0.087270      
302      -20.970874      0.087270      
303      -21.083750      0.087270      
304      -21.291740      0.087270      
305      -21.189750      0.087270      
306      -21.490562      0.087270      
307      -21.491708      0.087270      
308      -21.752411      0.087270      
309      -21.780487      0.087270      
310      -21.821168      0.087270      
311      -22.036607      0.087270      
312      -22.412478      0.087270      
313      -22.594111      0.087270      
314      -22.580360      0.087270      
315      -22.893204      0.087270      
316      -22.905809      0.087270      
317      -23.250167      0.087270      
318      -23.835747      0.087270      
319      -24.183543      0.087270      
320      -24.058634      0.087270      
321      -24.201305      0.087270      
322      -24.196721      0.087270      
323      -24.304441      0.087270      
324      -24.607544      0.087270      
325      -24.448830      0.087270      
326      -24.594939      0.087270      
327      -24.529047      0.087270      
328      -24.369760      0.087270      
329      -24.487219      0.087270      
330      -24.334808      0.087270      
331      -24.262040      0.087270      
332      -24.078689      0.087270      
333      -22.925863      0.087270      
334      -21.763871      0.087270      
335      -19.511507      0.087270      
336      -16.589909      0.087270      
337      -13.758841      0.087270      
338      -12.879898      0.087270      
339      -9.085087      0.087270      
340      -6.648225      0.087270      
341      -5.381951      0.087270      
342      -2.428840      0.087270      
343      -0.198822      0.087270      
344      1.174025      0.087270      
345      2.227726      0.087270      
346      3.873882      0.087270      
347      5.536654      0.087270      
348      7.220627      0.087270      
349      8.529301      0.087270      
350      9.664937      0.087270      
351      11.297915      0.087270      
352      12.717746      0.087270      
353      13.918701      0.087270      
354      14.701385      0.087270      
355      16.410568      0.087270      
356      17.168041      0.087270      
357      18.523126      0.087270      
358      20.011141      0.087270      
359      21.838930      0.087270      
360      23.274232      0.087270      
361      25.226930      0.087270      
362      27.255833      0.087270      
363      28.762184      0.087270      
364      29.859430      0.087270      
365      31.134299      0.087270      
366      32.326086      0.087270      
367      33.629031      0.087270      
368      34.792742      0.087270      
369      36.883527      0.087270      
370      38.460353      0.087270      
371      40.761993      0.087270      
372      42.620723      0.087270      
373      44.277192      0.087270      
374      45.467261      0.087270      
375      48.259940      0.087270      
376      49.507305      0.087270      
377      51.014802      0.087270      
378      52.898170      0.087270      
379      54.561515      0.087270      
380      56.324558      0.087270      
381      59.176253      0.087270      
382      59.910234      0.087270      
383      60.743912      0.087270      
384      61.619417      0.087270      
385      62.402674      0.087270      
386      63.146395      0.119600      
387      64.801146      0.168270      
388      65.986631      0.207430      
389      67.656279      0.274420      
390      69.434219      0.323380      
391      70.577304      0.362290      
392      72.163298      0.409770      
393      73.368837      0.436330      
394      74.586981      0.436330      
