74      0.015430      1640798457878      
75      0.008350      1640798457908      
76      0.011440      1640798457940      
77      0.010810      1640798457972      
78      0.010150      1640798458004      
79      0.006950      1640798458040      
80      0.007130      1640798458082      
81      0.016710      1640798458111      
82      0.008910      1640798458143      
83      0.007820      1640798458175      
84      0.008510      1640798458207      
85      0.013100      1640798458238      
86      0.010020      1640798458269      
87      0.006620      1640798458314      
88      0.012730      1640798458346      
89      0.009290      1640798458377      
90      0.006920      1640798458408      
91      0.006670      1640798458440      
92      0.006370      1640798458472      
93      0.009340      1640798458502      
94      0.010260      1640798458549      
95      0.018730      1640798458579      
96      0.008860      1640798458610      
97      0.011530      1640798458640      
98      0.009870      1640798458671      
99      0.012340      1640798458703      
100      0.011150      1640798458735      
101      0.008990      1640798458783      
102      0.015530      1640798458814      
103      0.011260      1640798458846      
104      0.006940      1640798458876      
105      0.005070      1640798458908      
106      0.004930      1640798458940      
107      0.006060      1640798458971      
108      0.004000      1640798459016      
109      0.015650      1640798459048      
110      0.014130      1640798459078      
111      0.010890      1640798459109      
112      0.010410      1640798459140      
113      0.010710      1640798459172      
114      0.009620      1640798459203      
115      0.011300      1640798459253      
116      0.011890      1640798459283      
117      0.011230      1640798459314      
118      0.009060      1640798459345      
119      0.005940      1640798459376      
120      0.009050      1640798459406      
121      0.007100      1640798459438      
122      0.014470      1640798459484      
123      0.015980      1640798459515      
124      0.015490      1640798459547      
125      0.013240      1640798459578      
126      0.007460      1640798459608      
127      0.007150      1640798459639      
128      0.009900      1640798459672      
129      0.007620      1640798459703      
130      0.012660      1640798459751      
131      0.018470      1640798459783      
132      0.009020      1640798459815      
133      0.009010      1640798459848      
134      0.008570      1640798459877      
135      0.006560      1640798459907      
136      0.008240      1640798459942      
137      0.012360      1640798459984      
138      0.013340      1640798460016      
139      0.007840      1640798460047      
140      0.006930      1640798460076      
141      0.009070      1640798460107      
142      0.009160      1640798460140      
143      0.009880      1640798460186      
144      0.013860      1640798460215      
145      0.014820      1640798460246      
146      0.011050      1640798460277      
147      0.012660      1640798460309      
148      0.008400      1640798460340      
149      0.007800      1640798460371      
150      0.010350      1640798460418      
151      0.013660      1640798460448      
152      0.009060      1640798460479      
153      0.013380      1640798460510      
154      0.006430      1640798460542      
155      0.009420      1640798460574      
156      0.008240      1640798460605      
157      0.010370      1640798460654      
158      0.018100      1640798460685      
159      0.014820      1640798460715      
160      0.012050      1640798460748      
161      0.005730      1640798460779      
162      0.005650      1640798460809      
163      0.002500      1640798460839      
164      0.002550      1640798460886      
165      0.003810      1640798460917      
166      0.002050      1640798460948      
167      0.001340      1640798460978      
168      0.001930      1640798461008      
169      0.002020      1640798461054      
170      0.001780      1640798461086      
171      0.001450      1640798461118      
172      0.000910      1640798461150      
173      0.001030      1640798461182      
174      0.004750      1640798461214      
175      0.004260      1640798461246      
176      -0.000010      1640798461279      
177      0.006200      1640798461309      
178      0.005410      1640798461344      
179      0.004900      1640798461374      
180      0.006370      1640798461421      
181      0.013240      1640798461453      
182      0.005890      1640798461484      
183      0.007220      1640798461517      
184      0.007520      1640798461549      
185      0.006910      1640798461579      
186      0.002650      1640798461611      
187      0.008230      1640798461643      
188      0.009210      1640798461675      
189      0.008810      1640798461707      
190      0.009480      1640798461753      
191      0.008490      1640798461784      
192      0.004720      1640798461814      
193      0.003330      1640798461846      
194      0.007530      1640798461876      
195      0.005420      1640798461935      
196      0.002770      1640798461952      
197      0.005770      1640798461983      
198      -0.000100      1640798462014      
199      -0.001340      1640798462048      
200      0.002030      1640798462076      
201      0.001310      1640798462123      
202      0.001490      1640798462154      
203      0.001690      1640798462185      
204      0.000300      1640798462216      
205      -0.000420      1640798462246      
206      0.001080      1640798462278      
207      -0.000670      1640798462308      
208      -0.001620      1640798462357      
209      0.002160      1640798462388      
210      0.000510      1640798462419      
211      0.003970      1640798462450      
212      0.001600      1640798462481      
213      0.005000      1640798462512      
214      0.008430      1640798462542      
215      0.002200      1640798462588      
216      0.008130      1640798462619      
217      0.006720      1640798462650      
218      0.005070      1640798462682      
219      0.006690      1640798462714      
220      0.007580      1640798462748      
221      0.006820      1640798462777      
222      0.008580      1640798462810      
223      0.003750      1640798462858      
224      0.005730      1640798462889      
225      0.002010      1640798462921      
226      0.002830      1640798462953      
227      0.003750      1640798462985      
228      -0.000260      1640798463016      
229      0.000270      1640798463047      
230      -0.002250      1640798463077      
231      -0.000070      1640798463123      
232      0.002560      1640798463155      
233      -0.001070      1640798463187      
234      0.003090      1640798463219      
235      0.000080      1640798463249      
236      -0.001880      1640798463279      
237      0.004480      1640798463325      
238      0.002760      1640798463357      
239      0.008110      1640798463389      
240      0.011690      1640798463420      
241      0.000470      1640798463453      
242      0.001690      1640798463483      
243      0.002410      1640798463514      
244      0.003870      1640798463546      
245      0.004350      1640798463591      
246      0.005350      1640798463622      
247      0.004130      1640798463651      
248      0.005170      1640798463682      
249      0.001500      1640798463714      
250      -0.000220      1640798463744      
251      0.001570      1640798463791      
252      -0.002520      1640798463821      
253      0.004160      1640798463852      
254      0.005350      1640798463884      
255      0.002650      1640798463916      
256      0.004320      1640798463959      
257      0.000180      1640798463993      
258      0.000290      1640798464023      
259      0.001280      1640798464056      
260      -0.000770      1640798464088      
261      0.001740      1640798464119      
262      0.001420      1640798464151      
263      0.003770      1640798464182      
264      0.005460      1640798464213      
265      0.003800      1640798464259      
266      0.007800      1640798464290      
267      0.004690      1640798464321      
268      0.001500      1640798464351      
269      0.000830      1640798464382      
270      0.000710      1640798464412      
271      -0.000240      1640798464454      
272      0.000200      1640798464485      
273      -0.000010      1640798464516      
274      0.001550      1640798464546      
275      -0.000130      1640798464576      
276      0.001890      1640798464608      
277      0.003980      1640798464655      
278      0.001420      1640798464686      
279      0.003110      1640798464718      
