53      74.710743      0.087270      
54      74.400191      0.087270      
55      73.938946      0.087270      
56      73.364253      0.087270      
57      72.721375      0.087270      
58      72.065319      0.087270      
59      71.569696      0.087270      
60      71.406971      0.087270      
61      71.092981      0.087270      
62      70.778418      0.087270      
63      70.543498      0.087270      
64      70.163043      0.087270      
65      69.805507      0.087270      
66      69.469171      0.087270      
67      69.134554      0.087270      
68      68.773007      0.087270      
69      68.602833      0.087270      
70      68.338119      0.087270      
71      67.957664      0.087270      
72      67.631068      0.087270      
73      67.031736      0.087270      
74      66.810568      0.087270      
75      66.420372      0.087270      
76      66.112112      0.087270      
77      65.857138      0.087270      
78      65.646284      0.087270      
79      65.256661      0.087270      
80      64.904281      0.087270      
81      64.381728      0.087270      
82      63.749737      0.087270      
83      63.478147      0.087270      
84      62.733280      0.087270      
85      62.370587      0.087270      
86      61.859494      0.087270      
87      61.440076      0.087270      
88      61.299125      0.087270      
89      60.935859      0.087270      
90      60.080980      0.087270      
91      58.910966      0.087270      
92      57.860131      0.087270      
93      56.973166      0.087270      
94      56.204807      0.087270      
95      55.763616      0.087270      
96      55.456502      0.087270      
97      55.300653      0.087270      
98      54.675537      0.087270      
99      54.244660      0.087270      
100      54.033233      0.087270      
101      53.748464      0.087270      
102      53.628139      0.087270      
103      53.306701      0.087270      
104      53.129651      0.087270      
105      52.905045      0.087270      
106      52.626007      0.087270      
107      52.183670      0.087270      
108      51.730447      0.087270      
109      51.486360      0.087270      
110      50.985007      0.087270      
111      50.625752      0.087270      
112      50.257902      0.087270      
113      50.028712      0.087270      
114      49.525641      0.087270      
115      49.288429      0.087270      
116      48.807130      0.087270      
117      48.483400      0.087270      
118      48.081744      0.087270      
119      47.334585      0.087270      
120      46.836097      0.087270      
121      46.428712      0.087270      
122      45.718797      0.087270      
123      44.842718      0.087270      
124      44.502944      0.087270      
125      43.458985      0.087270      
126      42.845902      0.087270      
127      42.284386      0.087270      
128      41.784180      0.087270      
129      41.463314      0.087270      
130      41.162502      0.087270      
131      41.068534      0.087270      
132      40.802674      0.087270      
133      40.487538      0.087270      
134      40.343148      0.087270      
135      40.209072      0.087270      
136      39.968423      0.087270      
137      39.476237      0.087270      
138      38.950247      0.087270      
139      38.297056      0.087270      
140      37.719497      0.087270      
141      37.246793      0.087270      
142      36.612510      0.087270      
143      36.042973      0.087270      
144      35.800032      0.087270      
145      35.368009      0.087270      
146      35.121057      0.087270      
147      34.720548      0.087270      
148      33.754512      0.087270      
149      33.163202      0.087270      
150      32.594238      0.087270      
151      31.823014      0.087270      
152      30.952093      0.087270      
153      30.257648      0.087270      
154      29.909852      0.087270      
155      29.868025      0.087270      
156      29.618781      0.087270      
157      29.568359      0.087270      
158      29.330575      0.087270      
159      28.929492      0.087270      
160      28.632691      0.087270      
161      28.341047      0.087270      
162      27.988668      0.087270      
163      27.652905      0.087270      
164      27.474710      0.087270      
165      27.132644      0.087270      
166      27.138946      0.087270      
167      26.799745      0.087270      
168      26.522426      0.087270      
169      26.454815      0.087270      
170      26.418717      0.087270      
171      26.403247      0.087270      
172      26.370014      0.087270      
173      26.258857      0.087270      
174      26.129938      0.087270      
175      25.927105      0.087270      
176      25.776413      0.087270      
177      25.485914      0.087270      
178      25.234951      0.087270      
179      24.474614      0.087270      
180      23.809963      0.087270      
181      23.510298      0.087270      
182      22.937896      0.087270      
183      22.384975      0.087270      
184      22.302467      0.087270      
185      22.191310      0.087270      
186      21.593124      0.087270      
187      21.176572      0.087270      
188      20.769760      0.087270      
189      19.615789      0.087270      
190      19.149960      0.087270      
191      18.391342      0.087270      
192      17.451663      0.087270      
193      16.691326      0.087270      
194      16.296546      0.087270      
195      16.259876      0.087270      
196      16.077097      0.087270      
197      16.068502      0.087270      
198      15.969378      0.087270      
199      15.266338      0.087270      
200      14.878434      0.087270      
201      14.743785      0.087270      
202      14.592519      0.087270      
203      14.747223      0.087270      
204      14.751233      0.087270      
205      14.884164      0.087270      
206      14.811969      0.087270      
207      14.848639      0.087270      
208      14.725450      0.087270      
209      14.602260      0.087270      
210      14.311189      0.087270      
211      13.906096      0.087270      
212      13.857393      0.087270      
213      13.668311      0.087270      
214      12.943498      0.087270      
215      12.409486      0.087270      
216      12.290307      0.087270      
217      11.873755      0.087270      
218      11.266974      0.087270      
219      10.908292      0.087270      
220      10.664205      0.087270      
221      10.311826      0.087270      
222      10.123890      0.087270      
223      10.069457      0.087270      
224      10.149674      0.087270      
225      10.172593      0.087270      
226      10.087792      0.087270      
227      10.102690      0.087270      
228      9.909024      0.087270      
229      9.573834      0.087270      
230      9.609359      0.087270      
231      9.376158      0.087270      
232      9.422569      0.087270      
233      9.404807      0.087270      
234      9.362979      0.087270      
235      9.192806      0.087270      
236      8.578577      0.087270      
237      8.098997      0.087270      
238      8.147127      0.087270      
239      8.066338      0.087270      
240      8.068057      0.087270      
241      7.771256      0.087270      
242      7.759796      0.087270      
243      7.759796      0.087270      
244      7.335222      0.087270      
245      7.059048      0.087270      
246      6.983989      0.087270      
247      6.947891      0.087270      
248      6.732453      0.087270      
249      6.370906      0.087270      
250      6.160051      0.087270      
251      6.134840      0.087270      
252      6.201305      0.087270      
253      6.282095      0.087270      
254      6.362884      0.087270      
255      6.314181      0.087270      
256      6.359446      0.087270      
257      6.360019      0.087270      
258      6.196721      0.087270      
259      6.260894      0.087270      
260      6.001910      0.087270      
261      6.082126      0.087270      
262      6.056343      0.087270      
263      5.542384      0.087270      
264      4.960815      0.087270      
265      4.947636      0.087270      
266      4.896642      0.087270      
267      4.726468      0.087270      
268      4.672036      0.087270      
269      4.591246      0.087270      
270      4.422792      0.087270      
271      4.330543      0.087270      
272      4.372943      0.087270      
273      4.157504      0.087270      
274      4.058953      0.087270      
275      3.981028      0.087270      
276      3.767309      0.087270      
277      3.500875      0.087270      
278      3.490562      0.087270      
279      3.226420      0.087270      
280      3.102658      0.087270      
281      3.110107      0.087270      
282      3.040204      0.087270      
283      2.992647      0.087270      
284      3.011555      0.087270      
285      3.035047      0.087270      
286      3.127296      0.087270      
287      3.155945      0.087270      
288      2.949101      0.087270      
289      2.848830      0.087270      
290      2.805284      0.087270      
291      2.676365      0.087270      
292      2.615629      0.087270      
293      2.314245      0.087270      
294      2.044374      0.087270      
295      2.021455      0.087270      
296      1.782524      0.087270      
297      1.559064      0.087270      
298      0.998695      0.087270      
299      0.880089      0.087270      
300      0.871495      0.087270      
301      0.676110      0.087270      
302      0.415407      0.087270      
303      0.344358      0.087270      
304      0.011459      0.087270      
305      -0.197103      0.087270      
306      -0.351806      0.087270      
307      -0.958014      0.087270      
308      -1.449053      0.087270      
309      -1.497183      0.087270      
310      -1.588286      0.087270      
311      -1.567086      0.087270      
312      -1.644437      0.087270      
313      -1.806016      0.087270      
314      -1.835811      0.087270      
315      -1.885087      0.087270      
316      -1.864460      0.087270      
317      -1.884514      0.087270      
318      -2.110839      0.087270      
319      -2.701003      0.087270      
320      -2.949674      0.087270      
321      -3.101512      0.087270      
322      -3.382843      0.087270      
323      -3.912271      0.087270      
324      -3.899666      0.087270      
325      -3.904823      0.087270      
326      -3.890498      0.087270      
327      -4.199905      0.087270      
328      -4.148337      0.087270      
329      -4.218813      0.087270      
330      -4.244597      0.087270      
331      -4.245742      0.087270      
332      -4.380965      0.087270      
333      -4.785485      0.087270      
334      -4.807831      0.087270      
335      -5.089734      0.087270      
336      -5.397995      0.087270      
337      -5.592233      0.087270      
338      -6.123381      0.087270      
339      -6.562279      0.087270      
340      -7.061913      0.087270      
341      -6.982270      0.087270      
342      -6.988572      0.087270      
343      -7.187968      0.087270      
344      -7.148432      0.087270      
345      -7.150724      0.087270      
346      -7.259016      0.087270      
347      -7.325481      0.087270      
348      -8.203279      0.087270      
349      -8.816362      0.087270      
350      -8.773389      0.087270      
351      -8.740729      0.087270      
352      -9.050135      0.087270      
353      -9.148114      0.087270      
354      -9.019768      0.087270      
355      -9.018049      0.087270      
356      -9.035238      0.087270      
357      -9.043260      0.087270      
358      -9.124622      0.087270      
359      -9.199682      0.087270      
360      -9.189941      0.087270      
361      -9.493045      0.087270      
362      -10.922044      0.087270      
363      -11.073882      0.087270      
364      -11.199363      0.087270      
365      -11.681808      0.087270      
366      -11.849117      0.087270      
367      -11.843960      0.087270      
368      -11.763743      0.087270      
369      -11.754576      0.087270      
370      -11.826771      0.087270      
371      -11.977463      0.087270      
372      -12.160242      0.087270      
373      -12.226134      0.087270      
374      -12.229572      0.087270      
375      -12.219258      0.087270      
376      -12.380837      0.087270      
377      -12.339583      0.087270      
378      -12.550438      0.087270      
379      -13.149196      0.087270      
380      -13.262645      0.087270      
381      -13.346873      0.087270      
382      -13.706701      0.087270      
383      -14.048194      0.087270      
384      -14.022410      0.087270      
385      -13.955945      0.087270      
386      -13.856247      0.087270      
387      -13.973134      0.087270      
388      -13.984593      0.087270      
389      -14.048194      0.087270      
390      -14.208053      0.087270      
391      -14.290562      0.087270      
392      -14.283113      0.087270      
393      -14.278529      0.087270      
394      -14.444692      0.087270      
395      -14.439535      0.087270      
396      -14.479643      0.087270      
397      -14.346713      0.087270      
398      -14.411459      0.087270      
399      -14.518033      0.087270      
400      -14.539233      0.087270      
401      -14.542671      0.087270      
402      -14.525481      0.087270      
403      -14.366194      0.087270      
404      -14.364476      0.087270      
405      -14.452141      0.087270      
406      -14.459016      0.087270      
407      -14.379373      0.087270      
408      -14.389686      0.087270      
409      -14.394270      0.087270      
410      -14.385103      0.087270      
411      -14.257902      0.087270      
412      -14.175394      0.087270      
413      -14.227535      0.087270      
414      -14.186280      0.087270      
415      -14.303740      0.087270      
416      -14.240140      0.087270      
417      -14.013242      0.087270      
418      -13.849371      0.087270      
419      -12.940633      0.087270      
420      -11.002833      0.087270      
421      -7.537482      0.087270      
422      -4.264078      0.087270      
423      -0.714499      0.087270      
424      0.705905      0.087270      
425      2.259812      0.087270      
426      4.569473      0.087270      
427      5.970396      0.087270      
428      6.545090      0.087270      
429      8.606080      0.087270      
430      10.916314      0.087270      
431      13.425370      0.087270      
432      15.875983      0.087270      
433      18.095687      0.087270      
434      20.298201      0.087270      
435      22.761420      0.087270      
436      23.926277      0.087270      
437      26.702340      0.087270      
438      28.103263      0.087270      
439      30.353907      0.087270      
440      32.410887      0.087270      
441      33.874837      0.087270      
442      36.850867      0.087270      
443      38.465510      0.087270      
444      40.032596      0.087270      
445      41.481076      0.087270      
446      43.481331      0.087270      
447      44.642750      0.087270      
448      45.167022      0.087270      
449      45.840840      0.087270      
450      46.262550      0.087270      
451      47.018876      0.087270      
452      48.232437      0.087270      
453      48.913704      0.087270      
454      49.727901      0.087270      
455      50.708260      0.087270      
456      52.134394      0.087270      
457      54.245233      0.087270      
458      54.959733      0.087270      
459      55.528696      0.087270      
460      56.360656      0.087270      
461      56.766322      0.087270      
462      57.220691      0.087270      
463      57.474519      0.087270      
464      57.918001      0.087270      
465      58.665160      0.087270      
466      59.194016      0.087270      
467      59.501130      0.087270      
468      60.629317      0.087270      
469      61.537482      0.087270      
470      62.589464      0.087270      
471      63.356677      0.087270      
472      63.903295      0.087270      
473      64.032214      0.087270      
474      64.877352      0.087270      
475      65.343180      0.087270      
476      65.472672      0.087270      
477      66.740092      0.087270      
478      67.309056      0.087270      
479      67.680344      0.087270      
480      68.736336      0.087270      
481      70.001464      0.087270      
482      70.884991      0.087270      
483      71.532453      0.087270      
484      72.200541      0.087270      
485      72.905873      0.087270      
486      73.923476      0.087270      
487      74.851122      0.087270      
