51      74.487283      0.436330      
52      74.146363      0.436330      
53      73.308101      0.436330      
54      72.794143      0.436330      
55      72.064173      0.436330      
56      71.302117      0.436330      
57      71.003597      0.436330      
58      70.986408      0.436330      
59      70.876970      0.436330      
60      70.349833      0.436330      
61      69.998599      0.436330      
62      70.036416      0.436330      
63      69.747636      0.436330      
64      69.089289      0.436330      
65      68.773007      0.436330      
66      68.439535      0.436330      
67      68.083718      0.436330      
68      67.726182      0.436330      
69      66.405475      0.436330      
70      65.495018      0.436330      
71      65.084768      0.436330      
72      64.628108      0.436330      
73      63.901003      0.436330      
74      62.608945      0.436330      
75      61.646347      0.436330      
76      60.798918      0.436330      
77      59.713131      0.436330      
78      59.105205      0.436330      
79      58.623906      0.436330      
80      57.589113      0.436330      
81      57.157664      0.436330      
82      55.844979      0.436330      
83      54.516823      0.436330      
84      53.102149      0.436330      
85      52.412860      0.436330      
86      51.831864      0.436330      
87      51.651377      0.436330      
88      51.654815      0.436330      
89      51.392392      0.436330      
90      51.383225      0.436330      
91      51.603247      0.436330      
92      51.211332      0.436330      
93      50.634920      0.436330      
94      50.123253      0.436330      
95      49.591533      0.436330      
96      49.459749      0.436330      
97      49.222537      0.436330      
98      48.891358      0.436330      
99      48.765876      0.436330      
100      48.940633      0.436330      
101      48.542989      0.436330      
102      48.069712      0.436330      
103      47.505332      0.436330      
104      46.624097      0.436330      
105      45.643164      0.436330      
106      45.380742      0.436330      
107      44.176349      0.436330      
108      42.526755      0.436330      
109      41.232405      0.436330      
110      41.518319      0.436330      
111      41.931434      0.436330      
112      42.130256      0.436330      
113      42.511857      0.436330      
114      42.838453      0.436330      
115      42.606398      0.436330      
116      42.258030      0.436330      
117      42.241986      0.436330      
118      42.051759      0.436330      
119      42.039153      0.436330      
120      41.880439      0.436330      
121      41.649530      0.436330      
122      41.442114      0.436330      
123      41.414611      0.436330      
124      41.141875      0.436330      
125      40.994620      0.436330      
126      40.782620      0.436330      
127      40.364348      0.436330      
128      40.194175      0.436330      
129      39.497438      0.436330      
130      38.920452      0.436330      
131      38.611619      0.436330      
132      38.497597      0.436330      
133      37.428999      0.436330      
134      36.825084      0.436330      
135      36.607353      0.436330      
136      36.396498      0.436330      
137      35.736432      0.436330      
138      34.888429      0.436330      
139      34.047302      0.436330      
140      33.857075      0.436330      
141      32.960942      0.436330      
142      32.335254      0.436330      
143      31.247748      0.436330      
144      31.144612      0.436330      
145      31.209932      0.436330      
146      30.883909      0.436330      
147      30.615757      0.436330      
148      30.606016      0.436330      
149      30.605443      0.436330      
150      30.597995      0.436330      
151      30.591692      0.436330      
152      30.510902      0.436330      
153      30.820882      0.436330      
154      30.968136      0.436330      
155      30.674200      0.436330      
156      30.565908      0.436330      
157      30.779055      0.436330      
158      30.538978      0.436330      
159      30.714881      0.436330      
160      30.687952      0.436330      
161      30.277129      0.436330      
162      30.006685      0.436330      
163      29.752284      0.436330      
164      29.657743      0.436330      
165      28.987363      0.436330      
166      28.732389      0.436330      
167      28.480853      0.436330      
168      28.619513      0.436330      
169      27.754894      0.436330      
170      27.367563      0.436330      
171      27.680407      0.436330      
172      27.662072      0.436330      
173      27.426580      0.436330      
174      27.345790      0.436330      
175      27.593315      0.436330      
176      27.907878      0.436330      
177      27.824224      0.436330      
178      27.517683      0.436330      
179      27.376158      0.436330      
180      27.136654      0.436330      
181      26.734426      0.436330      
182      25.984402      0.436330      
183      25.628585      0.436330      
184      25.800477      0.436330      
185      25.940283      0.436330      
186      25.835429      0.436330      
187      25.661245      0.436330      
188      25.496801      0.436330      
189      25.005189      0.436330      
190      23.673022      0.436330      
191      23.144167      0.436330      
192      23.211205      0.436330      
193      23.293140      0.436330      
194      23.035875      0.436330      
195      22.939042      0.436330      
196      22.793506      0.436330      
197      22.284705      0.436330      
198      22.040045      0.436330      
199      21.633233      0.436330      
200      21.859558      0.436330      
201      21.868152      0.436330      
202      21.704281      0.436330      
203      21.764444      0.436330      
204      21.451027      0.436330      
205      21.037339      0.436330      
206      21.029317      0.436330      
207      20.632819      0.436330      
208      20.512494      0.436330      
209      19.922330      0.436330      
210      19.826070      0.436330      
211      19.505777      0.436330      
212      19.110998      0.436330      
213      18.781537      0.436330      
214      17.716378      0.436330      
215      17.520420      0.436330      
216      17.582301      0.436330      
217      17.421296      0.436330      
218      17.249403      0.436330      
219      16.989846      0.436330      
220      16.789877      0.436330      
221      16.458125      0.436330      
222      15.886296      0.436330      
223      14.786185      0.436330      
224      14.402865      0.436330      
225      14.515741      0.436330      
226      14.728314      0.436330      
227      14.466465      0.436330      
228      14.184562      0.436330      
229      13.697533      0.436330      
230      13.154926      0.436330      
231      13.249467      0.436330      
232      13.271813      0.436330      
233      13.134872      0.436330      
234      13.567468      0.436330      
235      13.482668      0.436330      
236      13.219672      0.436330      
237      13.295305      0.436330      
238      13.278116      0.436330      
239      13.158364      0.436330      
240      12.956104      0.436330      
241      13.001369      0.436330      
242      12.706287      0.436330      
243      12.603151      0.436330      
244      12.420945      0.436330      
245      12.478816      0.436330      
246      12.297756      0.436330      
247      11.871463      0.436330      
248      12.076015      0.436330      
249      11.802706      0.436330      
250      11.300780      0.436330      
251      11.277861      0.436330      
252      10.782238      0.436330      
253      10.170874      0.436330      
254      10.276874      0.436330      
255      10.003565      0.436330      
256      10.049976      0.436330      
257      9.856884      0.436330      
258      9.883240      0.436330      
259      9.824224      0.436330      
260      9.329174      0.436330      
261      8.981951      0.436330      
262      8.866783      0.436330      
263      8.917205      0.436330      
264      8.584307      0.436330      
265      7.833710      0.436330      
266      7.918510      0.436330      
267      7.823969      0.436330      
268      6.503836      0.436330      
269      5.685055      0.436330      
270      6.046602      0.436330      
271      6.428776      0.436330      
272      6.731307      0.436330      
273      7.130097      0.436330      
274      7.194843      0.436330      
275      7.359287      0.436330      
276      7.221200      0.436330      
277      6.885437      0.436330      
278      6.480917      0.436330      
279      6.474614      0.436330      
280      6.461436      0.436330      
281      6.481490      0.436330      
282      6.202451      0.436330      
283      6.221359      0.436330      
284      6.074678      0.436330      
285      5.920548      0.436330      
286      5.494254      0.436330      
287      4.758555      0.436330      
288      4.906955      0.436330      
289      4.739074      0.436330      
290      4.406175      0.436330      
291      4.528219      0.436330      
292      4.280121      0.436330      
293      4.101353      0.436330      
294      3.999363      0.436330      
295      4.066974      0.436330      
296      4.140888      0.436330      
297      4.046920      0.436330      
298      4.208499      0.436330      
299      4.210218      0.436330      
300      3.653287      0.436330      
301      3.458475      0.436330      
302      3.660162      0.436330      
303      3.411491      0.436330      
304      3.398313      0.436330      
305      3.349037      0.436330      
306      3.444724      0.436330      
307      2.892949      0.436330      
308      2.187617      0.436330      
309      2.113131      0.436330      
310      2.408786      0.436330      
311      2.334872      0.436330      
312      2.411078      0.436330      
313      2.289607      0.436330      
314      1.976763      0.436330      
315      2.205380      0.436330      
316      1.998536      0.436330      
317      1.450772      0.436330      
318      1.681681      0.436330      
319      1.775649      0.436330      
320      1.788254      0.436330      
321      2.117141      0.436330      
322      1.952698      0.436330      
323      1.864460      0.436330      
324      1.810600      0.436330      
325      1.576826      0.436330      
326      1.431864      0.436330      
327      1.292058      0.436330      
328      1.380296      0.436330      
329      1.390037      0.436330      
330      1.476556      0.436330      
331      1.583129      0.436330      
332      1.708038      0.436330      
333      1.802578      0.436330      
334      1.674232      0.436330      
335      1.683973      0.436330      
336      1.385453      0.436330      
337      1.371128      0.436330      
338      0.813624      0.436330      
339      0.067038      0.436330      
340      -0.017189      0.436330      
341      0.143817      0.436330      
342      0.392488      0.436330      
343      0.423428      0.436330      
344      0.385612      0.436330      
345      0.417699      0.436330      
346      0.497915      0.436330      
347      0.591883      0.436330      
348      0.269871      0.436330      
349      0.402801      0.436330      
350      0.183925      0.436330      
351      0.120898      0.436330      
352      0.212574      0.436330      
353      0.293936      0.436330      
354      0.217730      0.436330      
355      0.207417      0.436330      
356      0.273882      0.436330      
357      0.020627      0.436330      
358      -0.325450      0.436330      
359      -0.327742      0.436330      
360      -0.480153      0.436330      
361      -0.733981      0.436330      
362      -0.888111      0.436330      
363      -0.897851      0.436330      
364      -0.987808      0.436330      
365      -1.015884      0.436330      
366      -1.669648      0.436330      
367      -1.914308      0.436330      
368      -2.388731      0.436330      
369      -2.469521      0.436330      
370      -2.628808      0.436330      
371      -2.891803      0.436330      
372      -2.835079      0.436330      
373      -3.257361      0.436330      
374      -3.008117      0.436330      
375      -3.160528      0.436330      
376      -3.229285      0.436330      
377      -3.358778      0.436330      
378      -3.424097      0.436330      
379      -3.348464      0.436330      
380      -3.485405      0.436330      
381      -3.810855      0.436330      
382      -3.744963      0.436330      
383      -3.685373      0.436330      
384      -3.939201      0.436330      
385      -3.930033      0.436330      
386      -3.608595      0.436330      
387      -3.570205      0.436330      
388      -3.552443      0.436330      
389      -3.850390      0.436330      
390      -3.762152      0.436330      
391      -3.887060      0.436330      
392      -4.072131      0.436330      
393      -3.970715      0.436330      
394      -3.836066      0.436330      
395      -3.984466      0.436330      
396      -3.910552      0.436330      
397      -4.061245      0.436330      
398      -4.464046      0.436330      
399      -4.599841      0.436330      
400      -4.534522      0.436330      
401      -4.480662      0.436330      
402      -4.686360      0.436330      
403      -4.759128      0.436330      
404      -4.833042      0.436330      
405      -4.907528      0.436330      
406      -4.921280      0.436330      
407      -4.936750      0.436330      
408      -4.866847      0.436330      
409      -4.934458      0.436330      
410      -4.924145      0.436330      
411      -5.074264      0.436330      
412      -5.136145      0.436330      
413      -5.211778      0.436330      
414      -5.281108      0.436330      
415      -5.358459      0.436330      
416      -5.288556      0.436330      
417      -5.304600      0.436330      
418      -5.319497      0.436330      
419      -5.415184      0.436330      
420      -5.564730      0.436330      
421      -5.484514      0.436330      
422      -5.484514      0.436330      
423      -5.551552      0.436330      
424      -5.709120      0.436330      
425      -5.857520      0.436330      
426      -5.914245      0.436330      
427      -5.977272      0.436330      
428      -6.197294      0.436330      
429      -6.272354      0.436330      
430      -6.276365      0.436330      
431      -6.423619      0.436330      
432      -6.426484      0.436330      
433      -6.343403      0.436330      
434      -6.419608      0.436330      
435      -6.408722      0.436330      
436      -6.419035      0.436330      
437      -6.488365      0.436330      
438      -6.560560      0.436330      
439      -6.484355      0.436330      
440      -6.475760      0.436330      
441      -6.628171      0.436330      
442      -6.697501      0.436330      
443      -6.769696      0.436330      
444      -6.689480      0.436330      
445      -6.967945      0.436330      
446      -7.196562      0.436330      
447      -7.185103      0.436330      
448      -7.266465      0.436330      
449      -7.335222      0.436330      
450      -7.476747      0.436330      
451      -7.457266      0.436330      
452      -7.821105      0.436330      
453      -7.895591      0.436330      
454      -7.966067      0.436330      
455      -8.041700      0.436330      
456      -8.113895      0.436330      
457      -8.098424      0.436330      
458      -8.242814      0.436330      
459      -8.176922      0.436330      
460      -8.242814      0.436330      
461      -8.359701      0.436330      
462      -8.423874      0.436330      
463      -8.408977      0.436330      
464      -8.305841      0.436330      
465      -8.442209      0.436330      
466      -8.419863      0.436330      
467      -8.403820      0.436330      
468      -8.516123      0.436330      
469      -8.516123      0.436330      
470      -8.503517      0.436330      
471      -8.631864      0.436330      
472      -8.559096      0.436330      
473      -8.555658      0.436330      
474      -8.611810      0.436330      
475      -8.816362      0.436330      
476      -9.015184      0.436330      
477      -9.299379      0.436330      
478      -9.494764      0.436330      
479      -9.483304      0.436330      
480      -9.616234      0.436330      
481      -9.526850      0.436330      
482      -9.359542      0.436330      
483      -9.355531      0.436330      
484      -9.424861      0.436330      
485      -9.424861      0.436330      
486      -9.560083      0.436330      
487      -9.491326      0.436330      
488      -9.561802      0.436330      
489      -9.557791      0.436330      
490      -9.628267      0.436330      
491      -9.541748      0.436330      
492      -9.620245      0.436330      
493      -9.682699      0.436330      
494      -9.889543      0.436330      
495      -10.031068      0.436330      
496      -10.100398      0.436330      
497      -10.240204      0.436330      
498      -10.230463      0.436330      
499      -10.152539      0.436330      
500      -10.292344      0.436330      
501      -10.355372      0.436330      
502      -10.578259      0.436330      
503      -10.789113      0.436330      
504      -10.771351      0.436330      
505      -10.912303      0.436330      
506      -10.973611      0.436330      
507      -11.050963      0.436330      
508      -11.122012      0.436330      
509      -11.273850      0.436330      
510      -11.351202      0.436330      
511      -11.617062      0.436330      
512      -11.824479      0.436330      
513      -11.961420      0.436330      
514      -11.879484      0.436330      
515      -12.093777      0.436330      
516      -12.380837      0.436330      
517      -12.520070      0.436330      
518      -12.638676      0.436330      
519      -12.696546      0.436330      
520      -12.910839      0.436330      
521      -13.033455      0.436330      
522      -13.225975      0.436330      
523      -13.445424      0.436330      
524      -13.287856      0.436330      
525      -13.289575      0.436330      
526      -13.299316      0.436330      
527      -13.313067      0.436330      
528      -13.384116      0.436330      
529      -13.459176      0.436330      
530      -13.535954      0.436330      
531      -13.769155      0.436330      
532      -13.914117      0.436330      
533      -13.988031      0.436330      
534      -14.123253      0.436330      
535      -14.266497      0.436330      
536      -14.194302      0.436330      
537      -14.268216      0.436330      
538      -14.214356      0.436330      
539      -14.144453      0.436330      
540      -14.172529      0.436330      
541      -14.276237      0.436330      
542      -14.598249      0.436330      
543      -14.762120      0.436330      
544      -14.788477      0.436330      
545      -14.868120      0.436330      
546      -14.882445      0.436330      
547      -14.821709      0.436330      
548      -14.907656      0.436330      
549      -14.986153      0.436330      
550      -14.992456      0.436330      
551      -15.210759      0.436330      
552      -15.665701      0.436330      
553      -15.760815      0.436330      
554      -15.758523      0.436330      
555      -15.751647      0.436330      
556      -15.819831      0.436330      
557      -15.734458      0.436330      
558      -15.886296      0.436330      
559      -15.958491      0.436330      
560      -15.897183      0.436330      
561      -15.747064      0.436330      
562      -15.656534      0.436330      
563      -15.729301      0.436330      
564      -15.731020      0.436330      
565      -15.659398      0.436330      
566      -15.730447      0.436330      
567      -15.659398      0.436330      
568      -15.653096      0.436330      
569      -15.513863      0.436330      
570      -15.521311      0.436330      
571      -15.378641      0.436330      
572      -15.306446      0.436330      
573      -15.304727      0.436330      
574      -15.307592      0.436330      
575      -15.312749      0.436330      
576      -15.170651      0.436330      
577      -15.105332      0.436330      
578      -15.046315      0.436330      
579      -15.116791      0.436330      
580      -15.125959      0.436330      
581      -15.115645      0.436330      
582      -14.977558      0.436330      
583      -15.057202      0.436330      
584      -15.132835      0.436330      
585      -15.001623      0.436330      
586      -14.935731      0.436330      
587      -14.814834      0.436330      
588      -14.998759      0.436330      
589      -15.050326      0.436330      
590      -15.073818      0.436330      
591      -15.096164      0.436330      
592      -14.884164      0.436330      
593      -14.896196      0.436330      
594      -14.980423      0.436330      
595      -15.110489      0.436330      
596      -14.972975      0.436330      
597      -15.129397      0.436330      
598      -15.405571      0.436330      
599      -15.277224      0.436330      
600      -15.078402      0.436330      
601      -14.799936      0.436330      
602      -14.428649      0.436330      
603      -14.203470      0.436330      
604      -14.264778      0.436330      
605      -14.276810      0.436330      
606      -14.431514      0.436330      
607      -14.231545      0.436330      
608      -14.432087      0.436330      
609      -14.628617      0.436330      
610      -14.503708      0.436330      
611      -14.740920      0.436330      
612      -15.196435      0.436330      
613      -15.337960      0.436330      
614      -15.735031      0.436330      
615      -16.291389      0.436330      
616      -16.541206      0.436330      
617      -17.012192      0.436330      
618      -17.052300      0.436330      
619      -17.085532      0.436330      
620      -17.718096      0.436330      
621      -18.053287      0.436330      
622      -18.048703      0.436330      
623      -17.953016      0.436330      
624      -17.768518      0.436330      
625      -17.529015      0.436330      
626      -17.621264      0.436330      
627      -17.441350      0.436330      
628      -17.402387      0.436330      
629      -17.746172      0.436330      
630      -17.934108      0.436330      
631      -17.973643      0.436330      
632      -18.242941      0.436330      
633      -18.294509      0.436330      
634      -18.204552      0.436330      
635      -18.483018      0.436330      
636      -18.649753      0.436330      
637      -18.628553      0.436330      
638      -18.923062      0.436330      
639      -18.994684      0.436330      
640      -19.420404      0.436330      
641      -19.849562      0.436330      
642      -19.903995      0.436330      
643      -20.089639      0.436330      
644      -20.301066      0.436330      
645      -20.512494      0.436330      
646      -20.428267      0.436330      
647      -20.326277      0.436330      
648      -20.074168      0.436330      
649      -19.836384      0.436330      
650      -19.618081      0.436330      
651      -19.470826      0.436330      
652      -19.104122      0.436330      
653      -18.729970      0.436330      
654      -18.206271      0.436330      
655      -17.617826      0.436330      
656      -16.733726      0.436330      
657      -15.324781      0.436330      
658      -14.069967      0.436330      
659      -13.019131      0.436330      
660      -12.143626      0.436330      
661      -11.185039      0.436330      
662      -10.385739      0.436330      
663      -9.749737      0.436330      
664      -8.823237      0.436330      
665      -7.713385      0.436330      
666      -6.820691      0.436330      
667      -4.097915      0.436330      
668      -2.565781      0.436330      
669      -1.051982      0.436330      
670      1.211841      0.436330      
671      4.527073      0.436330      
672      7.177654      0.436330      
673      9.938819      0.436330      
674      14.160497      0.436330      
675      16.762948      0.436330      
676      19.096101      0.436330      
677      23.469043      0.436330      
678      26.733280      0.436330      
679      28.192074      0.436330      
680      30.309788      0.436330      
681      33.909788      0.436330      
682      35.443642      0.436330      
683      36.254974      0.436330      
684      37.796276      0.436330      
685      38.945663      0.436330      
686      40.431959      0.436330      
687      41.744071      0.436330      
688      43.994143      0.436330      
689      45.435174      0.436330      
690      46.381155      0.436330      
691      47.940220      0.436330      
692      50.699666      0.436330      
693      52.353844      0.436330      
694      53.266592      0.436330      
695      56.325704      0.436330      
696      59.841477      0.436330      
697      61.611396      0.436330      
698      63.934808      0.436330      
699      66.432978      0.436330      
700      67.954226      0.436330      
701      69.570014      0.436330      
702      71.598345      0.436330      
703      72.728251      0.436330      
704      73.758459      0.436330      
705      74.415088      0.436330      
