35      0.406230      0.008785      0.123955      1.325505      -1.003579      0.997717      
36      0.406620      0.009815      0.123065      1.329458      -0.995801      0.989920      
37      0.406800      0.010265      0.122655      1.331172      -0.992407      0.986517      
38      0.407230      0.011105      0.122005      1.334136      -0.986504      0.980600      
39      0.407580      0.011705      0.121515      1.336909      -0.980944      0.975026      
40      0.407960      0.012115      0.121025      1.340816      -0.973043      0.967107      
41      0.408260      0.012495      0.120675      1.344491      -0.965545      0.959591      
42      0.408520      0.012795      0.120375      1.347710      -0.958917      0.952947      
43      0.408780      0.013055      0.120065      1.352762      -0.948409      0.942414      
44      0.409120      0.013375      0.119425      1.362668      -0.927393      0.921351      
45      0.409380      0.013615      0.118935      1.369299      -0.913013      0.906938      
46      0.409520      0.013735      0.118685      1.372517      -0.905938      0.899847      
47      0.409840      0.014055      0.118125      1.377373      -0.895139      0.889025      
48      0.410220      0.014455      0.117315      1.381353      -0.886176      0.880043      
49      0.410640      0.014925      0.116325      1.387818      -0.871390      0.865225      
50      0.411110      0.015415      0.115405      1.392679      -0.860081      0.853892      
51      0.411630      0.015865      0.114555      1.395132      -0.854309      0.848108      
52      0.412140      0.016315      0.113975      1.396371      -0.851376      0.845169      
53      0.412850      0.016955      0.113025      1.395876      -0.852549      0.846345      
54      0.413280      0.017335      0.112295      1.396760      -0.850454      0.844245      
55      0.413480      0.017525      0.111965      1.397109      -0.849624      0.843413      
56      0.413900      0.017925      0.111165      1.397910      -0.847719      0.841504      
57      0.414350      0.018355      0.110345      1.399852      -0.843077      0.836853      
58      0.414840      0.018765      0.109595      1.402493      -0.836717      0.830480      
59      0.415410      0.019285      0.108935      1.403438      -0.834429      0.828188      
60      0.416030      0.019855      0.108215      1.405272      -0.829966      0.823715      
61      0.416580      0.020465      0.107595      1.408248      -0.822669      0.816404      
62      0.417160      0.021105      0.106915      1.409071      -0.820638      0.814369      
63      0.417990      0.021895      0.105835      1.412970      -0.810937      0.804648      
64      0.418260      0.022135      0.105495      1.414834      -0.806252      0.799954      
65      0.418750      0.022575      0.104745      1.417638      -0.799149      0.792837      
66      0.419280      0.023055      0.103905      1.421012      -0.790504      0.784176      
67      0.419750      0.023445      0.103175      1.424818      -0.780630      0.774283      
68      0.420300      0.023805      0.102405      1.427915      -0.772487      0.766125      
69      0.420870      0.024365      0.101425      1.430729      -0.765008      0.758632      
70      0.421720      0.025175      0.099805      1.435975      -0.750843      0.744441      
71      0.422270      0.025715      0.098735      1.439700      -0.740604      0.734184      
72      0.422540      0.026025      0.098195      1.441363      -0.735982      0.729553      
73      0.423090      0.026585      0.097185      1.442977      -0.731465      0.725028      
74      0.423740      0.027185      0.096175      1.444806      -0.726310      0.719864      
75      0.424300      0.027705      0.095315      1.447204      -0.719492      0.713034      
76      0.424900      0.028265      0.094395      1.448830      -0.714825      0.708359      
77      0.425600      0.028895      0.093345      1.453409      -0.701508      0.695019      
78      0.425910      0.029185      0.092995      1.457415      -0.689629      0.683120      
79      0.426100      0.029365      0.092735      1.460980      -0.678867      0.672340      
80      0.426140      0.029405      0.092675      1.464322      -0.668607      0.662063      
81      0.426150      0.029415      0.092685      1.468472      -0.655625      0.649060      
82      0.426130      0.029395      0.092665      1.470833      -0.648115      0.641539      
83      0.426050      0.029385      0.092675      1.474008      -0.637868      0.631276      
84      0.425990      0.029405      0.092635      1.477785      -0.625444      0.618833      
85      0.425980      0.029425      0.092625      1.481177      -0.614057      0.607428      
86      0.425910      0.029505      0.092645      1.486075      -0.597206      0.590553      
87      0.425820      0.029615      0.092645      1.495149      -0.564580      0.557881      
88      0.425780      0.029615      0.092645      1.500348      -0.544959      0.538233      
89      0.425760      0.029615      0.092635      1.503152      -0.534063      0.527323      
90      0.425800      0.029595      0.092595      1.507508      -0.516661      0.509898      
91      0.425810      0.029585      0.092595      1.511978      -0.498142      0.491356      
92      0.425800      0.029605      0.092575      1.514654      -0.486704      0.479904      
93      0.425800      0.029615      0.092525      1.515151      -0.484549      0.477747      
94      0.425750      0.029565      0.092485      1.515888      -0.481337      0.474530      
95      0.425640      0.029465      0.092285      1.516828      -0.477205      0.470394      
96      0.425590      0.029425      0.092135      1.517534      -0.474077      0.467263      
97      0.425570      0.029395      0.092015      1.517754      -0.473097      0.466281      
98      0.425480      0.029295      0.091595      1.518399      -0.470217      0.463398      
99      0.425460      0.029085      0.091125      1.518662      -0.469034      0.462214      
100      0.425470      0.028855      0.090655      1.519402      -0.465695      0.458871      
101      0.425570      0.028575      0.090195      1.520860      -0.459047      0.452215      
102      0.425670      0.028365      0.089895      1.521631      -0.455489      0.448652      
103      0.425800      0.028265      0.089725      1.522082      -0.453394      0.446555      
104      0.426000      0.028285      0.089515      1.523238      -0.447981      0.441136      
105      0.426350      0.028525      0.089025      1.524724      -0.440923      0.434071      
106      0.426700      0.028755      0.088415      1.526726      -0.431222      0.424359      
107      0.426800      0.028845      0.088145      1.527708      -0.426381      0.419513      
108      0.427050      0.029075      0.087415      1.529084      -0.419505      0.412630      
109      0.427230      0.029265      0.086725      1.530648      -0.411544      0.404660      
110      0.427290      0.029315      0.086205      1.531658      -0.406318      0.399429      
111      0.427310      0.029315      0.085825      1.532455      -0.402145      0.395251      
112      0.427340      0.029235      0.085465      1.534063      -0.393586      0.386683      
113      0.427370      0.029235      0.085045      1.536629      -0.379521      0.372605      
114      0.427410      0.029245      0.084495      1.538809      -0.367145      0.360217      
115      0.427500      0.029155      0.084045      1.540555      -0.356913      0.349975      
116      0.427600      0.029015      0.083905      1.541554      -0.350928      0.343986      
117      0.427620      0.028915      0.083895      1.542094      -0.347646      0.340701      
118      0.427620      0.028805      0.083885      1.543248      -0.340527      0.333575      
119      0.427680      0.028715      0.083885      1.544297      -0.333922      0.326965      
120      0.427680      0.028685      0.083865      1.544639      -0.331742      0.324782      
121      0.427740      0.028605      0.083855      1.545238      -0.327887      0.320924      
122      0.427880      0.028475      0.083835      1.546745      -0.317973      0.311001      
123      0.427980      0.028355      0.083845      1.547078      -0.315744      0.308771      
124      0.428120      0.028135      0.083815      1.548050      -0.309135      0.302156      
125      0.428170      0.028025      0.083795      1.548997      -0.302556      0.295572      
126      0.428420      0.027715      0.083805      1.549626      -0.298105      0.291117      
127      0.428600      0.027575      0.083795      1.550472      -0.292009      0.285017      
128      0.428650      0.027585      0.083815      1.550475      -0.291986      0.284994      
129      0.428710      0.027515      0.083785      1.550624      -0.290898      0.283905      
130      0.428620      0.027435      0.083725      1.551362      -0.285459      0.278462      
131      0.428600      0.027415      0.083685      1.551581      -0.283823      0.276825      
132      0.428530      0.027385      0.083665      1.552377      -0.277796      0.270794      
133      0.428470      0.027355      0.083595      1.552872      -0.273976      0.266971      
134      0.428430      0.027315      0.083475      1.553147      -0.271839      0.264832      
135      0.428360      0.027235      0.083395      1.553490      -0.269138      0.262129      
136      0.428270      0.027175      0.083355      1.554037      -0.264785      0.257773      
137      0.428170      0.027085      0.083245      1.554503      -0.261011      0.253996      
138      0.428070      0.026975      0.083135      1.554697      -0.259429      0.252413      
139      0.427830      0.026915      0.082995      1.555347      -0.254041      0.247021      
140      0.427710      0.026825      0.082925      1.555994      -0.248574      0.241551      
141      0.427640      0.026805      0.082905      1.556313      -0.245825      0.238799      
142      0.427490      0.026795      0.082845      1.557611      -0.234333      0.227300      
143      0.427310      0.026835      0.082765      1.558266      -0.228308      0.221271      
144      0.427170      0.026845      0.082745      1.558614      -0.225040      0.218001      
145      0.427040      0.026965      0.082735      1.559077      -0.220628      0.213586      
146      0.426890      0.027115      0.082755      1.559527      -0.216248      0.209203      
147      0.426610      0.027395      0.082775      1.559968      -0.211866      0.204819      
148      0.426470      0.027545      0.082775      1.560400      -0.207485      0.200435      
149      0.426420      0.027565      0.082815      1.560670      -0.204702      0.197650      
150      0.426350      0.027615      0.082835      1.561806      -0.192551      0.185492      
151      0.426310      0.027595      0.082895      1.562544      -0.184232      0.177168      
152      0.426320      0.027515      0.083055      1.563251      -0.175896      0.168828      
153      0.426330      0.027505      0.083205      1.563527      -0.172531      0.165462      
154      0.426390      0.027495      0.083205      1.564055      -0.165904      0.158831      
155      0.426390      0.027475      0.083205      1.564227      -0.163700      0.156626      
156      0.426460      0.027345      0.083165      1.564269      -0.163151      0.156076      
157      0.426470      0.027285      0.083185      1.564437      -0.160955      0.153879      
158      0.426490      0.027205      0.083185      1.564520      -0.159856      0.152780      
159      0.426610      0.026995      0.083165      1.564560      -0.159323      0.152247      
160      0.426750      0.026765      0.083105      1.564602      -0.158758      0.151682      
161      0.426780      0.026645      0.083055      1.564477      -0.160421      0.153345      
162      0.426800      0.026425      0.082955      1.564387      -0.161606      0.154530      
163      0.426930      0.025975      0.082735      1.564427      -0.161080      0.154005      
164      0.426900      0.025865      0.082705      1.564384      -0.161645      0.154570      
165      0.426890      0.025645      0.082645      1.564589      -0.158931      0.151854      
166      0.426850      0.025595      0.082555      1.564792      -0.156201      0.149123      
167      0.426800      0.025555      0.082455      1.564789      -0.156240      0.149162      
168      0.426840      0.025465      0.082455      1.565150      -0.151267      0.144186      
169      0.426860      0.025425      0.082385      1.565496      -0.146348      0.139265      
170      0.427130      0.025215      0.082075      1.565385      -0.147932      0.140851      
171      0.427220      0.025185      0.082045      1.565768      -0.142354      0.135270      
172      0.427220      0.025235      0.082095      1.565805      -0.141805      0.134720      
173      0.427250      0.025225      0.082105      1.565805      -0.141797      0.134712      
174      0.427320      0.025255      0.082135      1.565957      -0.139514      0.132428      
175      0.427330      0.025355      0.082165      1.565885      -0.140597      0.133511      
176      0.427320      0.025345      0.082175      1.565993      -0.138957      0.131871      
177      0.427300      0.025305      0.082235      1.566209      -0.135638      0.128550      
178      0.427300      0.025245      0.082265      1.566245      -0.135065      0.127977      
179      0.427330      0.025215      0.082265      1.566386      -0.132852      0.125764      
180      0.427320      0.025185      0.082245      1.566490      -0.131181      0.124092      
181      0.427290      0.025155      0.082225      1.566558      -0.130083      0.122993      
182      0.427230      0.025095      0.082255      1.566824      -0.125688      0.118596      
183      0.427190      0.025025      0.082215      1.566887      -0.124613      0.117521      
184      0.427190      0.024875      0.082115      1.566822      -0.125712      0.118620      
185      0.427200      0.024685      0.082005      1.566854      -0.125178      0.118086      
186      0.427220      0.024555      0.081955      1.566856      -0.125139      0.118047      
187      0.427130      0.024475      0.081965      1.566954      -0.123475      0.116382      
188      0.427130      0.024425      0.081955      1.566923      -0.124009      0.116916      
189      0.427110      0.024435      0.081945      1.567115      -0.120697      0.113603      
190      0.427090      0.024425      0.081945      1.567178      -0.119591      0.112496      
191      0.427100      0.024405      0.081955      1.567211      -0.119002      0.111907      
192      0.427080      0.024415      0.081925      1.567363      -0.116279      0.109183      
193      0.427040      0.024325      0.081905      1.567483      -0.114081      0.106985      
194      0.427050      0.024165      0.081915      1.567453      -0.114623      0.107526      
195      0.426990      0.024095      0.081865      1.567512      -0.113532      0.106435      
196      0.426870      0.023995      0.081825      1.567600      -0.111892      0.104794      
197      0.426730      0.023865      0.081805      1.567657      -0.110816      0.103718      
198      0.426590      0.023745      0.081875      1.567912      -0.105848      0.098748      
199      0.426520      0.023685      0.081895      1.567993      -0.104239      0.097139      
200      0.426470      0.023535      0.081855      1.568100      -0.102057      0.094956      
201      0.426510      0.023355      0.081855      1.568413      -0.095385      0.088281      
202      0.426560      0.023225      0.081815      1.568511      -0.093195      0.086090      
203      0.426630      0.023145      0.081815      1.568537      -0.092606      0.085502      
204      0.426660      0.023125      0.081805      1.568511      -0.093195      0.086090      
205      0.426750      0.023025      0.081845      1.568489      -0.093697      0.086593      
206      0.426770      0.023005      0.081895      1.568516      -0.093101      0.085996      
207      0.426790      0.023015      0.081985      1.568636      -0.090353      0.083248      
208      0.426920      0.023005      0.082015      1.568684      -0.089223      0.082117      
209      0.426960      0.023035      0.082055      1.568778      -0.086993      0.079887      
210      0.427060      0.022955      0.082065      1.568778      -0.086986      0.079879      
211      0.427130      0.022905      0.082065      1.568848      -0.085298      0.078191      
212      0.427080      0.022865      0.082055      1.568847      -0.085306      0.078198      
213      0.427050      0.022755      0.082005      1.568867      -0.084819      0.077712      
214      0.427090      0.022585      0.081965      1.569000      -0.081459      0.074350      
215      0.427080      0.022545      0.081955      1.569020      -0.080949      0.073840      
216      0.427070      0.022525      0.081935      1.569020      -0.080957      0.073848      
217      0.427110      0.022395      0.081905      1.569126      -0.078170      0.071060      
218      0.427200      0.022215      0.081895      1.569289      -0.073695      0.066584      
219      0.427190      0.022175      0.081865      1.569421      -0.069879      0.062767      
220      0.427260      0.022025      0.081855      1.569566      -0.065396      0.058282      
221      0.427290      0.021985      0.081885      1.569619      -0.063700      0.056586      
222      0.427250      0.021945      0.081955      1.569751      -0.059272      0.052156      
223      0.427230      0.021895      0.082025      1.569766      -0.058754      0.051638      
224      0.427220      0.021805      0.082075      1.569797      -0.057654      0.050539      
225      0.427240      0.021685      0.082095      1.569857      -0.055456      0.048339      
226      0.427270      0.021595      0.082085      1.569886      -0.054349      0.047232      
227      0.427330      0.021465      0.082125      1.569973      -0.050972      0.043855      
228      0.427250      0.021425      0.082195      1.569973      -0.050972      0.043855      
229      0.427180      0.021355      0.082175      1.570026      -0.048774      0.041656      
230      0.427090      0.021345      0.082165      1.570052      -0.047682      0.040564      
231      0.426830      0.021275      0.082135      1.570075      -0.046693      0.039574      
232      0.426740      0.021205      0.082135      1.570124      -0.044502      0.037383      
233      0.426610      0.021095      0.082135      1.570158      -0.042924      0.035804      
234      0.426560      0.020985      0.082065      1.570180      -0.041848      0.034728      
235      0.426460      0.020945      0.082025      1.570180      -0.041864      0.034744      
236      0.426400      0.020915      0.082005      1.570169      -0.042390      0.035270      
237      0.426270      0.020805      0.081975      1.570325      -0.034176      0.027054      
238      0.426130      0.020675      0.082015      1.570324      -0.034208      0.027086      
239      0.426070      0.020605      0.082035      1.570342      -0.033116      0.025994      
240      0.426040      0.020595      0.082095      1.570361      -0.032001      0.024879      
241      0.426060      0.020565      0.082105      1.570395      -0.029794      0.022672      
242      0.426100      0.020595      0.082105      1.570442      -0.026473      0.019349      
243      0.426130      0.020645      0.082135      1.570485      -0.023143      0.016019      
244      0.426130      0.020645      0.082135      1.570522      -0.019829      0.012704      
245      0.426120      0.020625      0.082115      1.570527      -0.019334      0.012209      
246      0.426080      0.020545      0.082065      1.570527      -0.019350      0.012225      
247      0.426070      0.020525      0.082055      1.570521      -0.019868      0.012743      
248      0.426030      0.020535      0.082035      1.570532      -0.018777      0.011652      
249      0.426010      0.020565      0.082005      1.570548      -0.017167      0.010041      
250      0.425990      0.020585      0.082005      1.570543      -0.017677      0.010552      
251      0.425960      0.020595      0.082005      1.570543      -0.017669      0.010544      
252      0.425890      0.020545      0.081975      1.570563      -0.015486      0.008360      
253      0.425810      0.020445      0.081945      1.570580      -0.013295      0.006169      
254      0.425750      0.020375      0.081925      1.570595      -0.011104      0.003978      
255      0.425740      0.020355      0.081915      1.570608      -0.008897      0.001770      
256      0.425680      0.020305      0.081895      1.570623      -0.005607      -0.001521      
257      0.425600      0.020235      0.081835      1.570627      -0.004531      -0.002597      
258      0.425560      0.020095      0.081775      1.570632      -0.002952      -0.004176      
259      0.425600      0.019945      0.081755      1.570632      -0.002858      -0.004270      
260      0.425540      0.019935      0.081835      1.570636      -0.000651      -0.006477      
261      0.425500      0.019895      0.081955      1.570638      0.000464      -0.007592      
262      0.425500      0.019855      0.081935      1.570638      0.004281      -0.011410      
263      0.425520      0.019835      0.081935      1.570636      0.005985      -0.013114      
264      0.425510      0.019855      0.081925      1.570621      0.011506      -0.018636      
265      0.425460      0.019855      0.081895      1.570598      0.015912      -0.023042      
266      0.425440      0.019835      0.081925      1.570584      0.018126      -0.025257      
267      0.425430      0.019805      0.081925      1.570602      0.015307      -0.022438      
268      0.425460      0.019775      0.081825      1.570614      0.013084      -0.020215      
269      0.425410      0.019735      0.081835      1.570614      0.013069      -0.020199      
270      0.425340      0.019655      0.081795      1.570617      0.012448      -0.019579      
271      0.425300      0.019605      0.081755      1.570624      0.010823      -0.017953      
272      0.425130      0.019455      0.081685      1.570619      0.011883      -0.019013      
273      0.424980      0.019325      0.081675      1.570619      0.011844      -0.018974      
274      0.424800      0.019145      0.081565      1.570622      0.011176      -0.018306      
275      0.424680      0.018835      0.081435      1.570615      0.012817      -0.019948      
276      0.424600      0.018555      0.081315      1.570615      0.012747      -0.019877      
277      0.424500      0.018255      0.081185      1.570618      0.012181      -0.019311      
278      0.424410      0.017995      0.081055      1.570615      0.012739      -0.019869      
279      0.424280      0.017815      0.080945      1.570610      0.013791      -0.020922      
280      0.424220      0.017575      0.080885      1.570587      0.017687      -0.024818      
281      0.424290      0.017395      0.080875      1.570564      0.020640      -0.027771      
282      0.424260      0.017365      0.080925      1.570550      0.022226      -0.029357      
283      0.424270      0.017335      0.080985      1.570546      0.022721      -0.029852      
284      0.424350      0.017295      0.081015      1.570560      0.021142      -0.028273      
285      0.424380      0.017265      0.081005      1.570540      0.023357      -0.030488      
286      0.424450      0.017195      0.081005      1.570534      0.023969      -0.031101      
287      0.424450      0.017085      0.081045      1.570516      0.025697      -0.032829      
288      0.424460      0.017035      0.081055      1.570504      0.026797      -0.033929      
289      0.424450      0.017015      0.080995      1.570479      0.028996      -0.036128      
290      0.424440      0.016985      0.081015      1.570444      0.031689      -0.038822      
291      0.424430      0.016905      0.080995      1.570414      0.033888      -0.041021      
292      0.424390      0.016875      0.080945      1.570414      0.033873      -0.041005      
293      0.424350      0.016825      0.080915      1.570414      0.033865      -0.040998      
294      0.424290      0.016805      0.080905      1.570381      0.036056      -0.043189      
295      0.424260      0.016735      0.080875      1.570364      0.037148      -0.044281      
296      0.424250      0.016675      0.080875      1.570364      0.037148      -0.044281      
297      0.424250      0.016645      0.080905      1.570300      0.040941      -0.048074      
298      0.424320      0.016605      0.080915      1.570309      0.040462      -0.047595      
299      0.424380      0.016625      0.080935      1.570269      0.042684      -0.049818      
300      0.424390      0.016655      0.080965      1.570182      0.047114      -0.054247      
301      0.424410      0.016665      0.080965      1.570182      0.047114      -0.054247      
302      0.424430      0.016685      0.080985      1.570122      0.049949      -0.057082      
303      0.424390      0.016735      0.081045      1.570086      0.051559      -0.058692      
304      0.424410      0.016715      0.081045      1.570061      0.052658      -0.059792      
305      0.424420      0.016725      0.081075      1.570035      0.053773      -0.060907      
306      0.424410      0.016735      0.081085      1.570035      0.053773      -0.060907      
307      0.424440      0.016755      0.081085      1.570008      0.054881      -0.062015      
308      0.424430      0.016815      0.081075      1.570023      0.054260      -0.061394      
309      0.424390      0.016795      0.081065      1.570049      0.053153      -0.060287      
310      0.424390      0.016745      0.081095      1.570075      0.052046      -0.059179      
311      0.424390      0.016755      0.081085      1.570171      0.047624      -0.054758      
312      0.424390      0.016755      0.081085      1.570171      0.047624      -0.054758      
313      0.424380      0.016755      0.081095      1.570161      0.048111      -0.055245      
314      0.424400      0.016735      0.081095      1.570194      0.046525      -0.053658      
315      0.424430      0.016765      0.081085      1.570158      0.048252      -0.055386      
316      0.424330      0.016855      0.081105      1.570100      0.050954      -0.058088      
317      0.424290      0.016825      0.081155      1.570100      0.050946      -0.058080      
318      0.424240      0.016765      0.081205      1.570100      0.050946      -0.058080      
319      0.424190      0.016725      0.081155      1.570038      0.053624      -0.060758      
320      0.424180      0.016665      0.081155      1.570064      0.052509      -0.059643      
321      0.424180      0.016665      0.081155      1.570050      0.053129      -0.060263      
322      0.424160      0.016665      0.081175      1.570039      0.053616      -0.060750      
323      0.424150      0.016665      0.081195      1.570039      0.053616      -0.060750      
324      0.424160      0.016675      0.081205      1.570064      0.052517      -0.059651      
325      0.424130      0.016625      0.081275      1.570078      0.051904      -0.059038      
326      0.424150      0.016455      0.081445      1.570111      0.050459      -0.057593      
327      0.424130      0.016485      0.081555      1.570171      0.047648      -0.054781      
328      0.424120      0.016485      0.081515      1.570161      0.048127      -0.055260      
329      0.424080      0.016475      0.081485      1.570161      0.048111      -0.055245      
330      0.424070      0.016465      0.081465      1.570161      0.048103      -0.055237      
331      0.424020      0.016425      0.081445      1.570162      0.048095      -0.055229      
332      0.423960      0.016375      0.081455      1.570138      0.049195      -0.056328      
333      0.423920      0.016335      0.081455      1.570185      0.046972      -0.054106      
334      0.423900      0.016295      0.081435      1.570283      0.041923      -0.049056      
335      0.423900      0.016295      0.081405      1.570508      0.026459      -0.033591      
336      0.423960      0.016325      0.081415      1.570616      -0.007295      0.000168      
337      0.424090      0.016365      0.081385      1.570222      -0.039791      0.032670      
338      0.424170      0.016405      0.081445      1.569694      -0.061235      0.054120      
339      0.424260      0.016485      0.081525      1.568206      -0.099844      0.092741      
340      0.424310      0.016525      0.081565      1.567234      -0.118594      0.111499      
341      0.424630      0.016535      0.081705      1.561659      -0.194166      0.187108      
342      0.424960      0.016355      0.081755      1.557989      -0.230870      0.223834      
343      0.425290      0.016185      0.081885      1.552341      -0.278070      0.271068      
344      0.425580      0.016025      0.081945      1.547716      -0.311419      0.304442      
345      0.425700      0.015965      0.081975      1.546002      -0.322899      0.315932      
346      0.425900      0.015905      0.082035      1.542369      -0.345966      0.339019      
347      0.426220      0.015735      0.082095      1.536957      -0.377686      0.370768      
348      0.426500      0.015565      0.082125      1.532446      -0.402191      0.395298      
349      0.426590      0.015525      0.082165      1.527500      -0.427410      0.420543      
350      0.426570      0.015445      0.082195      1.525256      -0.438368      0.431512      
351      0.426550      0.015285      0.082385      1.523779      -0.445426      0.438578      
352      0.426550      0.015225      0.082555      1.521441      -0.456368      0.449533      
353      0.426570      0.015175      0.082665      1.519420      -0.465617      0.458793      
354      0.426580      0.015195      0.082715      1.518937      -0.467797      0.460975      
355      0.426580      0.015295      0.082805      1.516096      -0.480426      0.473619      
356      0.426560      0.015315      0.082925      1.514843      -0.485887      0.479086      
357      0.426520      0.015355      0.083105      1.512924      -0.494130      0.487340      
358      0.426470      0.015395      0.083345      1.509396      -0.508923      0.502150      
359      0.426400      0.015385      0.083685      1.506578      -0.520428      0.513670      
360      0.426270      0.015445      0.084065      1.504376      -0.529235      0.522488      
361      0.426010      0.015395      0.084745      1.500580      -0.544067      0.537340      
362      0.425700      0.015405      0.085395      1.496096      -0.561061      0.554357      
363      0.425550      0.015405      0.085785      1.493724      -0.569836      0.563144      
364      0.425280      0.015435      0.086445      1.490860      -0.580241      0.573564      
365      0.424990      0.015575      0.087055      1.488563      -0.588451      0.581785      
366      0.424620      0.015735      0.087715      1.485926      -0.597725      0.591073      
367      0.424190      0.015965      0.088425      1.483718      -0.605378      0.598737      
368      0.423860      0.016115      0.089075      1.479384      -0.620103      0.613484      
369      0.423390      0.016085      0.090265      1.473801      -0.638540      0.631949      
370      0.423090      0.015995      0.091085      1.471642      -0.645521      0.638941      
371      0.422790      0.015815      0.091695      1.468758      -0.654722      0.648156      
372      0.422610      0.015655      0.091975      1.467206      -0.659613      0.653056      
373      0.422310      0.015365      0.092505      1.465655      -0.664465      0.657915      
374      0.422080      0.015165      0.093005      1.462879      -0.673055      0.666519      
375      0.421900      0.015015      0.093595      1.459349      -0.683813      0.677295      
376      0.421700      0.014855      0.094385      1.455045      -0.696682      0.690185      
377      0.421530      0.014735      0.095155      1.452533      -0.704079      0.697594      
378      0.421340      0.014555      0.096275      1.449297      -0.713479      0.707011      
379      0.421280      0.014505      0.097055      1.444657      -0.726732      0.720287      
380      0.421230      0.014545      0.097715      1.442832      -0.731872      0.725436      
381      0.421220      0.014585      0.098005      1.442106      -0.733908      0.727475      
382      0.421280      0.014655      0.098425      1.438101      -0.745018      0.738606      
383      0.421310      0.014675      0.098755      1.434805      -0.754027      0.747630      
384      0.421310      0.014685      0.098995      1.434047      -0.756083      0.749690      
385      0.421170      0.014745      0.099575      1.433747      -0.756896      0.750504      
386      0.421000      0.014795      0.100155      1.428011      -0.772235      0.765872      
387      0.420850      0.014785      0.100865      1.421555      -0.789104      0.782773      
388      0.420720      0.014795      0.101805      1.416515      -0.802001      0.795695      
389      0.420800      0.014805      0.102505      1.410728      -0.816529      0.810252      
390      0.420860      0.014765      0.103345      1.404891      -0.830897      0.824648      
391      0.420900      0.014675      0.103895      1.402162      -0.837518      0.831283      
392      0.420910      0.014565      0.104985      1.401299      -0.839600      0.833369      
393      0.420790      0.014515      0.105855      1.399718      -0.843397      0.837174      
394      0.420630      0.014375      0.106675      1.397891      -0.847764      0.841550      
395      0.420400      0.014185      0.107385      1.396670      -0.850668      0.844459      
396      0.420200      0.014015      0.107845      1.394237      -0.856419      0.850222      
397      0.419760      0.013685      0.108645      1.392984      -0.859366      0.853175      
398      0.419440      0.013405      0.109085      1.390280      -0.865684      0.859506      
399      0.419170      0.013115      0.109445      1.388259      -0.870371      0.864203      
400      0.419040      0.012995      0.109695      1.386907      -0.873489      0.867329      
401      0.418920      0.012895      0.110245      1.381731      -0.885318      0.879182      
402      0.418890      0.012795      0.110815      1.375551      -0.899207      0.893102      
403      0.418870      0.012715      0.111415      1.371382      -0.908441      0.902356      
404      0.418700      0.012805      0.111965      1.364608      -0.923213      0.917161      
405      0.418640      0.012785      0.112425      1.353742      -0.946353      0.940354      
406      0.418660      0.012785      0.113355      1.344273      -0.965990      0.960037      
407      0.418760      0.012855      0.113965      1.338210      -0.978321      0.972397      
408      0.418920      0.012955      0.114465      1.328082      -0.998518      0.992643      
409      0.418960      0.012955      0.114745      1.324293      -1.005948      1.000092      
410      0.419040      0.013005      0.115325      1.320311      -1.013688      1.007851      
