87      0.443711      0.029352      0.104389      1.322697      -1.009606      1.005769      
88      0.444181      0.029692      0.104059      1.324140      -1.006794      1.002951      
89      0.444801      0.030132      0.103689      1.326686      -1.001807      0.997954      
90      0.445821      0.030822      0.103019      1.330355      -0.994566      0.990700      
91      0.446531      0.031322      0.102489      1.333007      -0.989294      0.985418      
92      0.447191      0.031682      0.101959      1.336244      -0.982814      0.978925      
93      0.447951      0.032042      0.101289      1.340473      -0.974270      0.970366      
94      0.448471      0.032222      0.100879      1.343449      -0.968204      0.964288      
95      0.449061      0.032432      0.100499      1.345671      -0.963644      0.959720      
96      0.450021      0.032712      0.099779      1.351572      -0.951412      0.947466      
97      0.450611      0.032822      0.099459      1.351656      -0.951239      0.947292      
98      0.451151      0.032992      0.099089      1.353252      -0.947897      0.943944      
99      0.451911      0.033282      0.098509      1.357055      -0.939879      0.935912      
100      0.452751      0.033502      0.097909      1.360689      -0.932143      0.928162      
101      0.453331      0.033652      0.097449      1.364252      -0.924486      0.920491      
102      0.453991      0.033762      0.096989      1.367289      -0.917900      0.913893      
103      0.454491      0.033842      0.096759      1.368082      -0.916171      0.912162      
104      0.455041      0.034002      0.096399      1.370043      -0.911879      0.907862      
105      0.455581      0.034132      0.096079      1.372382      -0.906728      0.902702      
106      0.456601      0.034372      0.095519      1.376445      -0.897703      0.893661      
107      0.457271      0.034532      0.095129      1.379147      -0.891642      0.887589      
108      0.457891      0.034702      0.094789      1.382238      -0.884650      0.880586      
109      0.458571      0.034932      0.094459      1.386137      -0.875738      0.871659      
110      0.459141      0.035062      0.094269      1.388945      -0.869255      0.865165      
111      0.459821      0.035262      0.094089      1.392394      -0.861216      0.857112      
112      0.460341      0.035392      0.093929      1.395126      -0.854787      0.850673      
113      0.460981      0.035492      0.093829      1.397970      -0.848035      0.843909      
114      0.461831      0.035562      0.093689      1.403216      -0.835420      0.831274      
115      0.462451      0.035602      0.093569      1.405192      -0.830612      0.826459      
116      0.463211      0.035662      0.093389      1.407820      -0.824168      0.820005      
117      0.464041      0.035672      0.093169      1.410908      -0.816522      0.812346      
118      0.464951      0.035692      0.092859      1.413556      -0.809904      0.805718      
119      0.465711      0.035722      0.092589      1.415522      -0.804949      0.800755      
120      0.466671      0.035752      0.092209      1.417766      -0.799251      0.795048      
121      0.467911      0.035912      0.091719      1.420606      -0.791974      0.787760      
122      0.468851      0.036002      0.091419      1.423075      -0.785590      0.781366      
123      0.469541      0.036022      0.091219      1.424547      -0.781753      0.777523      
124      0.470401      0.036062      0.091069      1.427179      -0.774843      0.770603      
125      0.471001      0.036052      0.090909      1.429839      -0.767791      0.763541      
126      0.471711      0.036032      0.090639      1.433963      -0.756709      0.752442      
127      0.472281      0.036042      0.090409      1.437019      -0.748383      0.744104      
128      0.473201      0.036012      0.090099      1.443845      -0.729404      0.725098      
129      0.473771      0.036032      0.089969      1.448138      -0.717188      0.712864      
130      0.474241      0.036032      0.089859      1.450895      -0.709218      0.704883      
131      0.474721      0.036062      0.089729      1.454109      -0.699805      0.695457      
132      0.475341      0.036142      0.089599      1.458520      -0.686658      0.682292      
133      0.476071      0.036212      0.089399      1.462788      -0.673671      0.669287      
134      0.476711      0.036292      0.089149      1.466440      -0.662341      0.657942      
135      0.477761      0.036322      0.088699      1.472359      -0.643521      0.639098      
136      0.478431      0.036362      0.088379      1.475847      -0.632149      0.627711      
137      0.479051      0.036432      0.088119      1.479559      -0.619804      0.615350      
138      0.479801      0.036432      0.087789      1.484001      -0.604673      0.600201      
139      0.480651      0.036462      0.087419      1.488278      -0.589717      0.585226      
140      0.481341      0.036502      0.087069      1.491730      -0.577346      0.572841      
141      0.482131      0.036522      0.086649      1.495315      -0.564192      0.559671      
142      0.483121      0.036602      0.086169      1.498299      -0.552993      0.548460      
143      0.483661      0.036592      0.085989      1.499874      -0.546988      0.542448      
144      0.484111      0.036552      0.085869      1.501164      -0.542014      0.537468      
145      0.484681      0.036562      0.085659      1.503141      -0.534298      0.529743      
146      0.485081      0.036492      0.085459      1.505311      -0.525694      0.521130      
147      0.485631      0.036412      0.085189      1.507582      -0.516528      0.511954      
148      0.486111      0.036322      0.084949      1.509322      -0.509387      0.504805      
149      0.486451      0.036172      0.084819      1.510674      -0.503767      0.499179      
150      0.486981      0.036092      0.084629      1.511484      -0.500370      0.495778      
151      0.487571      0.035892      0.084309      1.514895      -0.485788      0.481181      
152      0.487951      0.035822      0.084099      1.516677      -0.477985      0.473370      
153      0.488391      0.035732      0.083819      1.518817      -0.468435      0.463810      
154      0.488621      0.035642      0.083709      1.520341      -0.461514      0.456882      
155      0.489001      0.035622      0.083509      1.522005      -0.453828      0.449189      
156      0.489251      0.035572      0.083359      1.523298      -0.447760      0.443115      
157      0.489531      0.035582      0.083149      1.525243      -0.438473      0.433818      
158      0.489821      0.035602      0.082879      1.526699      -0.431389      0.426727      
159      0.490111      0.035632      0.082609      1.528810      -0.420895      0.416224      
160      0.490421      0.035652      0.082269      1.531927      -0.404891      0.400205      
161      0.490861      0.035682      0.081819      1.534693      -0.390128      0.385428      
162      0.491231      0.035662      0.081579      1.536522      -0.380042      0.375334      
163      0.491691      0.035622      0.081339      1.537832      -0.372648      0.367933      
164      0.492051      0.035562      0.081179      1.538388      -0.369462      0.364744      
165      0.492531      0.035522      0.080859      1.539138      -0.365127      0.360406      
166      0.492941      0.035472      0.080549      1.539879      -0.360784      0.356059      
167      0.493441      0.035332      0.080179      1.541179      -0.353042      0.348310      
168      0.493901      0.035202      0.079789      1.541865      -0.348885      0.344150      
169      0.494551      0.034842      0.079229      1.543261      -0.340265      0.335522      
170      0.494881      0.034632      0.078979      1.544137      -0.334738      0.329992      
171      0.495241      0.034372      0.078729      1.545157      -0.328187      0.323435      
172      0.495461      0.034032      0.078549      1.546210      -0.321282      0.316525      
173      0.495581      0.033762      0.078379      1.546858      -0.316958      0.312197      
174      0.495731      0.033472      0.078139      1.547791      -0.310630      0.305864      
175      0.495851      0.033202      0.077959      1.549324      -0.299928      0.295154      
176      0.495961      0.033052      0.077739      1.550073      -0.294561      0.289783      
177      0.496061      0.032912      0.077539      1.550959      -0.288073      0.283291      
178      0.496261      0.032722      0.077119      1.553233      -0.270720      0.265924      
179      0.496501      0.032712      0.076689      1.554339      -0.261864      0.257062      
180      0.496661      0.032662      0.076369      1.555395      -0.253116      0.248309      
181      0.496911      0.032682      0.075899      1.556662      -0.242198      0.237382      
182      0.497141      0.032722      0.075429      1.557417      -0.235452      0.230633      
183      0.497391      0.032702      0.074999      1.558247      -0.227805      0.222981      
184      0.497621      0.032742      0.074589      1.559474      -0.216011      0.211179      
185      0.498021      0.032782      0.073849      1.561419      -0.195858      0.191013      
186      0.498171      0.032752      0.073499      1.561942      -0.190072      0.185224      
187      0.498321      0.032732      0.073189      1.562134      -0.187908      0.183059      
188      0.498421      0.032722      0.072979      1.562479      -0.183948      0.179096      
189      0.498521      0.032722      0.072789      1.562382      -0.185062      0.180211      
190      0.498581      0.032722      0.072609      1.562409      -0.184756      0.179905      
191      0.498631      0.032722      0.072399      1.562626      -0.182231      0.177378      
192      0.498651      0.032682      0.072249      1.562830      -0.179832      0.174977      
193      0.498671      0.032632      0.072139      1.562863      -0.179439      0.174585      
194      0.498701      0.032562      0.072029      1.563133      -0.176193      0.171336      
195      0.498741      0.032492      0.071929      1.563396      -0.172985      0.168127      
196      0.498751      0.032412      0.071869      1.563508      -0.171605      0.166746      
197      0.498721      0.032342      0.071749      1.563797      -0.167966      0.163105      
198      0.498771      0.032322      0.071559      1.564047      -0.164766      0.159903      
199      0.498761      0.032272      0.071499      1.564239      -0.162264      0.157400      
200      0.498721      0.032202      0.071349      1.564357      -0.160711      0.155846      
201      0.498721      0.032182      0.071239      1.564451      -0.159456      0.154590      
202      0.498661      0.032162      0.071199      1.564459      -0.159346      0.154480      
203      0.498601      0.032162      0.071129      1.564587      -0.157620      0.152753      
204      0.498561      0.032162      0.070989      1.564619      -0.157189      0.152322      
205      0.498511      0.032132      0.070909      1.564713      -0.155918      0.151050      
206      0.498431      0.031992      0.070829      1.564984      -0.152161      0.147291      
207      0.498381      0.031882      0.070719      1.565303      -0.147626      0.142754      
208      0.498331      0.031692      0.070679      1.565769      -0.140746      0.135870      
209      0.498311      0.031562      0.070679      1.566049      -0.136446      0.131568      
210      0.498311      0.031452      0.070629      1.566259      -0.133127      0.128247      
211      0.498301      0.031372      0.070589      1.566858      -0.123193      0.118308      
212      0.498321      0.031352      0.070499      1.567149      -0.118061      0.113174      
213      0.498281      0.031332      0.070399      1.567450      -0.112521      0.107630      
214      0.498231      0.031312      0.070359      1.567744      -0.106823      0.101930      
215      0.498201      0.031362      0.070269      1.568171      -0.097977      0.093080      
216      0.498181      0.031382      0.070269      1.568222      -0.096878      0.091981      
217      0.498181      0.031422      0.070229      1.568218      -0.096957      0.092059      
218      0.498201      0.031432      0.070209      1.568364      -0.093715      0.088816      
219      0.498171      0.031422      0.070199      1.568456      -0.091611      0.086712      
220      0.498171      0.031432      0.070169      1.568508      -0.090403      0.085502      
221      0.498171      0.031432      0.070169      1.568547      -0.089484      0.084583      
222      0.498171      0.031402      0.070209      1.568758      -0.084358      0.079455      
223      0.498171      0.031402      0.070199      1.568888      -0.081038      0.076133      
224      0.498171      0.031382      0.070199      1.569046      -0.076807      0.071900      
225      0.498171      0.031362      0.070199      1.569164      -0.073494      0.068586      
226      0.498181      0.031352      0.070209      1.569265      -0.070558      0.065649      
227      0.498191      0.031332      0.070219      1.569523      -0.062385      0.057473      
228      0.498191      0.031332      0.070229      1.569931      -0.046785      0.041866      
229      0.498191      0.031332      0.070219      1.569974      -0.044853      0.039934      
230      0.498181      0.031332      0.070239      1.569947      -0.046078      0.041159      
231      0.498201      0.031332      0.070259      1.569993      -0.043942      0.039022      
232      0.498241      0.031332      0.070309      1.570014      -0.042922      0.038001      
233      0.498291      0.031282      0.070419      1.570034      -0.041964      0.037043      
234      0.498401      0.031192      0.070479      1.570105      -0.038336      0.033414      
235      0.498411      0.031042      0.070539      1.570167      -0.034803      0.029879      
236      0.498441      0.030952      0.070569      1.570246      -0.029848      0.024923      
237      0.498511      0.030922      0.070589      1.570282      -0.027249      0.022323      
238      0.498541      0.030812      0.070649      1.570302      -0.025718      0.020791      
239      0.498571      0.030762      0.070679      1.570313      -0.024893      0.019967      
240      0.498591      0.030742      0.070719      1.570345      -0.022153      0.017225      
241      0.498621      0.030732      0.070759      1.570383      -0.018415      0.013486      
242      0.498631      0.030742      0.070769      1.570393      -0.017410      0.012481      
243      0.498651      0.030762      0.070819      1.570425      -0.013280      0.008349      
244      0.498661      0.030762      0.070819      1.570439      -0.011152      0.006220      
245      0.498671      0.030762      0.070829      1.570444      -0.010257      0.005325      
246      0.498691      0.030762      0.070859      1.570450      -0.009220      0.004288      
247      0.498701      0.030762      0.070869      1.570459      -0.007218      0.002285      
248      0.498761      0.030802      0.070879      1.570467      -0.005058      0.000125      
249      0.498811      0.030802      0.070949      1.570471      -0.003700      -0.001234      
250      0.498841      0.030782      0.071019      1.570478      0.001255      -0.006191      
251      0.498861      0.030762      0.071029      1.570478      0.002873      -0.007809      
252      0.498881      0.030762      0.071049      1.570477      0.004601      -0.009537      
253      0.498871      0.030782      0.071089      1.570473      0.006689      -0.011627      
254      0.498911      0.030802      0.071109      1.570468      0.008700      -0.013638      
255      0.498941      0.030812      0.071249      1.570470      0.007820      -0.012758      
256      0.498951      0.030802      0.071349      1.570467      0.008817      -0.013755      
257      0.498971      0.030802      0.071359      1.570461      0.010545      -0.015484      
258      0.498981      0.030802      0.071399      1.570446      0.013663      -0.018602      
259      0.499011      0.030782      0.071429      1.570446      0.013686      -0.018626      
260      0.499051      0.030802      0.071469      1.570448      0.013325      -0.018264      
261      0.499071      0.030802      0.071519      1.570443      0.014142      -0.019081      
262      0.499121      0.030802      0.071549      1.570442      0.014385      -0.019325      
263      0.499141      0.030782      0.071549      1.570438      0.015107      -0.020047      
264      0.499121      0.030762      0.071549      1.570425      0.017102      -0.022042      
265      0.499081      0.030782      0.071479      1.570434      0.015657      -0.020597      
266      0.499051      0.030782      0.071469      1.570434      0.015649      -0.020589      
267      0.499011      0.030782      0.071459      1.570430      0.016325      -0.021265      
268      0.498991      0.030802      0.071409      1.570436      0.015390      -0.020330      
269      0.498961      0.030802      0.071389      1.570434      0.015657      -0.020597      
270      0.498881      0.030832      0.071439      1.570433      0.015869      -0.020809      
271      0.498841      0.030872      0.071399      1.570432      0.016050      -0.020990      
272      0.498741      0.030902      0.071399      1.570428      0.016544      -0.021485      
273      0.498641      0.030992      0.071329      1.570425      0.017047      -0.021987      
274      0.498491      0.031062      0.071229      1.570413      0.018618      -0.023558      
275      0.498371      0.031122      0.071169      1.570405      0.019678      -0.024619      
276      0.498271      0.031262      0.071029      1.570399      0.020408      -0.025349      
277      0.498101      0.031382      0.070999      1.570377      0.022827      -0.027769      
278      0.497951      0.031482      0.070909      1.570377      0.022787      -0.027729      
279      0.497841      0.031592      0.070829      1.570368      0.023690      -0.028633      
280      0.497641      0.031652      0.070819      1.570354      0.025072      -0.030015      
281      0.497471      0.031772      0.070779      1.570342      0.026093      -0.031036      
282      0.497231      0.031912      0.070729      1.570340      0.026337      -0.031280      
283      0.497001      0.031962      0.070729      1.570321      0.027899      -0.032843      
284      0.496801      0.032062      0.070709      1.570308      0.028999      -0.033943      
285      0.496531      0.032132      0.070609      1.570285      0.030734      -0.035679      
286      0.496431      0.032142      0.070559      1.570276      0.031433      -0.036378      
287      0.496351      0.032142      0.070559      1.570269      0.031959      -0.036904      
288      0.496221      0.032122      0.070539      1.570230      0.034637      -0.039582      
289      0.496131      0.032122      0.070469      1.570183      0.037566      -0.042512      
290      0.495981      0.032092      0.070399      1.570155      0.039246      -0.044193      
291      0.495811      0.032102      0.070279      1.570133      0.040487      -0.045434      
292      0.495711      0.032102      0.070239      1.570079      0.043408      -0.048356      
293      0.495661      0.032102      0.070219      1.570074      0.043652      -0.048599      
294      0.495661      0.032122      0.070219      1.570030      0.045866      -0.050814      
295      0.495641      0.032142      0.070279      1.570010      0.046832      -0.051780      
296      0.495651      0.032152      0.070289      1.569965      0.048952      -0.053901      
297      0.495661      0.032192      0.070269      1.569940      0.050075      -0.055024      
298      0.495671      0.032202      0.070259      1.569890      0.052289      -0.057239      
299      0.495711      0.032272      0.070299      1.569872      0.053027      -0.057977      
300      0.495761      0.032272      0.070379      1.569855      0.053758      -0.058708      
301      0.495831      0.032292      0.070399      1.569802      0.055933      -0.060883      
302      0.495901      0.032292      0.070449      1.569731      0.058705      -0.063656      
303      0.495951      0.032292      0.070519      1.569686      0.060361      -0.065313      
304      0.496021      0.032312      0.070589      1.569612      0.063031      -0.067983      
305      0.496121      0.032352      0.070729      1.569522      0.066133      -0.071086      
306      0.496211      0.032382      0.070769      1.569457      0.068308      -0.073261      
307      0.496291      0.032422      0.070799      1.569413      0.069705      -0.074659      
308      0.496361      0.032432      0.070909      1.569291      0.073474      -0.078429      
309      0.496471      0.032472      0.070989      1.569214      0.075782      -0.080738      
310      0.496561      0.032492      0.071049      1.569152      0.077565      -0.082520      
311      0.496681      0.032522      0.071159      1.569109      0.078774      -0.083730      
312      0.496841      0.032542      0.071269      1.568750      0.088274      -0.093232      
313      0.496911      0.032542      0.071329      1.568735      0.088635      -0.093593      
314      0.497001      0.032542      0.071379      1.568716      0.089122      -0.094080      
315      0.497041      0.032542      0.071419      1.568698      0.089569      -0.094527      
316      0.497151      0.032562      0.071449      1.568754      0.088180      -0.093137      
317      0.497311      0.032552      0.071509      1.568756      0.088125      -0.093082      
318      0.497431      0.032512      0.071569      1.568754      0.088172      -0.093130      
319      0.497601      0.032462      0.071569      1.568738      0.088564      -0.093522      
320      0.497801      0.032352      0.071639      1.568758      0.088070      -0.093027      
321      0.497901      0.032242      0.071699      1.568785      0.087395      -0.092352      
322      0.497981      0.032182      0.071739      1.568806      0.086869      -0.091826      
323      0.498031      0.032072      0.071799      1.568781      0.087505      -0.092462      
324      0.498091      0.032002      0.071849      1.568813      0.086680      -0.091638      
325      0.498181      0.031932      0.071899      1.568750      0.088266      -0.093224      
326      0.498231      0.031872      0.071969      1.568728      0.088816      -0.093773      
327      0.498291      0.031852      0.072029      1.568694      0.089664      -0.094622      
328      0.498321      0.031882      0.072049      1.568564      0.092804      -0.097763      
329      0.498321      0.031942      0.072009      1.568530      0.093605      -0.098563      
330      0.498301      0.032022      0.071979      1.568556      0.092985      -0.097943      
331      0.498301      0.032062      0.071999      1.568557      0.092977      -0.097935      
332      0.498311      0.032112      0.071969      1.568509      0.094099      -0.099058      
333      0.498331      0.032142      0.071929      1.568466      0.095112      -0.100071      
334      0.498381      0.032162      0.071909      1.568454      0.095379      -0.100338      
335      0.498451      0.032202      0.071859      1.568475      0.094884      -0.099843      
336      0.498491      0.032202      0.071799      1.568478      0.094814      -0.099773      
337      0.498541      0.032232      0.071709      1.568422      0.096109      -0.101068      
338      0.498541      0.032322      0.071669      1.568417      0.096219      -0.101178      
339      0.498531      0.032352      0.071669      1.568419      0.096188      -0.101147      
340      0.498511      0.032402      0.071669      1.568361      0.097491      -0.102450      
341      0.498511      0.032422      0.071649      1.568357      0.097593      -0.102552      
342      0.498511      0.032442      0.071619      1.568366      0.097397      -0.102356      
343      0.498481      0.032442      0.071619      1.568394      0.096761      -0.101720      
344      0.498471      0.032462      0.071599      1.568341      0.097962      -0.102921      
345      0.498481      0.032472      0.071609      1.568393      0.096769      -0.101728      
346      0.498511      0.032472      0.071649      1.568398      0.096667      -0.101626      
347      0.498541      0.032472      0.071669      1.568396      0.096698      -0.101657      
348      0.498581      0.032472      0.071719      1.568413      0.096321      -0.101280      
349      0.498681      0.032462      0.071749      1.568386      0.096941      -0.101901      
350      0.498921      0.032482      0.071769      1.568352      0.097695      -0.102654      
351      0.499111      0.032462      0.071859      1.568397      0.096682      -0.101642      
352      0.499331      0.032502      0.071739      1.568429      0.095944      -0.100903      
353      0.499461      0.032522      0.071649      1.568444      0.095607      -0.100566      
354      0.499561      0.032502      0.071689      1.568426      0.096015      -0.100974      
355      0.499661      0.032542      0.071709      1.568452      0.095418      -0.100377      
356      0.499741      0.032572      0.071759      1.568449      0.095489      -0.100448      
357      0.499841      0.032612      0.071859      1.568476      0.094877      -0.099836      
358      0.500051      0.032682      0.071849      1.568469      0.095042      -0.100000      
359      0.500151      0.032702      0.071849      1.568490      0.094547      -0.099506      
360      0.500291      0.032742      0.071799      1.568466      0.095112      -0.100071      
361      0.500411      0.032742      0.071829      1.568439      0.095732      -0.100691      
362      0.500561      0.032762      0.071839      1.568343      0.097915      -0.102874      
363      0.500681      0.032762      0.071819      1.568232      0.100380      -0.105340      
364      0.500711      0.032742      0.071819      1.568183      0.101440      -0.106400      
365      0.500741      0.032742      0.071819      1.568140      0.102374      -0.107334      
366      0.500771      0.032742      0.071829      1.568116      0.102892      -0.107852      
367      0.500851      0.032742      0.071819      1.568135      0.102484      -0.107444      
368      0.500991      0.032762      0.071769      1.568159      0.101950      -0.106910      
369      0.501111      0.032762      0.071729      1.568130      0.102586      -0.107546      
370      0.501241      0.032752      0.071679      1.568117      0.102861      -0.107821      
371      0.501381      0.032752      0.071579      1.568184      0.101424      -0.106384      
372      0.501421      0.032772      0.071519      1.568148      0.102186      -0.107146      
373      0.501451      0.032772      0.071539      1.568148      0.102186      -0.107146      
374      0.501401      0.032822      0.071539      1.568182      0.101456      -0.106416      
375      0.501361      0.032842      0.071529      1.568170      0.101715      -0.106675      
376      0.501331      0.032872      0.071489      1.568208      0.100890      -0.105850      
377      0.501311      0.032872      0.071479      1.568214      0.100765      -0.105725      
378      0.501321      0.032872      0.071429      1.568295      0.098975      -0.103934      
379      0.501321      0.032872      0.071449      1.568300      0.098873      -0.103832      
380      0.501301      0.032872      0.071399      1.568287      0.099163      -0.104123      
381      0.501281      0.032912      0.071349      1.568359      0.097538      -0.102497      
382      0.501231      0.032942      0.071329      1.568548      0.093181      -0.098139      
383      0.501221      0.032992      0.071309      1.568839      0.086013      -0.090970      
384      0.501191      0.033052      0.071309      1.569188      0.076536      -0.081491      
385      0.501191      0.033122      0.071349      1.569575      0.064342      -0.069295      
386      0.501131      0.033152      0.071479      1.569901      0.051795      -0.056744      
387      0.501121      0.033152      0.071499      1.570157      0.039113      -0.044059      
388      0.501071      0.033152      0.071499      1.570369      0.023604      -0.028546      
389      0.501011      0.033172      0.071439      1.570435      0.015492      -0.020432      
390      0.500971      0.033202      0.071399      1.570472      0.007019      -0.011957      
391      0.500831      0.033182      0.071459      1.570478      0.000933      -0.005869      
392      0.500771      0.033162      0.071459      1.570459      -0.007280      0.002348      
393      0.500751      0.033142      0.071429      1.570333      -0.023189      0.018262      
394      0.500741      0.033142      0.071479      1.570090      -0.039113      0.034192      
395      0.500731      0.033132      0.071509      1.569614      -0.059252      0.054339      
396      0.500681      0.033092      0.071529      1.568820      -0.082804      0.077900      
397      0.500601      0.033062      0.071639      1.567252      -0.116201      0.111313      
398      0.500581      0.033062      0.071609      1.566470      -0.129722      0.124840      
399      0.500541      0.033042      0.071569      1.565677      -0.142135      0.137259      
400      0.500491      0.032982      0.071569      1.564023      -0.165080      0.160217      
401      0.500431      0.032912      0.071619      1.562305      -0.185948      0.181097      
402      0.500381      0.032862      0.071709      1.559958      -0.211168      0.206332      
403      0.500341      0.032832      0.071779      1.556822      -0.240788      0.235971      
404      0.500211      0.032682      0.072019      1.553394      -0.269451      0.264655      
405      0.500091      0.032512      0.072209      1.551374      -0.284990      0.280205      
406      0.499981      0.032322      0.072399      1.549192      -0.300867      0.296094      
407      0.499891      0.032112      0.072559      1.547049      -0.315675      0.310913      
408      0.499811      0.031912      0.072709      1.545314      -0.327170      0.322418      
409      0.499701      0.031582      0.073029      1.542187      -0.346916      0.342179      
410      0.499631      0.031362      0.073309      1.539822      -0.361120      0.356395      
411      0.499521      0.031162      0.073539      1.537597      -0.373983      0.369269      
412      0.499361      0.030922      0.073849      1.534700      -0.390089      0.385389      
413      0.499031      0.030592      0.074189      1.530593      -0.411818      0.407138      
414      0.498741      0.030352      0.074409      1.525758      -0.435979      0.431322      
415      0.498361      0.030162      0.074779      1.519430      -0.465664      0.461036      
416      0.498101      0.030052      0.075059      1.514753      -0.486403      0.481796      
417      0.497781      0.029972      0.075379      1.509164      -0.510040      0.505458      
418      0.497391      0.029902      0.075559      1.505115      -0.526479      0.521915      
419      0.496871      0.029802      0.075739      1.501110      -0.542224      0.537678      
420      0.495981      0.029712      0.075959      1.495513      -0.563456      0.558934      
421      0.495381      0.029682      0.076019      1.491029      -0.579880      0.575377      
422      0.494901      0.029562      0.076149      1.487221      -0.593449      0.588963      
423      0.494411      0.029362      0.076349      1.483482      -0.606461      0.601991      
424      0.493901      0.029122      0.076579      1.478120      -0.624621      0.620173      
425      0.493501      0.028852      0.076979      1.471650      -0.645807      0.641387      
426      0.493081      0.028522      0.077449      1.466487      -0.662194      0.657795      
427      0.492391      0.028092      0.078069      1.460144      -0.681750      0.677377      
428      0.491971      0.027812      0.078409      1.455882      -0.694554      0.690198      
429      0.491301      0.027432      0.078919      1.450381      -0.710711      0.706378      
430      0.490691      0.027152      0.079389      1.446410      -0.722133      0.717815      
431      0.489981      0.026832      0.080039      1.441653      -0.735559      0.731261      
432      0.489171      0.026422      0.080799      1.436329      -0.750271      0.745995      
433      0.488601      0.026162      0.081409      1.432572      -0.760468      0.756207      
434      0.487811      0.025832      0.082219      1.426546      -0.776513      0.772275      
435      0.487091      0.025542      0.082989      1.421624      -0.789349      0.785131      
436      0.486731      0.025402      0.083369      1.418827      -0.796543      0.792336      
437      0.486401      0.025222      0.083749      1.416364      -0.802816      0.798618      
438      0.485511      0.024872      0.084659      1.410349      -0.817913      0.813739      
439      0.484441      0.024532      0.085499      1.402810      -0.836404      0.832260      
440      0.483551      0.024072      0.086559      1.392368      -0.861277      0.857173      
441      0.482731      0.023612      0.087449      1.382919      -0.883099      0.879033      
442      0.482281      0.023392      0.087849      1.377426      -0.895508      0.891462      
443      0.481861      0.023072      0.088329      1.371240      -0.909247      0.905225      
444      0.481121      0.022742      0.088749      1.364340      -0.924296      0.920301      
445      0.480531      0.022602      0.089009      1.360813      -0.931878      0.927896      
446      0.479801      0.022462      0.089449      1.356995      -0.940008      0.936040      
447      0.478691      0.022312      0.090269      1.349279      -0.956189      0.952251      
448      0.478061      0.022372      0.090579      1.346793      -0.961333      0.957405      
449      0.477191      0.022442      0.090839      1.343965      -0.967147      0.963229      
450      0.476571      0.022482      0.091199      1.338955      -0.977348      0.973449      
451      0.475801      0.022512      0.091479      1.333162      -0.988985      0.985108      
452      0.475111      0.022582      0.091509      1.329778      -0.995710      0.991846      
453      0.474451      0.022592      0.091799      1.323014      -1.008990      1.005151      
