55      0.414440      0.027625      0.125425      1.321037      -1.012283      1.006443      
56      0.415150      0.028055      0.124735      1.327302      -1.000052      0.994181      
57      0.415660      0.028225      0.124525      1.332195      -0.990374      0.984480      
58      0.416220      0.028335      0.124605      1.334076      -0.986624      0.980721      
59      0.416510      0.028385      0.124565      1.336489      -0.981788      0.975872      
60      0.417100      0.028505      0.124525      1.340244      -0.974205      0.968271      
61      0.417770      0.028555      0.124505      1.344027      -0.966496      0.960544      
62      0.418360      0.028955      0.124625      1.347893      -0.958539      0.952569      
63      0.418930      0.029455      0.124845      1.351938      -0.950132      0.944142      
64      0.419590      0.029525      0.124675      1.359712      -0.933722      0.927694      
65      0.420530      0.029635      0.124075      1.369863      -0.911777      0.905700      
66      0.421110      0.029785      0.123805      1.373231      -0.904360      0.898266      
67      0.421400      0.029795      0.123675      1.375708      -0.898858      0.892752      
68      0.421860      0.029875      0.123455      1.381604      -0.885607      0.879472      
69      0.422290      0.030035      0.123245      1.385349      -0.877071      0.870918      
70      0.422790      0.030095      0.122815      1.392847      -0.859685      0.853496      
71      0.423400      0.030445      0.122205      1.399604      -0.843671      0.837449      
72      0.423950      0.030305      0.121775      1.404750      -0.831240      0.824992      
73      0.424370      0.030405      0.121315      1.409417      -0.819783      0.813512      
74      0.424710      0.030705      0.120825      1.414886      -0.806122      0.799824      
75      0.424920      0.030785      0.120605      1.417376      -0.799814      0.793504      
76      0.425310      0.030965      0.120165      1.422712      -0.786111      0.779775      
77      0.425730      0.031175      0.119675      1.426349      -0.776617      0.770262      
78      0.426130      0.031405      0.119215      1.431534      -0.762854      0.756473      
79      0.426700      0.031605      0.118925      1.439675      -0.740673      0.734253      
80      0.427270      0.031315      0.118695      1.446355      -0.721914      0.715460      
81      0.427720      0.031025      0.118515      1.453032      -0.702617      0.696130      
82      0.428140      0.030905      0.118315      1.455759      -0.694565      0.688064      
83      0.428380      0.030825      0.118175      1.456623      -0.691993      0.685488      
84      0.428870      0.030615      0.117945      1.458761      -0.685585      0.679070      
85      0.429210      0.030515      0.117675      1.460305      -0.680916      0.674393      
86      0.429670      0.030145      0.117275      1.463203      -0.672061      0.665523      
87      0.430400      0.029365      0.116525      1.466712      -0.661164      0.654609      
88      0.430670      0.029235      0.116365      1.468550      -0.655378      0.648813      
89      0.430910      0.029145      0.116255      1.470616      -0.648810      0.642235      
90      0.431140      0.029135      0.116055      1.473269      -0.640270      0.633682      
91      0.431250      0.029125      0.115975      1.475080      -0.634369      0.627772      
92      0.431430      0.029145      0.115805      1.478499      -0.623064      0.616449      
93      0.431630      0.029285      0.115465      1.484034      -0.604287      0.597644      
94      0.432050      0.029265      0.114525      1.490927      -0.580001      0.573323      
95      0.432320      0.029315      0.114005      1.493260      -0.571533      0.564843      
96      0.432470      0.029645      0.113715      1.494753      -0.566045      0.559348      
97      0.432550      0.029895      0.113495      1.498680      -0.551336      0.544619      
98      0.432630      0.029935      0.113365      1.501333      -0.541157      0.534426      
99      0.432660      0.029965      0.113305      1.502170      -0.537905      0.531170      
100      0.432720      0.030025      0.113205      1.505073      -0.526463      0.519712      
101      0.432800      0.030005      0.113075      1.508670      -0.511914      0.505145      
102      0.432970      0.030015      0.112755      1.513632      -0.491106      0.484311      
103      0.433000      0.030085      0.112665      1.516655      -0.477968      0.471158      
104      0.433110      0.030175      0.112405      1.520026      -0.462862      0.456034      
105      0.433170      0.030245      0.112085      1.521577      -0.455738      0.448902      
106      0.433290      0.030345      0.111215      1.525154      -0.438858      0.432004      
107      0.433480      0.030435      0.110485      1.526725      -0.431229      0.424366      
108      0.433670      0.030685      0.109865      1.527486      -0.427480      0.420613      
109      0.433820      0.030915      0.109245      1.529000      -0.419926      0.413051      
110      0.433980      0.031045      0.107885      1.531619      -0.406521      0.399632      
111      0.434030      0.031115      0.107195      1.534085      -0.393468      0.386566      
112      0.434020      0.031085      0.106735      1.537398      -0.375203      0.368283      
113      0.433980      0.031005      0.106225      1.540599      -0.356655      0.349717      
114      0.433870      0.030925      0.105985      1.542113      -0.347529      0.340584      
115      0.433810      0.030865      0.105925      1.542963      -0.342301      0.335351      
116      0.433700      0.030755      0.105865      1.543517      -0.338847      0.331893      
117      0.433530      0.030445      0.105655      1.545760      -0.324486      0.317521      
118      0.433370      0.030155      0.105345      1.547384      -0.313679      0.306704      
119      0.433120      0.029925      0.105225      1.548688      -0.304715      0.297733      
120      0.432840      0.029755      0.105305      1.551145      -0.287063      0.280067      
121      0.432650      0.029685      0.105395      1.552078      -0.280074      0.273073      
122      0.432320      0.029435      0.105345      1.553798      -0.266696      0.259684      
123      0.432040      0.029165      0.105125      1.555597      -0.251942      0.244921      
124      0.431700      0.028815      0.104875      1.557383      -0.236386      0.229354      
125      0.431340      0.028235      0.104655      1.559377      -0.217713      0.210669      
126      0.431180      0.027795      0.104645      1.560121      -0.210322      0.203274      
127      0.431140      0.027255      0.104655      1.560752      -0.203848      0.196795      
128      0.431110      0.026905      0.104555      1.561054      -0.200681      0.193627      
129      0.431130      0.026625      0.104505      1.561576      -0.195075      0.188018      
130      0.431210      0.026415      0.104465      1.561859      -0.191963      0.184904      
131      0.431480      0.025975      0.104365      1.562133      -0.188913      0.181852      
132      0.431680      0.025755      0.104345      1.562082      -0.189485      0.182425      
133      0.431890      0.025585      0.104375      1.562095      -0.189336      0.182276      
134      0.432360      0.025085      0.104365      1.563146      -0.177151      0.170083      
135      0.432580      0.024885      0.104355      1.563563      -0.172084      0.165014      
136      0.432730      0.024735      0.104345      1.563566      -0.172053      0.164983      
137      0.432770      0.024695      0.104345      1.563611      -0.171488      0.164418      
138      0.432760      0.024745      0.104385      1.563969      -0.167002      0.159929      
139      0.432770      0.024715      0.104455      1.564191      -0.164163      0.157089      
140      0.432760      0.024695      0.104435      1.564355      -0.162029      0.154954      
141      0.432720      0.024695      0.104455      1.565006      -0.153267      0.146188      
142      0.432610      0.024775      0.104485      1.564845      -0.155487      0.148409      
143      0.432540      0.024705      0.104535      1.564716      -0.157229      0.150151      
144      0.432450      0.024635      0.104595      1.564626      -0.158444      0.151368      
145      0.432320      0.024515      0.104625      1.564604      -0.158735      0.151658      
146      0.432260      0.024435      0.104625      1.564668      -0.157872      0.150795      
147      0.432110      0.024295      0.104695      1.564774      -0.156444      0.149366      
148      0.431840      0.024095      0.104845      1.564949      -0.154052      0.146973      
149      0.431670      0.023905      0.104835      1.565155      -0.151204      0.144124      
150      0.431530      0.023735      0.104675      1.565300      -0.149156      0.142075      
151      0.431340      0.023555      0.104595      1.565859      -0.140989      0.133904      
152      0.431190      0.023335      0.104575      1.566044      -0.138180      0.131094      
153      0.431100      0.023215      0.104535      1.566204      -0.135716      0.128629      
154      0.430930      0.023085      0.104475      1.566819      -0.125767      0.118675      
155      0.430770      0.022995      0.104465      1.566895      -0.124480      0.117387      
156      0.430640      0.022885      0.104465      1.566974      -0.123138      0.116045      
157      0.430340      0.022895      0.104395      1.566906      -0.124291      0.117199      
158      0.430100      0.022705      0.104525      1.567173      -0.119669      0.112575      
159      0.429840      0.022445      0.104665      1.567334      -0.116805      0.109709      
160      0.429610      0.022095      0.104595      1.567554      -0.112763      0.105666      
161      0.429340      0.021725      0.104515      1.567707      -0.109851      0.102753      
162      0.429190      0.021595      0.104475      1.567657      -0.110816      0.103718      
163      0.428840      0.021265      0.104315      1.567882      -0.106460      0.099361      
164      0.428440      0.020935      0.104245      1.568104      -0.101971      0.094869      
165      0.427820      0.020405      0.104265      1.568294      -0.097975      0.090873      
166      0.427390      0.020015      0.104235      1.568466      -0.094215      0.087111      
167      0.426990      0.019605      0.104265      1.568370      -0.096327      0.089224      
168      0.426630      0.019185      0.104215      1.568827      -0.085792      0.078685      
169      0.426310      0.018905      0.104155      1.568924      -0.083398      0.076290      
170      0.426080      0.018665      0.104025      1.568956      -0.082582      0.075473      
171      0.425980      0.018575      0.103975      1.568963      -0.082409      0.075301      
172      0.425850      0.018435      0.103885      1.568942      -0.082943      0.075835      
173      0.425770      0.018355      0.103805      1.569099      -0.078884      0.071775      
174      0.425730      0.018285      0.103765      1.569132      -0.078020      0.070911      
175      0.425760      0.018175      0.103765      1.569190      -0.076435      0.069324      
176      0.425730      0.018145      0.103785      1.569459      -0.068725      0.061612      
177      0.425760      0.018045      0.103755      1.569490      -0.067791      0.060678      
178      0.425820      0.017905      0.103715      1.569489      -0.067814      0.060701      
179      0.425820      0.017905      0.103715      1.569436      -0.069408      0.062296      
180      0.425810      0.017915      0.103715      1.569415      -0.070052      0.062940      
181      0.425820      0.017905      0.103715      1.569436      -0.069432      0.062319      
182      0.425820      0.017955      0.103755      1.569528      -0.066597      0.059484      
183      0.425780      0.017895      0.103695      1.569556      -0.065718      0.058604      
184      0.425710      0.017805      0.103625      1.569564      -0.065459      0.058345      
185      0.425560      0.017715      0.103495      1.569617      -0.063763      0.056649      
186      0.425420      0.017535      0.103345      1.569630      -0.063339      0.056225      
187      0.425260      0.017375      0.103205      1.569676      -0.061839      0.054725      
188      0.425160      0.017305      0.103145      1.569684      -0.061564      0.054450      
189      0.424980      0.017155      0.103045      1.569744      -0.059499      0.052384      
190      0.424740      0.016915      0.102885      1.570015      -0.049261      0.042143      
191      0.424600      0.016795      0.102785      1.570118      -0.044746      0.037626      
192      0.424520      0.016685      0.102735      1.570135      -0.043984      0.036864      
193      0.424480      0.016685      0.102745      1.570135      -0.043992      0.036872      
194      0.424460      0.016675      0.102695      1.570132      -0.044133      0.037014      
195      0.424470      0.016655      0.102705      1.570118      -0.044753      0.037634      
196      0.424470      0.016675      0.102715      1.570156      -0.042987      0.035867      
197      0.424450      0.016715      0.102725      1.570275      -0.036956      0.029835      
198      0.424470      0.016705      0.102735      1.570288      -0.036288      0.029167      
199      0.424460      0.016735      0.102725      1.570444      -0.026355      0.019231      
200      0.424480      0.016725      0.102715      1.570544      -0.017520      0.010395      
201      0.424470      0.016715      0.102705      1.570593      -0.011387      0.004260      
202      0.424420      0.016765      0.102705      1.570630      -0.003651      -0.003477      
203      0.424350      0.016895      0.102705      1.570637      0.000205      -0.007333      
204      0.424290      0.016875      0.102705      1.570630      0.008938      -0.016068      
205      0.424260      0.016885      0.102695      1.570622      0.011113      -0.018243      
206      0.424260      0.016885      0.102695      1.570613      0.013320      -0.020450      
207      0.424270      0.017005      0.102735      1.570548      0.022548      -0.029679      
208      0.424230      0.017125      0.102735      1.570469      0.029750      -0.036882      
209      0.424280      0.017165      0.102745      1.570398      0.034957      -0.042089      
210      0.424330      0.017265      0.102755      1.570385      0.035813      -0.042945      
211      0.424340      0.017365      0.102755      1.570425      0.033111      -0.040243      
212      0.424350      0.017375      0.102765      1.570375      0.036457      -0.043589      
213      0.424350      0.017395      0.102755      1.570331      0.039142      -0.046275      
214      0.424360      0.017405      0.102765      1.570311      0.040305      -0.047438      
215      0.424370      0.017395      0.102765      1.570263      0.042991      -0.050124      
216      0.424360      0.017385      0.102755      1.570052      0.053043      -0.060177      
217      0.424350      0.017415      0.102745      1.569987      0.055760      -0.062894      
218      0.424360      0.017405      0.102795      1.569930      0.058030      -0.065164      
219      0.424390      0.017415      0.102805      1.569870      0.060307      -0.067441      
220      0.424380      0.017425      0.102805      1.569716      0.065836      -0.072970      
221      0.424410      0.017385      0.102825      1.569631      0.068671      -0.075805      
222      0.424460      0.017375      0.102805      1.569490      0.073139      -0.080273      
223      0.424490      0.017375      0.102835      1.569300      0.078738      -0.085872      
224      0.424500      0.017365      0.102845      1.569237      0.080505      -0.087639      
225      0.424560      0.017345      0.102865      1.569155      0.082766      -0.089901      
226      0.424590      0.017375      0.102935      1.569021      0.086292      -0.093426      
227      0.424620      0.017405      0.102905      1.568976      0.087446      -0.094581      
228      0.424610      0.017415      0.102895      1.568889      0.089645      -0.096779      
229      0.424580      0.017405      0.102895      1.568663      0.095079      -0.102213      
230      0.424540      0.017365      0.102875      1.568623      0.096021      -0.103155      
231      0.424480      0.017305      0.102875      1.568405      0.100928      -0.108062      
232      0.424440      0.017285      0.102855      1.568360      0.101902      -0.109035      
233      0.424430      0.017285      0.102865      1.568360      0.101902      -0.109035      
234      0.424430      0.017255      0.102825      1.568135      0.106683      -0.113817      
235      0.424410      0.017175      0.102835      1.567781      0.113797      -0.120930      
236      0.424460      0.017095      0.102805      1.567751      0.114370      -0.121503      
237      0.424480      0.017095      0.102815      1.567627      0.116757      -0.123889      
238      0.424450      0.017195      0.102855      1.567354      0.121797      -0.128929      
239      0.424460      0.017155      0.102855      1.567234      0.123956      -0.131088      
240      0.424440      0.017115      0.102885      1.567172      0.125055      -0.132187      
241      0.424440      0.017115      0.102885      1.567138      0.125659      -0.132791      
242      0.424490      0.017095      0.102885      1.566880      0.130102      -0.137234      
243      0.424510      0.017115      0.102895      1.566744      0.132387      -0.139518      
244      0.424510      0.017115      0.102895      1.566610      0.134593      -0.141723      
245      0.424510      0.017095      0.102915      1.566405      0.137913      -0.145043      
246      0.424510      0.017095      0.102935      1.566301      0.139554      -0.146684      
247      0.424560      0.017015      0.102905      1.565981      0.144522      -0.151652      
248      0.424580      0.016985      0.102905      1.565837      0.146697      -0.153826      
249      0.424550      0.016995      0.102915      1.565572      0.150613      -0.157742      
250      0.424520      0.016995      0.102915      1.565498      0.151681      -0.158809      
251      0.424470      0.016915      0.102985      1.565227      0.155558      -0.162685      
252      0.424420      0.016925      0.103025      1.564746      0.162197      -0.169324      
253      0.424410      0.016895      0.103045      1.564333      0.167683      -0.174808      
254      0.424430      0.016895      0.103045      1.564074      0.171034      -0.178158      
255      0.424420      0.016885      0.103075      1.563725      0.175451      -0.182575      
256      0.424400      0.016815      0.103125      1.563185      0.182058      -0.189181      
257      0.424390      0.016755      0.103225      1.562708      0.187699      -0.194821      
258      0.424420      0.016725      0.103225      1.562367      0.191638      -0.198758      
259      0.424510      0.016555      0.103295      1.561861      0.197325      -0.204444      
260      0.424560      0.016445      0.103355      1.561191      0.204605      -0.211722      
261      0.424630      0.016315      0.103315      1.560722      0.209538      -0.216654      
262      0.424800      0.015995      0.103285      1.560397      0.212895      -0.220010      
263      0.425020      0.015595      0.103245      1.559970      0.217232      -0.224346      
264      0.425240      0.015195      0.103145      1.559580      0.221106      -0.228219      
265      0.425380      0.014935      0.103115      1.559066      0.226117      -0.233228      
266      0.425520      0.014775      0.103185      1.558764      0.229003      -0.236113      
267      0.425690      0.014575      0.103185      1.558448      0.231990      -0.239099      
268      0.425840      0.014455      0.103195      1.558189      0.234405      -0.241513      
269      0.425970      0.014365      0.103225      1.557872      0.237330      -0.244437      
270      0.426130      0.014215      0.103225      1.557422      0.241422      -0.248528      
271      0.426410      0.013945      0.103335      1.557121      0.244119      -0.251223      
272      0.426820      0.013505      0.103525      1.556985      0.245326      -0.252430      
273      0.427010      0.013285      0.103525      1.556665      0.248148      -0.255251      
274      0.427170      0.013075      0.103545      1.556196      0.252224      -0.259326      
275      0.427240      0.012985      0.103555      1.555938      0.254434      -0.261535      
276      0.427370      0.012865      0.103515      1.555870      0.255022      -0.262123      
277      0.427430      0.012795      0.103485      1.555599      0.257319      -0.264418      
278      0.427460      0.012845      0.103475      1.554931      0.262899      -0.269996      
279      0.427460      0.012815      0.103445      1.554672      0.265022      -0.272119      
280      0.427490      0.012765      0.103455      1.554053      0.270045      -0.277140      
281      0.427500      0.012795      0.103455      1.553497      0.274480      -0.281573      
282      0.427530      0.012795      0.103465      1.553350      0.275640      -0.282732      
283      0.427550      0.012815      0.103485      1.552985      0.278499      -0.285590      
284      0.427570      0.012835      0.103495      1.552832      0.279682      -0.286773      
285      0.427620      0.012825      0.103455      1.552261      0.284077      -0.291166      
286      0.427680      0.012885      0.103415      1.551585      0.289185      -0.296271      
287      0.427740      0.012955      0.103445      1.551412      0.290485      -0.297570      
288      0.427780      0.012975      0.103435      1.550959      0.293837      -0.300921      
289      0.427830      0.013015      0.103425      1.550564      0.296735      -0.303818      
290      0.427900      0.013035      0.103415      1.550402      0.297917      -0.305000      
291      0.427980      0.013065      0.103455      1.549986      0.300925      -0.308005      
292      0.428000      0.013115      0.103495      1.550121      0.299953      -0.307035      
293      0.428050      0.013145      0.103445      1.549743      0.302671      -0.309751      
294      0.428160      0.013165      0.103375      1.549034      0.307698      -0.314775      
295      0.428230      0.013205      0.103415      1.548126      0.314016      -0.321090      
296      0.428320      0.013215      0.103415      1.547625      0.317445      -0.324518      
297      0.428480      0.013135      0.103295      1.547383      0.319089      -0.326161      
298      0.428590      0.013035      0.103265      1.547046      0.321367      -0.328437      
299      0.428690      0.012935      0.103245      1.546220      0.326869      -0.333937      
300      0.428720      0.012905      0.103245      1.546126      0.327495      -0.334563      
301      0.428790      0.012835      0.103235      1.545609      0.330884      -0.337949      
302      0.428830      0.012875      0.103285      1.545171      0.333732      -0.340796      
303      0.428870      0.012865      0.103285      1.544900      0.335477      -0.342540      
304      0.428880      0.012865      0.103285      1.544553      0.337707      -0.344769      
305      0.428920      0.012865      0.103305      1.543846      0.342191      -0.349250      
306      0.428960      0.012865      0.103275      1.543848      0.342183      -0.349242      
307      0.429050      0.012805      0.103225      1.544950      0.335157      -0.342220      
308      0.429070      0.012795      0.103235      1.545455      0.331886      -0.338951      
309      0.429120      0.012835      0.103375      1.547780      0.316388      -0.323461      
310      0.429160      0.012895      0.103605      1.550004      0.300799      -0.307880      
311      0.429160      0.012885      0.103785      1.551976      0.286239      -0.293327      
312      0.429160      0.012885      0.103885      1.553803      0.272051      -0.279145      
313      0.429140      0.012875      0.103905      1.557933      0.236773      -0.243880      
314      0.429180      0.012835      0.104055      1.561856      0.197372      -0.204491      
315      0.429180      0.012845      0.104215      1.564021      0.171716      -0.178841      
316      0.429190      0.012845      0.104305      1.564765      0.161938      -0.169065      
317      0.429170      0.012865      0.104455      1.566746      0.132355      -0.139487      
318      0.429190      0.012875      0.104465      1.567958      0.110311      -0.117444      
319      0.429150      0.012885      0.104595      1.568735      0.093382      -0.100517      
320      0.429100      0.012835      0.104775      1.569647      0.068144      -0.075279      
321      0.429050      0.012915      0.105055      1.570481      0.028799      -0.035932      
322      0.428930      0.012855      0.105215      1.570535      0.023828      -0.030960      
323      0.428800      0.012825      0.105365      1.570624      0.010626      -0.017756      
324      0.428700      0.012855      0.105435      1.570638      0.000684      -0.007812      
325      0.428580      0.012835      0.105605      1.570596      -0.010868      0.003742      
326      0.428520      0.012785      0.105995      1.570504      -0.021431      0.014306      
327      0.428460      0.012835      0.106345      1.570119      -0.044706      0.037587      
328      0.428350      0.012905      0.106585      1.569635      -0.063198      0.056083      
329      0.428240      0.012945      0.106805      1.568901      -0.083979      0.076871      
330      0.428210      0.012955      0.106925      1.567507      -0.113642      0.106545      
331      0.428240      0.012875      0.106825      1.564984      -0.153573      0.146494      
332      0.428250      0.012935      0.106795      1.563044      -0.178374      0.171307      
333      0.428250      0.013005      0.106845      1.561951      -0.190944      0.183884      
334      0.428260      0.013125      0.107005      1.558753      -0.223732      0.216691      
335      0.428280      0.013165      0.106995      1.555550      -0.252342      0.245321      
336      0.428230      0.013255      0.107025      1.554006      -0.265036      0.258023      
337      0.428070      0.013385      0.107085      1.552167      -0.279393      0.272392      
338      0.427920      0.013435      0.107175      1.548993      -0.302580      0.295596      
339      0.427830      0.013395      0.107265      1.547310      -0.314180      0.307205      
340      0.427800      0.013345      0.107345      1.546825      -0.317441      0.310469      
341      0.427720      0.013315      0.107485      1.543871      -0.336619      0.329664      
342      0.427700      0.013275      0.107545      1.539990      -0.360256      0.353322      
343      0.427580      0.013165      0.107745      1.538110      -0.371159      0.364235      
344      0.427420      0.013015      0.108055      1.535591      -0.385274      0.378364      
345      0.427350      0.012965      0.108435      1.530829      -0.410608      0.403723      
346      0.427170      0.012815      0.108765      1.528149      -0.424191      0.417320      
347      0.427060      0.012705      0.108975      1.525488      -0.437245      0.430389      
348      0.426910      0.012555      0.109175      1.522728      -0.450380      0.443538      
349      0.426750      0.012395      0.109525      1.520301      -0.461608      0.454779      
350      0.426660      0.012345      0.109745      1.518275      -0.470770      0.463951      
351      0.426470      0.012195      0.110025      1.514550      -0.487155      0.480356      
352      0.426380      0.011965      0.110245      1.509787      -0.507306      0.500532      
353      0.426250      0.011825      0.110465      1.503031      -0.534537      0.527797      
354      0.426070      0.011695      0.110765      1.497821      -0.554586      0.547873      
355      0.425920      0.011545      0.111115      1.491408      -0.578266      0.571586      
356      0.425800      0.011485      0.111255      1.486039      -0.597330      0.590677      
357      0.425700      0.011405      0.111405      1.481318      -0.613577      0.606948      
358      0.425680      0.011365      0.111455      1.478888      -0.621765      0.615149      
359      0.425620      0.011335      0.111525      1.475454      -0.633141      0.626541      
360      0.425540      0.011325      0.111605      1.470249      -0.649983      0.643410      
361      0.425470      0.011245      0.111715      1.463501      -0.671143      0.664604      
362      0.425380      0.011185      0.111865      1.458157      -0.687403      0.680891      
363      0.425160      0.010985      0.112185      1.454003      -0.699761      0.693269      
364      0.424860      0.010675      0.112885      1.447295      -0.719231      0.712772      
365      0.424650      0.010485      0.113255      1.443537      -0.729890      0.723451      
366      0.424460      0.010255      0.113565      1.437936      -0.745471      0.739059      
367      0.424310      0.010065      0.113875      1.432624      -0.759925      0.753539      
368      0.424230      0.009995      0.114005      1.429827      -0.767415      0.761043      
369      0.424040      0.009815      0.114425      1.423187      -0.784879      0.778540      
370      0.423870      0.009665      0.114885      1.418322      -0.797405      0.791090      
371      0.423660      0.009475      0.115325      1.413561      -0.809454      0.803163      
372      0.423470      0.009295      0.115875      1.407491      -0.824532      0.818270      
373      0.423140      0.008995      0.116665      1.401644      -0.838769      0.832536      
374      0.422900      0.008805      0.117215      1.397385      -0.848968      0.842756      
375      0.422640      0.008625      0.117615      1.394105      -0.856731      0.850535      
376      0.422510      0.008525      0.117805      1.392321      -0.860919      0.854732      
377      0.422190      0.008225      0.118255      1.388265      -0.870355      0.864188      
378      0.421860      0.007915      0.118715      1.386031      -0.875504      0.869348      
379      0.421520      0.007625      0.119175      1.382137      -0.884398      0.878261      
380      0.421080      0.007255      0.119635      1.376215      -0.897727      0.891619      
381      0.420260      0.006765      0.120505      1.365938      -0.920334      0.914276      
382      0.419600      0.006555      0.121035      1.358525      -0.936249      0.930227      
383      0.418870      0.006295      0.121695      1.354365      -0.945045      0.939043      
384      0.418530      0.006215      0.122025      1.347549      -0.959249      0.953280      
385      0.417770      0.006055      0.122645      1.332157      -0.990450      0.984555      
386      0.417090      0.005625      0.123345      1.322886      -1.008692      1.002842      
