44      74.611619      0.436330      
45      74.048958      0.436330      
46      73.285755      0.436330      
47      72.323158      0.436330      
48      71.441923      0.436330      
49      70.200859      0.436330      
50      68.998759      0.436330      
51      67.436257      0.436330      
52      66.156231      0.436330      
53      64.877925      0.436330      
54      64.126182      0.436330      
55      63.849435      0.436330      
56      63.378450      0.436330      
57      63.030654      0.436330      
58      62.839854      0.436330      
59      62.823237      0.436330      
60      63.154417      0.436330      
61      63.250676      0.436330      
62      63.177909      0.436330      
63      63.425434      0.436330      
64      63.431736      0.436330      
65      63.273022      0.436330      
66      62.992838      0.436330      
67      62.441636      0.436330      
68      61.759796      0.436330      
69      61.246984      0.436330      
70      59.966385      0.436330      
71      58.998631      0.436330      
72      58.432532      0.436330      
73      57.103231      0.436330      
74      56.621359      0.436330      
75      55.750438      0.436330      
76      55.145376      0.436330      
77      54.896705      0.436330      
78      54.460672      0.436330      
79      53.456247      0.436330      
80      52.749196      0.436330      
81      52.517141      0.436330      
82      52.446093      0.436330      
83      52.007767      0.436330      
84      51.131689      0.436330      
85      50.634347      0.436330      
86      49.320516      0.436330      
87      48.245615      0.436330      
88      47.771192      0.436330      
89      47.052109      0.436330      
90      46.819481      0.436330      
91      46.624097      0.436330      
92      45.984084      0.436330      
93      45.627694      0.436330      
94      44.346522      0.436330      
95      42.853350      0.436330      
96      42.227662      0.436330      
97      41.126978      0.436330      
98      39.830909      0.436330      
99      38.882063      0.436330      
100      38.183607      0.436330      
101      37.082922      0.436330      
102      36.006303      0.436330      
103      35.439631      0.436330      
104      35.113608      0.436330      
105      34.637466      0.436330      
106      34.395671      0.436330      
107      34.276492      0.436330      
108      34.109184      0.436330      
109      33.536209      0.436330      
110      33.257170      0.436330      
111      32.882445      0.436330      
112      32.154767      0.436330      
113      31.592106      0.436330      
114      30.278275      0.436330      
115      29.517937      0.436330      
116      28.237912      0.436330      
117      26.924081      0.436330      
118      25.249276      0.436330      
119      24.207608      0.436330      
120      23.364762      0.436330      
121      22.920707      0.436330      
122      22.516187      0.436330      
123      21.669903      0.436330      
124      20.940506      0.436330      
125      19.697151      0.436330      
126      19.255388      0.436330      
127      19.172306      0.436330      
128      18.846284      0.436330      
129      18.767213      0.436330      
130      18.608499      0.436330      
131      18.309979      0.436330      
132      18.001146      0.436330      
133      17.417285      0.436330      
134      17.111316      0.436330      
135      17.122776      0.436330      
136      16.923381      0.436330      
137      16.725704      0.436330      
138      16.140124      0.436330      
139      15.746491      0.436330      
140      15.747636      0.436330      
141      15.559701      0.436330      
142      15.293268      0.436330      
143      15.373484      0.436330      
144      15.290976      0.436330      
145      15.375203      0.436330      
146      15.727009      0.436330      
147      15.687474      0.436330      
148      15.561993      0.436330      
149      15.744199      0.436330      
150      15.680598      0.436330      
151      15.896037      0.436330      
152      16.031832      0.436330      
153      15.725863      0.436330      
154      15.534490      0.436330      
155      15.028553      0.436330      
156      14.644660      0.436330      
157      14.718001      0.436330      
158      14.741493      0.436330      
159      14.840045      0.436330      
160      14.905364      0.436330      
161      14.977558      0.436330      
162      14.992456      0.436330      
163      14.934585      0.436330      
164      14.912812      0.436330      
165      14.767277      0.436330      
166      14.673309      0.436330      
167      14.605698      0.436330      
168      14.456152      0.436330      
169      14.398281      0.436330      
170      14.506573      0.436330      
171      14.258475      0.436330      
172      13.885469      0.436330      
173      13.797804      0.436330      
174      13.472354      0.436330      
175      12.981315      0.436330      
176      12.736654      0.436330      
177      12.577367      0.436330      
178      12.417508      0.436330      
179      12.138469      0.436330      
180      11.815884      0.436330      
181      11.813019      0.436330      
182      11.483559      0.436330      
183      11.360369      0.436330      
184      11.356358      0.436330      
185      11.272704      0.436330      
186      11.355212      0.436330      
187      11.110552      0.436330      
188      10.910011      0.436330      
189      10.626962      0.436330      
190      10.420118      0.436330      
191      10.374853      0.436330      
192      10.215566      0.436330      
193      10.175458      0.436330      
194      10.370269      0.436330      
195      10.164571      0.436330      
196      10.033933      0.436330      
197      9.902149      0.436330      
198      9.658061      0.436330      
199      9.479293      0.436330      
200      9.343498      0.436330      
201      9.297087      0.436330      
202      9.085087      0.436330      
203      9.111444      0.436330      
204      8.940124      0.436330      
205      8.813497      0.436330      
206      8.849594      0.436330      
207      8.728696      0.436330      
208      8.768805      0.436330      
209      8.328760      0.436330      
210      8.246252      0.436330      
211      7.883559      0.436330      
212      7.722553      0.436330      
213      7.480758      0.436330      
214      7.322617      0.436330      
215      6.922680      0.436330      
216      6.883718      0.436330      
217      6.521598      0.436330      
218      6.439663      0.436330      
219      5.838612      0.436330      
220      5.761261      0.436330      
221      5.723444      0.436330      
222      5.526341      0.436330      
223      5.526341      0.436330      
224      5.324654      0.436330      
225      5.245583      0.436330      
226      4.926436      0.436330      
227      4.728187      0.436330      
228      4.647398      0.436330      
229      4.565462      0.436330      
230      4.637657      0.436330      
231      4.629636      0.436330      
232      4.426802      0.436330      
233      4.508738      0.436330      
234      4.510457      0.436330      
235      4.510457      0.436330      
236      4.469776      0.436330      
237      4.355181      0.436330      
238      4.277829      0.436330      
239      4.359764      0.436330      
240      4.240586      0.436330      
241      4.121407      0.436330      
242      3.846952      0.436330      
243      3.493427      0.436330      
244      3.538119      0.436330      
245      3.180010      0.436330      
246      2.981187      0.436330      
247      2.940506      0.436330      
248      2.819608      0.436330      
249      2.736527      0.436330      
250      2.814452      0.436330      
251      2.733662      0.436330      
252      2.774343      0.436330      
253      2.695273      0.436330      
254      2.695273      0.436330      
255      2.779500      0.436330      
256      2.739965      0.436330      
257      2.778354      0.436330      
258      2.773198      0.436330      
259      2.613338      0.436330      
260      2.648862      0.436330      
261      2.487856      0.436330      
262      2.287888      0.436330      
263      2.368677      0.436330      
264      2.287315      0.436330      
265      2.246634      0.436330      
266      2.327423      0.436330      
267      2.085628      0.436330      
268      2.118287      0.436330      
269      2.113704      0.436330      
270      2.184753      0.436330      
271      2.265542      0.436330      
272      2.102817      0.436330      
273      2.018017      0.436330      
274      1.935509      0.436330      
275      1.494318      0.436330      
276      1.491453      0.436330      
277      1.485150      0.436330      
278      1.584275      0.436330      
279      1.888525      0.436330      
280      1.876492      0.436330      
281      1.810600      0.436330      
282      1.945249      0.436330      
283      1.839822      0.436330      
284      1.777940      0.436330      
285      1.799714      0.436330      
286      1.499475      0.436330      
287      1.567086      0.436330      
288      1.471972      0.436330      
289      1.502913      0.436330      
290      1.641000      0.436330      
291      1.702308      0.436330      
292      1.563648      0.436330      
293      1.548178      0.436330      
294      1.530415      0.436330      
295      1.522967      0.436330      
296      1.360815      0.436330      
297      1.198090      0.436330      
298      0.993538      0.436330      
299      0.987808      0.436330      
300      0.864619      0.436330      
301      0.500780      0.436330      
302      0.579850      0.436330      
303      0.421709      0.436330      
304      0.258985      0.436330      
305      0.178768      0.436330      
306      0.178768      0.436330      
307      0.018908      0.436330      
308      -0.297374      0.436330      
309      -0.701894      0.436330      
310      -0.945408      0.436330      
311      -1.187204      0.436330      
312      -1.509215      0.436330      
313      -1.671940      0.436330      
314      -1.756167      0.436330      
315      -1.958428      0.436330      
316      -1.921184      0.436330      
317      -2.003120      0.436330      
318      -2.196785      0.436330      
319      -2.065001      0.436330      
320      -2.287888      0.436330      
321      -2.356072      0.436330      
322      -2.393315      0.436330      
323      -2.475251      0.436330      
324      -2.478116      0.436330      
325      -2.607608      0.436330      
326      -2.616775      0.436330      
327      -3.068279      0.436330      
328      -3.114690      0.436330      
329      -3.276842      0.436330      
330      -3.276842      0.436330      
331      -3.273404      0.436330      
332      -3.351329      0.436330      
333      -3.510616      0.436330      
334      -3.590259      0.436330      
335      -3.670476      0.436330      
336      -3.671622      0.436330      
337      -3.634378      0.436330      
338      -3.917428      0.436330      
339      -3.920293      0.436330      
340      -4.041191      0.436330      
341      -4.362056      0.436330      
342      -4.442273      0.436330      
343      -4.484100      0.436330      
344      -4.523062      0.436330      
345      -4.485819      0.436330      
346      -4.607862      0.436330      
347      -4.689798      0.436330      
348      -4.810123      0.436330      
349      -4.734490      0.436330      
350      -4.976285      0.436330      
351      -4.857106      0.436330      
352      -4.935604      0.436330      
353      -4.774025      0.436330      
354      -4.771160      0.436330      
355      -4.812987      0.436330      
356      -4.771160      0.436330      
357      -4.811269      0.436330      
358      -4.811269      0.436330      
359      -4.849658      0.436330      
360      -4.887474      0.436330      
361      -4.847366      0.436330      
362      -4.930447      0.436330      
363      -5.254178      0.436330      
364      -5.337832      0.436330      
365      -5.502849      0.436330      
366      -5.911380      0.436330      
367      -5.957218      0.436330      
368      -5.919975      0.436330      
369      -6.003056      0.436330      
370      -5.597963      0.436330      
371      -5.439822      0.436330      
372      -5.275951      0.436330      
373      -4.793506      0.436330      
374      -4.226834      0.436330      
375      -2.730797      0.436330      
376      -0.784975      0.436330      
377      -0.414261      0.436330      
378      -0.211428      0.436330      
379      0.197103      0.436330      
380      0.160433      0.436330      
381      0.446347      0.436330      
382      0.850867      0.436330      
383      1.096674      0.436330      
384      1.908006      0.436330      
385      2.478116      0.436330      
386      2.970874      0.436330      
387      3.459621      0.436330      
388      4.519051      0.436330      
389      5.338405      0.436330      
390      6.812096      0.436330      
391      8.207862      0.436330      
392      9.477001      0.436330      
393      11.760879      0.436330      
394      14.033869      0.436330      
395      17.000159      0.436330      
396      19.149387      0.436330      
397      19.878784      0.436330      
398      21.580519      0.436330      
399      23.325800      0.436330      
400      24.711826      0.436330      
401      25.495082      0.436330      
402      26.400955      0.436330      
403      28.245360      0.436330      
404      29.708165      0.436330      
405      30.891931      0.436330      
406      31.382397      0.436330      
407      32.238994      0.436330      
408      34.426611      0.436330      
409      35.483177      0.436330      
410      36.306541      0.436330      
411      39.284864      0.436330      
412      39.949515      0.436330      
413      40.825020      0.436330      
414      42.518733      0.436330      
415      42.935859      0.436330      
416      43.490498      0.436330      
417      44.811778      0.436330      
418      45.366990      0.436330      
419      45.866051      0.436330      
420      47.256661      0.436330      
421      47.629094      0.436330      
422      48.367086      0.436330      
423      49.142321      0.436330      
424      49.431100      0.436330      
425      50.726023      0.436330      
426      51.981983      0.436330      
427      53.396658      0.436330      
428      54.929365      0.436330      
429      56.752570      0.436330      
430      58.702403      0.436330      
431      60.934140      0.436330      
432      62.197549      0.436330      
433      62.768805      0.436330      
434      63.465542      0.436330      
435      65.342607      0.436330      
436      66.819163      0.436330      
437      67.769155      0.436330      
438      68.465892      0.436330      
439      69.372338      0.436330      
440      70.316600      0.436330      
441      70.899316      0.436330      
442      71.880248      0.436330      
443      73.093236      0.436330      
444      73.906287      0.436330      
