43      74.378991      0.436330      
44      73.580837      0.436330      
45      72.462391      0.436330      
46      71.541047      0.436330      
47      70.549228      0.436330      
48      69.575171      0.436330      
49      69.009072      0.436330      
50      68.299156      0.436330      
51      67.445997      0.436330      
52      66.558459      0.436330      
53      65.925895      0.436330      
54      65.402196      0.436330      
55      64.700302      0.436330      
56      63.907305      0.436330      
57      62.598631      0.436330      
58      60.955913      0.436330      
59      60.084418      0.436330      
60      59.291994      0.436330      
61      58.199905      0.436330      
62      57.621200      0.436330      
63      57.012128      0.436330      
64      56.492440      0.436330      
65      56.042655      0.436330      
66      55.591724      0.436330      
67      55.166004      0.436330      
68      54.297374      0.436330      
69      53.292949      0.436330      
70      52.348114      0.436330      
71      51.501830      0.436330      
72      50.732898      0.436330      
73      49.802960      0.436330      
74      49.331975      0.436330      
75      48.928601      0.436330      
76      48.545854      0.436330      
77      48.172274      0.436330      
78      48.031896      0.436330      
79      47.627375      0.436330      
80      46.573102      0.436330      
81      45.731402      0.436330      
82      45.078784      0.436330      
83      44.724686      0.436330      
84      44.379755      0.436330      
85      43.856629      0.436330      
86      43.028108      0.436330      
87      42.443673      0.436330      
88      41.525195      0.436330      
89      40.821009      0.436330      
90      40.128283      0.436330      
91      39.198345      0.436330      
92      38.353780      0.436330      
93      37.350501      0.436330      
94      35.879675      0.436330      
95      35.394939      0.436330      
96      35.356549      0.436330      
97      35.241382      0.436330      
98      35.237371      0.436330      
99      35.151997      0.436330      
100      34.886710      0.436330      
101      34.596212      0.436330      
102      34.098870      0.436330      
103      33.332230      0.436330      
104      33.125959      0.436330      
105      32.644087      0.436330      
106      32.519752      0.436330      
107      32.417762      0.436330      
108      31.952507      0.436330      
109      31.371510      0.436330      
110      30.812287      0.436330      
111      30.086328      0.436330      
112      29.470953      0.436330      
113      28.439599      0.436330      
114      27.888970      0.436330      
115      27.184784      0.436330      
116      25.970651      0.436330      
117      25.870953      0.436330      
118      25.758650      0.436330      
119      25.531179      0.436330      
120      25.408563      0.436330      
121      25.119784      0.436330      
122      24.780010      0.436330      
123      24.629890      0.436330      
124      24.099889      0.436330      
125      23.193443      0.436330      
126      22.848512      0.436330      
127      22.189018      0.436330      
128      21.278561      0.436330      
129      21.074009      0.436330      
130      20.933630      0.436330      
131      20.641413      0.436330      
132      20.257520      0.436330      
133      20.071304      0.436330      
134      19.678243      0.436330      
135      19.503486      0.436330      
136      19.333312      0.436330      
137      19.151679      0.436330      
138      18.881808      0.436330      
139      18.414834      0.436330      
140      18.196530      0.436330      
141      17.945567      0.436330      
142      17.456247      0.436330      
143      16.994429      0.436330      
144      16.262168      0.436330      
145      15.812383      0.436330      
146      15.455992      0.436330      
147      15.323635      0.436330      
148      14.969537      0.436330      
149      14.674455      0.436330      
150      14.696228      0.436330      
151      14.243578      0.436330      
152      13.442559      0.436330      
153      13.224829      0.436330      
154      13.319370      0.436330      
155      13.305045      0.436330      
156      13.240299      0.436330      
157      12.893650      0.436330      
158      12.508038      0.436330      
159      12.683941      0.436330      
160      12.826611      0.436330      
161      12.993920      0.436330      
162      12.899952      0.436330      
163      13.051791      0.436330      
164      13.081585      0.436330      
165      13.197326      0.436330      
166      13.324527      0.436330      
167      13.166958      0.436330      
168      13.197326      0.436330      
169      13.122266      0.436330      
170      12.682222      0.436330      
171      12.723476      0.436330      
172      12.479389      0.436330      
173      12.367086      0.436330      
174      12.407194      0.436330      
175      11.980328      0.436330      
176      11.746554      0.436330      
177      11.726500      0.436330      
178      11.665765      0.436330      
179      11.394748      0.436330      
180      11.495018      0.436330      
181      11.639981      0.436330      
182      11.557473      0.436330      
183      11.740251      0.436330      
184      11.700716      0.436330      
185      11.672067      0.436330      
186      11.614197      0.436330      
187      11.524813      0.436330      
188      11.222282      0.436330      
189      11.099666      0.436330      
190      10.923190      0.436330      
191      10.491740      0.436330      
192      10.318701      0.436330      
193      10.108420      0.436330      
194      9.708483      0.436330      
195      9.647748      0.436330      
196      9.365844      0.436330      
197      9.342352      0.436330      
198      9.213433      0.436330      
199      8.999714      0.436330      
200      9.027216      0.436330      
201      8.902308      0.436330      
202      8.590610      0.436330      
203      8.494923      0.436330      
204      8.575139      0.436330      
205      8.289798      0.436330      
206      8.251982      0.436330      
207      8.006748      0.436330      
208      7.755212      0.436330      
209      7.229222      0.436330      
210      6.998313      0.436330      
211      7.146140      0.436330      
212      7.224638      0.436330      
213      7.213178      0.436330      
214      7.269330      0.436330      
215      7.173070      0.436330      
216      7.010918      0.436330      
217      6.930129      0.436330      
218      6.907210      0.436330      
219      6.861945      0.436330      
220      7.124367      0.436330      
221      7.236097      0.436330      
222      7.385071      0.436330      
223      7.461276      0.436330      
224      7.422314      0.436330      
225      7.377622      0.436330      
226      7.302562      0.436330      
227      7.229222      0.436330      
228      6.881999      0.436330      
229      6.838453      0.436330      
230      6.928410      0.436330      
231      6.597804      0.436330      
232      6.514722      0.436330      
233      6.636193      0.436330      
234      6.519879      0.436330      
235      6.515295      0.436330      
236      5.990450      0.436330      
237      5.510871      0.436330      
238      5.388254      0.436330      
239      5.304600      0.436330      
240      5.272513      0.436330      
241      5.101194      0.436330      
242      5.067388      0.436330      
243      5.122967      0.436330      
244      5.154480      0.436330      
245      5.313194      0.436330      
246      5.308611      0.436330      
247      5.202037      0.436330      
248      5.120102      0.436330      
249      4.877161      0.436330      
250      4.575776      0.436330      
251      4.405029      0.436330      
252      4.192456      0.436330      
253      3.213815      0.436330      
254      2.652300      0.436330      
255      2.475824      0.436330      
256      2.662040      0.436330      
257      2.918733      0.436330      
258      2.970301      0.436330      
259      2.978895      0.436330      
260      3.090053      0.436330      
261      3.060258      0.436330      
262      2.841382      0.436330      
263      2.829922      0.436330      
264      2.812160      0.436330      
265      2.773770      0.436330      
266      2.684386      0.436330      
267      2.472959      0.436330      
268      2.544581      0.436330      
269      2.503326      0.436330      
270      2.176731      0.436330      
271      2.188763      0.436330      
272      2.095368      0.436330      
273      2.054687      0.436330      
274      1.853573      0.436330      
275      1.751011      0.436330      
276      1.610632      0.436330      
277      1.771065      0.436330      
278      1.775076      0.436330      
279      1.515518      0.436330      
280      1.345918      0.436330      
281      1.270858      0.436330      
282      0.974057      0.436330      
283      0.881235      0.436330      
284      0.880662      0.436330      
285      0.830813      0.436330      
286      0.784402      0.436330      
287      0.572402      0.436330      
288      0.432596      0.436330      
289      0.271590      0.436330      
290      0.174757      0.436330      
291      0.120325      0.436330      
292      0.001719      0.436330      
293      -0.118606      0.436330      
294      -0.271590      0.436330      
295      -0.660640      0.436330      
296      -1.110998      0.436330      
297      -1.264555      0.436330      
298      -1.345345      0.436330      
299      -1.346491      0.436330      
300      -1.296642      0.436330      
301      -1.388891      0.436330      
302      -1.351074      0.436330      
303      -1.304090      0.436330      
304      -1.404934      0.436330      
305      -1.408945      0.436330      
306      -1.412956      0.436330      
307      -1.332166      0.436330      
308      -1.271431      0.436330      
309      -1.520102      0.436330      
310      -1.489734      0.436330      
311      -1.335604      0.436330      
312      -1.394620      0.436330      
313      -1.394620      0.436330      
314      -1.403215      0.436330      
315      -1.462804      0.436330      
316      -1.635270      0.436330      
317      -1.883941      0.436330      
318      -1.993952      0.436330      
319      -2.388159      0.436330      
320      -2.729651      0.436330      
321      -2.649435      0.436330      
322      -2.756008      0.436330      
323      -2.963998      0.436330      
324      -3.210950      0.436330      
325      -3.371956      0.436330      
326      -3.430972      0.436330      
327      -3.380551      0.436330      
328      -3.761579      0.436330      
329      -3.857266      0.436330      
330      -3.777622      0.436330      
331      -4.108802      0.436330      
332      -4.317364      0.436330      
333      -4.194175      0.436330      
334      -4.205634      0.436330      
335      -4.225115      0.436330      
336      -4.200477      0.436330      
337      -4.317937      0.436330      
338      -4.289289      0.436330      
339      -4.403311      0.436330      
340      -4.648544      0.436330      
341      -4.802101      0.436330      
342      -4.882317      0.436330      
343      -5.214643      0.436330      
344      -5.295432      0.436330      
345      -5.540665      0.436330      
346      -5.667293      0.436330      
347      -5.811682      0.436330      
348      -5.921120      0.436330      
349      -5.997326      0.436330      
350      -6.120516      0.436330      
351      -6.177240      0.436330      
352      -6.135413      0.436330      
353      -6.237403      0.436330      
354      -6.229381      0.436330      
355      -6.205316      0.436330      
356      -6.321630      0.436330      
357      -6.466592      0.436330      
358      -6.350279      0.436330      
359      -6.462582      0.436330      
360      -6.645933      0.436330      
361      -6.660258      0.436330      
362      -6.665988      0.436330      
363      -6.930702      0.436330      
364      -7.072227      0.436330      
365      -7.034983      0.436330      
366      -7.209168      0.436330      
367      -7.224065      0.436330      
368      -7.438357      0.436330      
369      -7.491071      0.436330      
370      -7.695050      0.436330      
371      -7.775840      0.436330      
372      -7.695050      0.436330      
373      -7.867516      0.436330      
374      -7.892726      0.436330      
375      -7.889289      0.436330      
376      -7.923094      0.436330      
377      -8.080662      0.436330      
378      -8.235938      0.436330      
379      -8.510393      0.436330      
380      -8.506382      0.436330      
381      -8.671399      0.436330      
382      -8.670253      0.436330      
383      -8.661658      0.436330      
384      -9.365271      0.436330      
385      -9.657488      0.436330      
386      -9.603056      0.436330      
387      -9.582429      0.436330      
388      -9.421423      0.436330      
389      -9.113163      0.436330      
390      -9.185357      0.436330      
391      -9.211141      0.436330      
392      -9.342352      0.436330      
393      -9.603629      0.436330      
394      -9.602483      0.436330      
395      -9.852873      0.436330      
396      -10.056279      0.436330      
397      -10.135349      0.436330      
398      -10.306669      0.436330      
399      -10.584562      0.436330      
400      -10.817762      0.436330      
401      -10.817762      0.436330      
402      -11.147796      0.436330      
403      -11.316250      0.436330      
404      -11.358650      0.436330      
405      -11.756868      0.436330      
406      -11.774630      0.436330      
407      -11.907560      0.436330      
408      -12.290307      0.436330      
409      -12.347032      0.436330      
410      -12.427248      0.436330      
411      -12.661595      0.436330      
412      -12.661595      0.436330      
413      -12.657584      0.436330      
414      -12.784211      0.436330      
415      -12.640968      0.436330      
416      -12.544135      0.436330      
417      -12.697692      0.436330      
418      -12.659303      0.436330      
419      -12.808276      0.436330      
420      -12.896514      0.436330      
421      -12.902817      0.436330      
422      -13.005380      0.436330      
423      -13.197326      0.436330      
424      -13.266656      0.436330      
425      -13.487251      0.436330      
426      -13.412765      0.436330      
427      -13.448862      0.436330      
428      -13.526787      0.436330      
429      -13.900939      0.436330      
430      -13.860258      0.436330      
431      -13.765144      0.436330      
432      -13.812701      0.436330      
433      -13.634506      0.436330      
434      -13.613306      0.436330      
435      -13.722744      0.436330      
436      -13.741652      0.436330      
437      -13.809836      0.436330      
438      -13.832755      0.436330      
439      -13.815566      0.436330      
440      -13.872290      0.436330      
441      -13.814993      0.436330      
442      -13.714722      0.436330      
443      -13.810409      0.436330      
444      -13.793793      0.436330      
445      -13.785198      0.436330      
446      -14.098615      0.436330      
447      -14.142734      0.436330      
448      -14.365622      0.436330      
449      -14.751233      0.436330      
450      -15.056056      0.436330      
451      -15.420468      0.436330      
452      -15.742480      0.436330      
453      -15.987713      0.436330      
454      -15.934999      0.436330      
455      -15.765399      0.436330      
456      -15.824988      0.436330      
457      -15.874264      0.436330      
458      -15.801496      0.436330      
459      -15.987140      0.436330      
460      -16.122935      0.436330      
461      -16.114340      0.436330      
462      -16.226643      0.436330      
463      -16.466147      0.436330      
464      -16.656947      0.436330      
465      -16.732007      0.436330      
466      -16.738883      0.436330      
467      -16.760083      0.436330      
468      -16.783575      0.436330      
469      -16.711380      0.436330      
470      -16.851759      0.436330      
471      -16.923381      0.436330      
472      -16.990419      0.436330      
473      -17.135954      0.436330      
474      -17.054019      0.436330      
475      -17.177208      0.436330      
476      -17.239663      0.436330      
477      -17.267165      0.436330      
478      -17.170906      0.436330      
479      -17.154289      0.436330      
480      -17.197262      0.436330      
481      -17.248830      0.436330      
482      -17.039694      0.436330      
483      -16.983543      0.436330      
484      -17.070635      0.436330      
485      -17.052300      0.436330      
486      -17.040840      0.436330      
487      -17.181219      0.436330      
488      -17.345663      0.436330      
489      -17.418431      0.436330      
490      -17.743880      0.436330      
491      -18.064746      0.436330      
492      -18.538023      0.436330      
493      -18.611364      0.436330      
494      -18.766067      0.436330      
495      -18.792997      0.436330      
496      -18.827375      0.436330      
497      -18.975776      0.436330      
498      -19.188922      0.436330      
499      -19.044533      0.436330      
500      -19.376285      0.436330      
501      -19.624956      0.436330      
502      -19.632405      0.436330      
503      -19.776222      0.436330      
504      -19.728665      0.436330      
505      -19.748719      0.436330      
506      -19.882795      0.436330      
507      -19.923476      0.436330      
508      -19.949260      0.436330      
509      -19.908579      0.436330      
510      -19.892535      0.436330      
511      -19.850708      0.436330      
512      -19.989368      0.436330      
513      -19.992806      0.436330      
514      -20.007130      0.436330      
515      -19.930925      0.436330      
516      -19.816903      0.436330      
517      -19.812319      0.436330      
518      -19.826070      0.436330      
519      -19.934363      0.436330      
520      -20.334299      0.436330      
521      -20.649435      0.436330      
522      -20.691262      0.436330      
523      -20.878052      0.436330      
524      -21.286010      0.436330      
525      -21.238453      0.436330      
526      -20.951393      0.436330      
527      -20.662613      0.436330      
528      -20.034633      0.436330      
529      -19.357377      0.436330      
530      -18.833678      0.436330      
531      -18.293363      0.436330      
532      -17.584593      0.436330      
533      -17.341652      0.436330      
534      -17.137100      0.436330      
535      -16.660385      0.436330      
536      -16.253573      0.436330      
537      -15.988859      0.436330      
538      -15.144294      0.436330      
539      -14.308897      0.436330      
540      -13.761133      0.436330      
541      -13.056374      0.436330      
542      -12.147636      0.436330      
543      -11.155244      0.436330      
544      -10.492313      0.436330      
545      -9.443196      0.436330      
546      -7.837721      0.436330      
547      -6.235684      0.436330      
548      -4.450867      0.436330      
549      -3.637243      0.436330      
550      -2.340029      0.436330      
551      -1.015311      0.436330      
552      0.468120      0.436330      
553      1.979055      0.436330      
554      4.669171      0.436330      
555      5.702817      0.436330      
556      6.737036      0.436330      
557      8.174057      0.436330      
558      10.566799      0.436330      
559      11.765462      0.436330      
560      13.902085      0.436330      
561      15.443387      0.436330      
562      16.091421      0.436330      
563      17.582301      0.436330      
564      18.499061      0.436330      
565      19.133344      0.436330      
566      22.618749      0.436330      
567      24.477479      0.436330      
568      25.920229      0.436330      
569      27.313704      0.436330      
570      29.056693      0.436330      
571      30.701130      0.436330      
572      32.090021      0.436330      
573      32.878434      0.436330      
574      34.049021      0.436330      
575      34.853478      0.436330      
576      36.245233      0.436330      
577      37.882222      0.436330      
578      38.744549      0.436330      
579      39.555881      0.436330      
580      40.422219      0.436330      
581      41.652968      0.436330      
582      43.744899      0.436330      
583      46.151393      0.436330      
584      48.733217      0.436330      
585      50.475633      0.436330      
586      51.402133      0.436330      
587      52.966927      0.436330      
588      54.369569      0.436330      
589      54.732835      0.436330      
590      54.403947      0.436330      
591      54.166736      0.436330      
592      54.366704      0.436330      
593      55.166004      0.436330      
594      55.846124      0.436330      
595      56.628235      0.436330      
596      57.545567      0.436330      
597      59.074837      0.436330      
598      60.996594      0.436330      
599      63.492472      0.436330      
600      66.135604      0.436330      
601      68.650390      0.436330      
602      69.996880      0.436330      
603      70.364730      0.436330      
604      71.373166      0.436330      
605      73.375712      0.436330      
