251      74.661467      0.087270      
252      74.302212      0.087270      
253      73.846124      0.087270      
254      73.607194      0.087270      
255      73.369982      0.087270      
256      73.194652      0.087270      
257      73.262836      0.087270      
258      73.285182      0.087270      
259      73.393474      0.087270      
260      73.479994      0.087270      
261      73.450772      0.087270      
262      73.315550      0.087270      
263      73.267420      0.087270      
264      73.152825      0.087270      
265      73.000414      0.087270      
266      72.743721      0.087270      
267      72.190801      0.087270      
268      71.834410      0.087270      
269      71.193252      0.087270      
270      70.597931      0.087270      
271      70.399682      0.087270      
272      70.344103      0.087270      
273      70.163616      0.087270      
274      70.211173      0.087270      
275      70.277638      0.087270      
276      70.048448      0.087270      
277      69.533917      0.087270      
278      68.807958      0.087270      
279      67.636798      0.087270      
280      66.966417      0.087270      
281      66.778482      0.087270      
282      66.591692      0.087270      
283      66.389432      0.087270      
284      66.174566      0.087270      
285      65.907560      0.087270      
286      65.658316      0.087270      
287      64.909438      0.087270      
288      64.667070      0.087270      
289      64.468821      0.087270      
290      64.279739      0.087270      
291      64.293490      0.087270      
292      64.329015      0.087270      
293      63.797867      0.087270      
294      63.454655      0.087270      
295      63.116600      0.087270      
296      62.911475      0.087270      
297      62.668534      0.087270      
298      62.498934      0.087270      
299      62.376890      0.087270      
300      62.080089      0.087270      
301      61.720834      0.087270      
302      61.185676      0.087270      
303      60.647652      0.087270      
304      60.007067      0.087270      
305      59.263919      0.087270      
306      58.634219      0.087270      
307      58.035461      0.087270      
308      57.485405      0.087270      
309      56.589846      0.087270      
310      55.952698      0.087270      
311      55.390037      0.087270      
312      55.147668      0.087270      
313      55.064587      0.087270      
314      54.748878      0.087270      
315      54.438326      0.087270      
316      54.385612      0.087270      
317      54.224606      0.087270      
318      53.885405      0.087270      
319      53.505523      0.087270      
320      53.048289      0.087270      
321      52.560115      0.087270      
322      52.147573      0.087270      
323      51.633615      0.087270      
324      51.210186      0.087270      
325      50.779882      0.087270      
326      50.282540      0.087270      
327      50.061945      0.087270      
328      49.459176      0.087270      
329      49.115391      0.087270      
330      48.719465      0.087270      
331      48.440427      0.087270      
332      48.416362      0.087270      
333      48.239885      0.087270      
334      48.066274      0.087270      
335      47.968295      0.087270      
336      47.786089      0.087270      
337      47.587840      0.087270      
338      47.501321      0.087270      
339      47.237753      0.087270      
340      47.157536      0.087270      
341      46.985644      0.087270      
342      46.817189      0.087270      
343      46.509502      0.087270      
344      46.390323      0.087270      
345      46.010441      0.087270      
346      45.705045      0.087270      
347      45.032373      0.087270      
348      44.251982      0.087270      
349      43.389082      0.087270      
350      42.398408      0.087270      
351      41.689066      0.087270      
352      41.026134      0.087270      
353      40.218240      0.087270      
354      39.974152      0.087270      
355      39.726054      0.087270      
356      39.149069      0.087270      
357      38.711316      0.087270      
358      38.343466      0.087270      
359      38.264396      0.087270      
360      38.334872      0.087270      
361      38.145790      0.087270      
362      38.026611      0.087270      
363      38.060990      0.087270      
364      37.764189      0.087270      
365      37.569951      0.087270      
366      37.394620      0.087270      
367      36.699602      0.087270      
368      36.496769      0.087270      
369      36.136368      0.087270      
370      35.702626      0.087270      
371      35.350247      0.087270      
372      34.893586      0.087270      
373      34.622569      0.087270      
374      34.273054      0.087270      
375      33.871399      0.087270      
376      33.284673      0.087270      
377      32.845774      0.087270      
378      32.594238      0.087270      
379      32.387968      0.087270      
380      32.226962      0.087270      
381      31.992042      0.087270      
382      31.819004      0.087270      
383      31.573198      0.087270      
384      31.157218      0.087270      
385      30.815725      0.087270      
386      30.493713      0.087270      
387      30.068566      0.087270      
388      29.739106      0.087270      
389      29.228012      0.087270      
390      29.088206      0.087270      
391      28.759892      0.087270      
392      28.128474      0.087270      
393      27.962884      0.087270      
394      27.573834      0.087270      
395      27.096546      0.087270      
396      26.414133      0.087270      
397      26.166608      0.087270      
398      25.646920      0.087270      
399      24.727869      0.087270      
400      23.525768      0.087270      
401      23.407735      0.087270      
402      23.097756      0.087270      
403      22.870285      0.087270      
404      22.716155      0.087270      
405      22.490976      0.087270      
406      22.199332      0.087270      
407      21.936909      0.087270      
408      21.765017      0.087270      
409      21.679643      0.087270      
410      21.643546      0.087270      
411      21.447589      0.087270      
412      21.194907      0.087270      
413      21.023587      0.087270      
414      20.289034      0.087270      
415      19.753303      0.087270      
416      19.514372      0.087270      
417      19.241063      0.087270      
418      19.007862      0.087270      
419      18.872640      0.087270      
420      18.639440      0.087270      
421      18.455515      0.087270      
422      18.048703      0.087270      
423      17.790864      0.087270      
424      17.374312      0.087270      
425      16.807067      0.087270      
426      16.431195      0.087270      
427      15.957918      0.087270      
428      15.643928      0.087270      
429      15.264619      0.087270      
430      14.731179      0.087270      
431      14.461308      0.087270      
432      14.115232      0.087270      
433      13.839058      0.087270      
434      13.536527      0.087270      
435      13.356040      0.087270      
436      13.160083      0.087270      
437      12.795098      0.087270      
438      12.541843      0.087270      
439      12.337291      0.087270      
440      12.014706      0.087270      
441      11.963139      0.087270      
442      11.806717      0.087270      
443      11.757441      0.087270      
444      11.618208      0.087270      
445      11.457202      0.087270      
446      11.445742      0.087270      
447      11.153525      0.087270      
448      11.275569      0.087270      
449      11.136336      0.087270      
450      11.202801      0.087270      
451      11.172434      0.087270      
452      11.505905      0.087270      
453      11.555181      0.087270      
454      11.692122      0.087270      
455      11.746554      0.087270      
456      11.783798      0.087270      
457      11.748273      0.087270      
458      11.598727      0.087270      
459      11.400477      0.087270      
460      11.407926      0.087270      
461      11.123731      0.087270      
462      11.002260      0.087270      
463      10.846984      0.087270      
464      10.645297      0.087270      
465      10.168009      0.087270      
466      9.985230      0.087270      
467      9.597899      0.087270      
468      9.450072      0.087270      
469      8.993411      0.087270      
470      8.863919      0.087270      
471      8.526436      0.087270      
472      8.508101      0.087270      
473      8.463409      0.087270      
474      8.264587      0.087270      
475      8.298965      0.087270      
476      8.308706      0.087270      
477      8.339074      0.087270      
478      8.111030      0.087270      
479      7.990705      0.087270      
480      7.897310      0.087270      
481      7.939710      0.087270      
482      7.636034      0.087270      
483      7.653796      0.087270      
484      7.686456      0.087270      
485      7.574725      0.087270      
486      7.440649      0.087270      
487      7.080248      0.087270      
488      6.811523      0.087270      
489      6.486074      0.087270      
490      6.459144      0.087270      
491      6.127964      0.087270      
492      5.890180      0.087270      
493      5.489671      0.087270      
494      5.463887      0.087270      
495      5.359032      0.087270      
496      5.197453      0.087270      
497      5.044469      0.087270      
498      4.670890      0.087270      
499      4.646252      0.087270      
500      4.377527      0.087270      
501      3.940920      0.087270      
502      3.561611      0.087270      
503      3.433264      0.087270      
504      3.009263      0.087270      
505      2.766895      0.087270      
506      2.395607      0.087270      
507      2.302785      0.087270      
508      2.204234      0.087270      
509      2.109693      0.087270      
510      1.944103      0.087270      
511      1.979628      0.087270      
512      1.545313      0.087270      
513      1.467388      0.087270      
514      0.671526      0.087270      
515      -0.010314      0.087270      
516      -0.221168      0.087270      
517      -0.917905      0.087270      
518      -0.690435      0.087270      
519      -0.819354      0.087270      
520      -0.629699      0.087270      
521      -0.532866      0.087270      
522      -0.568964      0.087270      
523      -0.677829      0.087270      
524      -0.763775      0.087270      
525      -1.149960      0.087270      
526      -1.686837      0.087270      
527      -2.032914      0.087270      
528      -2.225434      0.087270      
529      -2.311953      0.087270      
530      -2.445456      0.087270      
531      -2.352634      0.087270      
532      -2.451759      0.087270      
533      -2.689543      0.087270      
534      -2.589846      0.087270      
535      -2.733662      0.087270      
536      -2.814452      0.087270      
537      -2.962852      0.087270      
538      -3.055674      0.087270      
539      -3.044788      0.087270      
540      -3.145631      0.087270      
541      -3.202356      0.087270      
542      -3.087188      0.087270      
543      -2.895814      0.087270      
544      -3.048225      0.087270      
545      -2.969155      0.087270      
546      -2.898106      0.087270      
547      -3.190896      0.087270      
548      -3.248767      0.087270      
549      -3.475092      0.087270      
550      -3.594270      0.087270      
551      -3.764444      0.087270      
552      -3.747254      0.087270      
553      -3.773038      0.087270      
554      -3.774184      0.087270      
555      -3.837784      0.087270      
556      -3.988477      0.087270      
557      -4.069266      0.087270      
558      -4.406175      0.087270      
559      -4.803820      0.087270      
560      -4.842782      0.087270      
561      -5.078275      0.087270      
562      -5.122967      0.087270      
563      -5.096037      0.087270      
564      -5.253032      0.087270      
565      -5.446124      0.087270      
566      -5.503995      0.087270      
567      -5.832309      0.087270      
568      -5.883877      0.087270      
569      -6.062645      0.087270      
570      -6.127391      0.087270      
571      -6.217921      0.087270      
572      -6.322776      0.087270      
573      -6.260322      0.087270      
574      -6.445392      0.087270      
575      -6.522171      0.087270      
576      -6.576031      0.087270      
577      -6.698647      0.087270      
578      -7.014929      0.087270      
579      -7.371892      0.087270      
580      -7.510552      0.087270      
581      -7.672704      0.087270      
582      -7.736304      0.087270      
583      -7.940856      0.087270      
584      -7.986694      0.087270      
585      -8.262868      0.087270      
586      -8.236511      0.087270      
587      -8.406685      0.087270      
588      -8.556804      0.087270      
589      -8.545918      0.087270      
590      -8.604361      0.087270      
591      -8.604361      0.087270      
592      -8.633583      0.087270      
593      -8.686296      0.087270      
594      -8.945281      0.087270      
595      -9.090816      0.087270      
596      -9.266720      0.087270      
597      -9.467261      0.087270      
598      -9.622537      0.087270      
599      -9.687283      0.087270      
600      -9.591596      0.087270      
601      -9.707910      0.087270      
602      -9.729683      0.087270      
603      -10.079771      0.087270      
604      -10.219004      0.087270      
605      -10.292344      0.087270      
606      -10.352507      0.087270      
607      -10.271717      0.087270      
608      -10.399491      0.087270      
609      -10.263123      0.087270      
610      -9.972625      0.087270      
611      -9.781824      0.087270      
612      -9.691294      0.087270      
613      -9.752602      0.087270      
614      -9.882095      0.087270      
615      -10.091803      0.087270      
616      -10.344485      0.087270      
617      -10.492886      0.087270      
618      -10.561070      0.087270      
619      -10.652173      0.087270      
620      -10.713481      0.087270      
621      -10.676810      0.087270      
622      -10.739838      0.087270      
623      -10.789113      0.087270      
624      -10.915168      0.087270      
625      -10.946682      0.087270      
626      -11.178736      0.087270      
627      -11.378131      0.087270      
628      -11.317969      0.087270      
629      -11.578673      0.087270      
630      -11.546013      0.087270      
631      -11.523094      0.087270      
632      -11.472099      0.087270      
633      -11.519656      0.087270      
634      -11.713322      0.087270      
635      -11.594716      0.087270      
636      -12.026739      0.087270      
637      -11.998090      0.087270      
638      -11.963712      0.087270      
639      -12.027885      0.087270      
640      -12.378545      0.087270      
641      -12.500589      0.087270      
642      -12.594557      0.087270      
643      -12.701130      0.087270      
644      -13.005380      0.087270      
645      -13.034028      0.087270      
646      -13.298170      0.087270      
647      -13.318224      0.087270      
648      -13.563457      0.087270      
649      -13.651695      0.087270      
650      -14.064237      0.087270      
651      -14.138724      0.087270      
652      -14.252746      0.087270      
653      -14.288270      0.087270      
654      -14.327232      0.087270      
655      -14.253891      0.087270      
656      -14.379373      0.087270      
657      -14.461308      0.087270      
658      -14.393697      0.087270      
659      -14.516314      0.087270      
660      -14.674455      0.087270      
661      -14.652109      0.087270      
662      -14.935731      0.087270      
663      -14.785612      0.087270      
664      -14.791342      0.087270      
665      -14.650390      0.087270      
666      -14.758682      0.087270      
667      -14.690498      0.087270      
668      -14.907083      0.087270      
669      -15.077256      0.087270      
670      -15.144867      0.087270      
671      -15.112781      0.087270      
672      -15.245711      0.087270      
673      -15.269203      0.087270      
674      -15.398122      0.087270      
675      -15.404425      0.087270      
676      -15.623874      0.087270      
677      -15.559701      0.087270      
678      -15.620436      0.087270      
679      -15.724145      0.087270      
680      -15.676015      0.087270      
681      -15.885723      0.087270      
682      -15.908642      0.087270      
683      -16.054178      0.087270      
684      -16.199141      0.087270      
685      -16.289098      0.087270      
686      -16.454114      0.087270      
687      -16.953748      0.087270      
688      -17.157154      0.087270      
689      -17.304982      0.087270      
690      -17.402387      0.087270      
691      -17.470571      0.087270      
692      -17.534745      0.087270      
693      -17.681999      0.087270      
694      -17.737005      0.087270      
695      -17.701480      0.087270      
696      -17.820659      0.087270      
697      -18.049276      0.087270      
698      -18.148973      0.087270      
699      -18.336336      0.087270      
700      -18.553494      0.087270      
701      -18.846857      0.087270      
702      -19.117301      0.087270      
703      -19.522967      0.087270      
704      -19.587713      0.087270      
705      -19.654751      0.087270      
706      -19.700589      0.087270      
707      -19.954990      0.087270      
708      -20.028903      0.087270      
709      -20.277574      0.087270      
710      -20.519370      0.087270      
711      -20.600732      0.087270      
712      -21.039058      0.087270      
713      -21.267102      0.087270      
714      -21.755849      0.087270      
715      -22.155212      0.087270      
716      -22.216521      0.087270      
717      -22.432532      0.087270      
718      -22.509884      0.087270      
719      -22.489830      0.087270      
720      -22.563743      0.087270      
721      -22.513322      0.087270      
722      -22.776890      0.087270      
723      -22.864555      0.087270      
724      -23.319497      0.087270      
725      -23.295432      0.087270      
726      -23.463887      0.087270      
727      -23.606557      0.087270      
728      -23.648958      0.087270      
729      -23.523476      0.087270      
730      -23.404870      0.087270      
731      -23.517173      0.087270      
732      -23.874137      0.087270      
733      -24.084418      0.087270      
734      -24.178386      0.087270      
735      -24.407003      0.087270      
736      -24.311316      0.087270      
737      -24.137705      0.087270      
738      -23.625466      0.087270      
739      -23.795639      0.087270      
740      -24.118224      0.087270      
741      -24.810950      0.087270      
742      -25.741461      0.087270      
743      -26.160879      0.087270      
744      -26.234219      0.087270      
745      -26.418717      0.087270      
746      -26.492058      0.087270      
747      -26.514404      0.087270      
748      -26.739010      0.087270      
749      -26.987681      0.087270      
750      -27.000859      0.087270      
751      -27.681553      0.087270      
752      -28.035652      0.087270      
753      -28.174312      0.087270      
754      -28.493459      0.087270      
755      -28.641286      0.087270      
756      -28.959287      0.087270      
757      -29.104823      0.087270      
758      -29.075028      0.087270      
759      -29.343180      0.087270      
760      -29.572943      0.087270      
761      -29.614197      0.087270      
762      -29.698424      0.087270      
763      -29.788381      0.087270      
764      -29.921311      0.087270      
765      -30.148209      0.087270      
766      -30.125290      0.087270      
767      -30.212956      0.087270      
768      -30.331561      0.087270      
769      -30.379691      0.087270      
770      -30.705714      0.087270      
771      -30.678784      0.087270      
772      -30.681076      0.087270      
773      -30.804265      0.087270      
774      -30.826611      0.087270      
775      -30.739519      0.087270      
776      -30.718319      0.087270      
777      -30.528092      0.087270      
778      -30.412924      0.087270      
779      -30.014133      0.087270      
780      -29.616489      0.087270      
781      -29.445742      0.087270      
782      -28.710616      0.087270      
783      -27.631705      0.087270      
784      -26.258857      0.087270      
785      -24.209900      0.087270      
786      -22.318510      0.087270      
787      -20.163552      0.087270      
788      -18.800446      0.087270      
789      -17.605220      0.087270      
790      -16.799045      0.087270      
791      -15.931561      0.087270      
792      -14.320357      0.087270      
793      -13.704982      0.087270      
794      -12.752698      0.087270      
795      -12.013560      0.087270      
796      -11.339742      0.087270      
797      -9.899284      0.087270      
798      -9.131498      0.087270      
799      -7.235524      0.087270      
800      -4.751679      0.087270      
801      -3.571924      0.087270      
802      -2.140060      0.087270      
803      -1.221009      0.087270      
804      -0.219449      0.087270      
805      0.269298      0.087270      
806      0.894413      0.087270      
807      1.444469      0.087270      
808      1.889671      0.087270      
809      2.408213      0.087270      
810      3.311221      0.087270      
811      4.287570      0.087270      
812      4.949355      0.087270      
813      5.796785      0.087270      
814      6.912940      0.087270      
815      7.480758      0.087270      
816      7.768964      0.087270      
817      8.807767      0.087270      
818      9.562948      0.087270      
819      10.300366      0.087270      
820      11.230304      0.087270      
821      11.915582      0.087270      
822      12.515486      0.087270      
823      13.679771      0.087270      
824      14.438389      0.087270      
825      14.940315      0.087270      
826      15.918956      0.087270      
827      16.867802      0.087270      
828      18.061308      0.087270      
829      18.969473      0.087270      
830      19.844979      0.087270      
831      20.699284      0.087270      
832      21.308356      0.087270      
833      21.661881      0.087270      
834      22.722457      0.087270      
835      23.645520      0.087270      
836      24.426484      0.087270      
837      26.172338      0.087270      
838      27.087379      0.087270      
839      27.736559      0.087270      
840      29.060703      0.087270      
841      29.570651      0.087270      
842      30.135031      0.087270      
843      31.052936      0.087270      
844      32.144453      0.087270      
845      32.874996      0.087270      
846      33.590068      0.087270      
847      34.126373      0.087270      
848      34.605953      0.087270      
849      35.138819      0.087270      
850      35.386917      0.087270      
851      35.849881      0.087270      
852      36.834251      0.087270      
853      37.662200      0.087270      
854      38.459207      0.087270      
855      38.834506      0.087270      
856      38.880344      0.087270      
857      39.338724      0.087270      
858      40.062391      0.087270      
859      40.427948      0.087270      
860      40.902944      0.087270      
861      41.311475      0.087270      
862      41.529779      0.087270      
863      41.776158      0.087270      
864      42.229381      0.087270      
865      42.468311      0.087270      
866      42.761101      0.087270      
867      43.092854      0.087270      
868      43.679580      0.087270      
869      44.209008      0.087270      
870      44.865064      0.087270      
871      45.515391      0.087270      
872      45.946268      0.087270      
873      46.401783      0.087270      
874      46.699729      0.087270      
875      47.581537      0.087270      
876      48.136177      0.087270      
877      48.902244      0.087270      
878      49.661436      0.087270      
879      50.358746      0.087270      
880      51.201592      0.087270      
881      51.800350      0.087270      
882      52.519433      0.087270      
883      53.078657      0.087270      
884      53.469425      0.087270      
885      54.064746      0.087270      
886      54.611364      0.087270      
887      54.992965      0.087270      
888      55.529842      0.087270      
889      56.911857      0.087270      
890      57.361643      0.087270      
891      58.604998      0.087270      
892      60.203024      0.087270      
893      60.985134      0.087270      
894      61.883559      0.087270      
895      62.454242      0.087270      
896      63.633424      0.087270      
897      64.318128      0.087270      
898      64.743276      0.087270      
899      65.438294      0.087270      
900      66.237594      0.087270      
901      66.907974      0.087270      
902      67.676906      0.087270      
903      68.833742      0.087270      
904      69.621582      0.087270      
905      70.218049      0.087270      
906      70.556104      0.087270      
907      71.190387      0.087270      
908      71.914054      0.087270      
909      72.650326      0.087270      
910      73.666210      0.087270      
911      74.313099      0.087270      
912      74.686678      0.087270      
