214      0.004020      1637689461503      
215      0.003600      1637689461534      
216      0.003710      1637689461571      
217      0.005930      1637689461611      
218      0.009290      1637689461640      
219      0.005570      1637689461671      
220      0.014060      1637689461703      
221      0.010980      1637689461735      
222      0.009700      1637689461772      
223      0.014970      1637689461814      
224      0.028530      1637689461845      
225      0.017740      1637689461876      
226      0.009370      1637689461909      
227      0.009070      1637689461941      
228      0.005910      1637689461975      
229      0.004790      1637689462008      
230      0.004700      1637689462039      
231      0.008650      1637689462069      
232      0.010500      1637689462101      
233      0.009680      1637689462133      
234      0.010720      1637689462161      
235      0.014800      1637689462219      
236      0.024440      1637689462242      
237      0.016620      1637689462275      
238      0.005110      1637689462307      
239      0.008350      1637689462339      
240      0.009360      1637689462370      
241      0.006870      1637689462411      
242      0.010810      1637689462437      
243      0.012300      1637689462466      
244      0.008290      1637689462499      
245      0.010920      1637689462544      
246      0.017820      1637689462575      
247      0.003330      1637689462611      
248      0.002920      1637689462642      
249      0.009250      1637689462674      
250      0.008550      1637689462704      
251      0.012230      1637689462737      
252      0.008220      1637689462769      
253      0.010730      1637689462804      
254      0.017250      1637689462845      
255      0.024690      1637689462876      
256      0.012920      1637689462909      
257      0.013350      1637689462940      
258      0.012020      1637689462973      
259      0.003770      1637689463006      
260      0.000040      1637689463038      
261      0.004170      1637689463070      
262      0.006450      1637689463101      
263      0.009150      1637689463144      
264      0.016570      1637689463176      
265      0.012360      1637689463211      
266      0.017040      1637689463241      
267      0.008280      1637689463273      
268      0.012190      1637689463305      
269      0.013050      1637689463337      
270      0.014880      1637689463368      
271      0.013810      1637689463404      
272      0.011230      1637689463446      
273      0.013900      1637689463477      
274      0.003670      1637689463509      
275      0.012310      1637689463542      
276      0.011190      1637689463574      
277      0.006320      1637689463608      
278      0.015270      1637689463640      
279      0.016480      1637689463669      
280      0.014280      1637689463700      
281      0.013820      1637689463743      
282      0.019300      1637689463775      
283      0.010120      1637689463808      
284      0.004630      1637689463853      
285      0.014230      1637689463874      
286      0.016150      1637689463903      
287      0.015390      1637689463933      
288      0.016120      1637689463977      
289      0.016330      1637689464023      
290      0.011250      1637689464041      
291      0.005730      1637689464076      
292      0.003970      1637689464108      
293      -0.000210      1637689464137      
294      -0.001800      1637689464170      
295      0.003780      1637689464202      
296      0.005720      1637689464240      
297      0.008720      1637689464266      
298      0.005610      1637689464313      
299      0.014780      1637689464344      
300      0.006510      1637689464377      
301      0.005990      1637689464410      
302      0.008060      1637689464451      
303      0.006070      1637689464471      
304      0.010730      1637689464503      
305      0.013170      1637689464535      
306      0.014190      1637689464566      
307      0.011600      1637689464612      
308      0.012240      1637689464650      
309      0.000340      1637689464676      
310      -0.006580      1637689464709      
311      0.000440      1637689464740      
312      0.003130      1637689464770      
313      0.006080      1637689464801      
314      0.006380      1637689464839      
315      0.007730      1637689464877      
316      0.010100      1637689464911      
317      0.008580      1637689464943      
318      0.008520      1637689464974      
319      0.004110      1637689465004      
320      0.010940      1637689465039      
321      0.007170      1637689465070      
322      0.008280      1637689465101      
323      0.008870      1637689465133      
324      0.007990      1637689465178      
325      0.011400      1637689465210      
326      0.009480      1637689465242      
327      0.013690      1637689465277      
328      0.004600      1637689465310      
329      0.009840      1637689465340      
330      0.005510      1637689465371      
331      0.007370      1637689465403      
332      0.006460      1637689465441      
333      0.009250      1637689465482      
334      0.011980      1637689465510      
335      0.009360      1637689465542      
336      0.008410      1637689465575      
337      0.014710      1637689465607      
338      0.006360      1637689465640      
339      0.010570      1637689465673      
340      0.004980      1637689465702      
341      0.004300      1637689465734      
342      0.005890      1637689465781      
343      0.005270      1637689465811      
344      0.007100      1637689465843      
345      0.005990      1637689465875      
346      0.010450      1637689465908      
347      0.007040      1637689465938      
348      0.014780      1637689465971      
349      0.014500      1637689466015      
350      0.016850      1637689466057      
351      0.005080      1637689466077      
352      0.004080      1637689466108      
353      0.004510      1637689466141      
354      0.006010      1637689466175      
355      0.003030      1637689466207      
356      0.001870      1637689466239      
357      0.000210      1637689466277      
358      0.003750      1637689466303      
359      0.004040      1637689466335      
360      0.005210      1637689466384      
361      0.007760      1637689466415      
362      0.006170      1637689466449      
363      0.003080      1637689466485      
364      0.005110      1637689466509      
365      0.002920      1637689466542      
366      0.003880      1637689466575      
367      0.003020      1637689466606      
368      0.001200      1637689466638      
369      0.001580      1637689466677      
370      0.004580      1637689466721      
371      0.005110      1637689466749      
372      0.004970      1637689466781      
373      0.006200      1637689466810      
374      0.005620      1637689466842      
375      0.003770      1637689466884      
376      0.005390      1637689466916      
377      -0.000110      1637689466943      
378      0.001970      1637689466970      
379      0.004890      1637689467003      
380      0.002110      1637689467050      
381      0.005230      1637689467089      
382      0.002000      1637689467111      
383      -0.001950      1637689467141      
384      -0.001770      1637689467173      
385      -0.001660      1637689467205      
386      -0.003470      1637689467237      
387      0.002380      1637689467275      
388      0.008010      1637689467324      
389      0.001110      1637689467349      
390      0.003240      1637689467378      
391      -0.001890      1637689467410      
392      0.003080      1637689467442      
393      0.000610      1637689467477      
394      0.002590      1637689467517      
395      0.010150      1637689467540      
396      0.000920      1637689467572      
397      0.007330      1637689467619      
398      0.002170      1637689467651      
399      0.005230      1637689467684      
400      0.001890      1637689467718      
401      0.004260      1637689467743      
402      0.003300      1637689467774      
403      -0.000750      1637689467806      
404      0.001030      1637689467838      
405      0.001830      1637689467885      
406      0.008430      1637689467924      
407      0.004420      1637689467946      
408      0.012130      1637689467977      
409      0.002030      1637689468009      
410      0.007290      1637689468041      
411      0.001450      1637689468074      
412      0.007780      1637689468107      
413      0.001120      1637689468144      
414      0.002380      1637689468185      
415      0.005370      1637689468219      
416      0.001590      1637689468250      
417      0.006520      1637689468282      
418      0.003770      1637689468317      
419      0.004570      1637689468352      
420      0.003230      1637689468375      
421      0.004280      1637689468407      
422      -0.000820      1637689468438      
423      0.000020      1637689468486      
424      0.002920      1637689468521      
425      -0.000700      1637689468553      
426      0.004520      1637689468577      
427      0.001080      1637689468609      
428      -0.000150      1637689468641      
429      0.004170      1637689468674      
430      0.001700      1637689468706      
431      0.001690      1637689468754      
432      0.006170      1637689468788      
433      -0.002270      1637689468817      
434      0.004630      1637689468848      
435      -0.002840      1637689468880      
436      0.005640      1637689468910      
437      -0.000910      1637689468941      
438      0.000660      1637689468974      
439      0.000100      1637689469021      
440      0.002450      1637689469052      
441      -0.000580      1637689469082      
442      0.001800      1637689469110      
443      -0.000160      1637689469143      
444      0.004410      1637689469173      
445      0.000060      1637689469207      
446      0.001310      1637689469240      
447      0.001820      1637689469288      
448      0.002920      1637689469320      
449      0.004870      1637689469352      
450      -0.000550      1637689469386      
451      0.004220      1637689469418      
452      0.002350      1637689469444      
453      0.002360      1637689469474      
454      0.002920      1637689469507      
455      0.003480      1637689469558      
456      0.001210      1637689469600      
457      0.002030      1637689469621      
458      -0.000400      1637689469649      
459      0.000480      1637689469679      
460      0.002350      1637689469711      
461      -0.000270      1637689469743      
462      0.001780      1637689469775      
463      -0.002980      1637689469827      
464      0.002110      1637689469858      
465      -0.003030      1637689469887      
466      0.000450      1637689469918      
467      0.001510      1637689469950      
468      -0.001890      1637689469985      
469      0.001500      1637689470018      
470      -0.002610      1637689470044      
471      0.001450      1637689470076      
472      0.001840      1637689470125      
473      0.004760      1637689470157      
474      -0.004150      1637689470191      
475      0.006330      1637689470220      
476      -0.000370      1637689470249      
477      0.007710      1637689470282      
478      0.003710      1637689470311      
479      0.005180      1637689470343      
480      0.002490      1637689470393      
481      -0.006210      1637689470425      
482      -0.011470      1637689470457      
483      -0.009360      1637689470491      
484      -0.028010      1637689470521      
485      -0.025830      1637689470552      
486      -0.037780      1637689470583      
487      -0.070600      1637689470618      
488      -0.098730      1637689470648      
489      -0.055500      1637689470677      
490      -0.030240      1637689470726      
491      -0.031640      1637689470759      
492      -0.011610      1637689470799      
493      -0.008690      1637689470825      
494      -0.018210      1637689470857      
495      -0.017160      1637689470886      
496      -0.026920      1637689470917      
497      -0.012540      1637689470949      
498      -0.013700      1637689470980      
499      -0.011080      1637689471037      
500      -0.018430      1637689471063      
501      -0.005250      1637689471091      
502      -0.020780      1637689471123      
503      -0.031400      1637689471154      
504      -0.021670      1637689471186      
505      -0.030400      1637689471219      
506      -0.030800      1637689471255      
507      -0.027450      1637689471282      
508      -0.033000      1637689471326      
509      -0.032380      1637689471360      
510      -0.019930      1637689471392      
511      -0.006680      1637689471426      
512      -0.011560      1637689471460      
513      -0.012370      1637689471486      
514      -0.010470      1637689471518      
515      -0.010920      1637689471550      
516      -0.014520      1637689471581      
517      -0.015500      1637689471627      
518      -0.027040      1637689471659      
519      -0.017640      1637689471691      
520      -0.007200      1637689471724      
521      -0.022120      1637689471754      
522      -0.023280      1637689471786      
523      -0.027110      1637689471817      
524      -0.027370      1637689471854      
525      -0.023360      1637689471881      
526      -0.028890      1637689471925      
527      -0.047520      1637689471957      
528      -0.022690      1637689471991      
529      -0.021370      1637689472021      
530      -0.009210      1637689472058      
531      -0.021440      1637689472087      
532      -0.022770      1637689472117      
533      -0.020940      1637689472148      
534      -0.019640      1637689472181      
535      -0.019310      1637689472226      
536      -0.027610      1637689472259      
537      -0.011700      1637689472292      
538      -0.004630      1637689472324      
539      -0.015870      1637689472357      
540      -0.011880      1637689472385      
541      -0.013010      1637689472417      
542      -0.013680      1637689472450      
543      -0.011980      1637689472490      
544      -0.008410      1637689472528      
545      -0.016250      1637689472560      
546      -0.012360      1637689472591      
547      -0.015090      1637689472626      
548      -0.010060      1637689472668      
549      -0.018410      1637689472691      
550      -0.017400      1637689472717      
551      -0.019180      1637689472753      
552      -0.026270      1637689472795      
553      -0.034210      1637689472826      
554      -0.012730      1637689472859      
555      -0.012620      1637689472892      
556      -0.005190      1637689472922      
557      -0.008170      1637689472953      
558      -0.006040      1637689472984      
559      -0.004330      1637689473017      
560      -0.004780      1637689473049      
561      -0.007980      1637689473093      
562      -0.010480      1637689473126      
