157      0.429631      0.008492      0.145419      1.320451      -1.013966      1.010137      
158      0.430851      0.008702      0.145639      1.321661      -1.011621      1.007787      
159      0.431861      0.008942      0.145959      1.323276      -1.008478      1.004639      
160      0.432861      0.009242      0.146279      1.324851      -1.005403      1.001557      
161      0.433751      0.009572      0.146429      1.326414      -1.002341      0.998489      
162      0.434591      0.009932      0.146539      1.329195      -0.996862      0.993000      
163      0.434941      0.010092      0.146599      1.330747      -0.993790      0.989923      
164      0.435581      0.010502      0.146719      1.335538      -0.984231      0.980345      
165      0.436761      0.011052      0.146959      1.340242      -0.974738      0.970834      
166      0.437751      0.011382      0.147169      1.343549      -0.968000      0.964084      
167      0.438971      0.011732      0.147309      1.346833      -0.961250      0.957321      
168      0.440311      0.012062      0.147439      1.348831      -0.957118      0.953182      
169      0.441581      0.012362      0.147709      1.352386      -0.949712      0.945762      
170      0.442211      0.012542      0.147849      1.353115      -0.948184      0.944232      
171      0.443441      0.012792      0.148109      1.353745      -0.946861      0.942906      
172      0.445171      0.013052      0.148189      1.354943      -0.944343      0.940383      
173      0.446321      0.013152      0.148259      1.355631      -0.942890      0.938928      
174      0.447411      0.013212      0.148519      1.357230      -0.939508      0.935540      
175      0.448611      0.013392      0.148869      1.358876      -0.936012      0.932037      
176      0.449711      0.013592      0.149209      1.360732      -0.932053      0.928071      
177      0.450831      0.013902      0.149519      1.362515      -0.928228      0.924240      
178      0.451911      0.014302      0.149799      1.364851      -0.923190      0.919193      
179      0.452881      0.014702      0.149979      1.367052      -0.918415      0.914410      
180      0.453671      0.015172      0.149869      1.371887      -0.907821      0.903796      
181      0.454521      0.015782      0.149639      1.379380      -0.891117      0.887064      
182      0.455531      0.016312      0.149609      1.387207      -0.873273      0.869190      
183      0.456591      0.016722      0.149589      1.393902      -0.857674      0.853565      
184      0.457661      0.017102      0.149459      1.400575      -0.841797      0.837662      
185      0.458621      0.017442      0.149129      1.404487      -0.832329      0.828179      
186      0.459141      0.017612      0.149029      1.405595      -0.829627      0.825472      
187      0.460071      0.017932      0.148959      1.407522      -0.824902      0.820739      
188      0.460991      0.018262      0.148859      1.410327      -0.817966      0.813793      
189      0.462291      0.018702      0.148769      1.412678      -0.812105      0.807922      
190      0.463241      0.019052      0.148779      1.414822      -0.806716      0.802525      
191      0.464301      0.019322      0.148709      1.416452      -0.802594      0.798396      
192      0.465401      0.019672      0.148339      1.419009      -0.796076      0.791868      
193      0.466641      0.020002      0.147969      1.420856      -0.791331      0.787116      
194      0.467201      0.020122      0.147759      1.422367      -0.787427      0.783206      
195      0.468421      0.020462      0.147289      1.425119      -0.780259      0.776027      
196      0.470091      0.021002      0.146599      1.429035      -0.769930      0.765683      
197      0.471141      0.021332      0.146259      1.432315      -0.761158      0.756898      
198      0.472201      0.021642      0.146069      1.435021      -0.753840      0.749568      
199      0.473111      0.021912      0.145849      1.438039      -0.745581      0.741298      
200      0.473991      0.022182      0.145729      1.441741      -0.735313      0.731015      
201      0.474811      0.022392      0.145749      1.444748      -0.726853      0.722542      
202      0.475591      0.022542      0.145449      1.446504      -0.721864      0.717546      
203      0.476361      0.022662      0.144989      1.449102      -0.714411      0.710083      
204      0.477101      0.022782      0.144519      1.450615      -0.710034      0.705700      
205      0.477711      0.022902      0.143889      1.452472      -0.704616      0.700275      
206      0.478621      0.023022      0.142989      1.456817      -0.691766      0.687406      
207      0.479241      0.023072      0.142459      1.460664      -0.680170      0.675794      
208      0.480061      0.022992      0.142049      1.467867      -0.657858      0.653453      
209      0.480771      0.022812      0.141979      1.472899      -0.641776      0.637350      
210      0.481461      0.022492      0.142029      1.476831      -0.628903      0.624461      
211      0.481881      0.022322      0.142129      1.477779      -0.625757      0.621311      
212      0.482641      0.021972      0.142359      1.479192      -0.621034      0.616581      
213      0.483331      0.021612      0.142499      1.479759      -0.619131      0.614677      
214      0.484581      0.021112      0.142429      1.482440      -0.610035      0.605570      
215      0.485431      0.020922      0.141989      1.485056      -0.601020      0.596543      
216      0.485811      0.020922      0.141809      1.486060      -0.597522      0.593040      
217      0.486521      0.020862      0.141669      1.486904      -0.594564      0.590080      
218      0.487281      0.020962      0.141709      1.486851      -0.594750      0.590266      
219      0.488171      0.020952      0.141459      1.487974      -0.590793      0.586304      
220      0.488991      0.020992      0.141099      1.490092      -0.583250      0.578751      
221      0.489621      0.021042      0.140909      1.491282      -0.578965      0.574462      
222      0.490221      0.021122      0.140619      1.492176      -0.575726      0.571219      
223      0.490471      0.021202      0.140449      1.493306      -0.571603      0.567091      
224      0.490971      0.021362      0.140059      1.494880      -0.565805      0.561286      
225      0.491421      0.021502      0.139759      1.497725      -0.555165      0.550634      
226      0.492151      0.021632      0.139169      1.502067      -0.538506      0.533956      
227      0.492711      0.021652      0.138809      1.504579      -0.528615      0.524053      
228      0.493281      0.021552      0.138509      1.508214      -0.513949      0.509371      
229      0.493721      0.021482      0.138179      1.512363      -0.496653      0.492058      
230      0.493981      0.021282      0.137919      1.517195      -0.475689      0.471072      
231      0.494291      0.021122      0.137709      1.519138      -0.466987      0.462361      
232      0.494371      0.021062      0.137549      1.520037      -0.462900      0.458270      
233      0.494481      0.020862      0.137179      1.520851      -0.459170      0.454536      
234      0.494591      0.020692      0.136589      1.522305      -0.452426      0.447785      
235      0.494981      0.020212      0.135859      1.523555      -0.446545      0.441898      
236      0.495451      0.019792      0.135549      1.524335      -0.442837      0.438186      
237      0.495901      0.019382      0.135259      1.525558      -0.436953      0.432297      
238      0.496271      0.018782      0.134859      1.527185      -0.428996      0.424332      
239      0.496461      0.018382      0.134559      1.528484      -0.422533      0.417863      
240      0.496541      0.018182      0.134369      1.528962      -0.420131      0.415459      
241      0.496581      0.017852      0.133929      1.529966      -0.415031      0.410354      
242      0.496591      0.017542      0.133349      1.531013      -0.409650      0.404968      
243      0.496711      0.017222      0.132699      1.532526      -0.401739      0.397050      
244      0.496901      0.016852      0.132159      1.533762      -0.395161      0.390466      
245      0.497091      0.016462      0.131719      1.535326      -0.386670      0.381967      
246      0.497201      0.016092      0.131359      1.536774      -0.378629      0.373919      
247      0.497251      0.015802      0.130779      1.539345      -0.363916      0.359194      
248      0.497331      0.015502      0.130329      1.541303      -0.352292      0.347559      
249      0.497111      0.015182      0.129769      1.544159      -0.334598      0.329851      
250      0.497121      0.015082      0.129549      1.544905      -0.329821      0.325070      
251      0.496981      0.014942      0.128819      1.546942      -0.316395      0.311633      
252      0.496891      0.014782      0.128319      1.548070      -0.308706      0.303939      
253      0.496721      0.014612      0.128059      1.549855      -0.296134      0.291357      
254      0.496541      0.014402      0.127929      1.550947      -0.288160      0.283377      
255      0.496431      0.014122      0.127689      1.552587      -0.275761      0.270969      
256      0.496481      0.013952      0.127559      1.553715      -0.266899      0.262101      
257      0.496561      0.013802      0.127339      1.554527      -0.260329      0.255526      
258      0.496521      0.013732      0.127039      1.556022      -0.247767      0.242955      
259      0.496591      0.013612      0.126919      1.556553      -0.243153      0.238339      
260      0.496591      0.013582      0.126659      1.557195      -0.237458      0.232640      
261      0.496641      0.013492      0.126399      1.557665      -0.233196      0.228375      
262      0.496691      0.013422      0.126309      1.557772      -0.232209      0.227387      
263      0.496891      0.013242      0.126029      1.558611      -0.224373      0.219546      
264      0.497151      0.013122      0.125729      1.559691      -0.213848      0.209014      
265      0.497211      0.013082      0.125479      1.560541      -0.205195      0.200356      
266      0.497151      0.013102      0.125079      1.561310      -0.197042      0.192198      
267      0.497111      0.013122      0.124689      1.561934      -0.190158      0.185310      
268      0.497171      0.013092      0.124139      1.562791      -0.180286      0.175432      
269      0.497251      0.012992      0.123909      1.563060      -0.177079      0.172223      
270      0.497321      0.012872      0.123709      1.563402      -0.172915      0.168056      
271      0.497411      0.012752      0.123599      1.563519      -0.171464      0.166605      
272      0.497471      0.012562      0.123579      1.563864      -0.167119      0.162257      
273      0.497451      0.012442      0.123509      1.564134      -0.163637      0.158773      
274      0.497341      0.012362      0.123339      1.564605      -0.157377      0.152510      
275      0.497161      0.012272      0.123189      1.565015      -0.151737      0.146867      
276      0.496871      0.012182      0.122929      1.565303      -0.147634      0.142762      
277      0.496631      0.012062      0.122619      1.565525      -0.144394      0.139520      
278      0.496231      0.011902      0.122119      1.565803      -0.140236      0.135360      
279      0.495841      0.011572      0.121509      1.566284      -0.132735      0.127855      
280      0.495771      0.011042      0.121269      1.567022      -0.120337      0.115451      
281      0.495871      0.010692      0.121319      1.567493      -0.111712      0.106822      
282      0.495961      0.010382      0.121389      1.567942      -0.102812      0.097917      
283      0.495991      0.010292      0.121379      1.568099      -0.099523      0.094627      
284      0.495841      0.010112      0.121249      1.568644      -0.087176      0.082275      
285      0.495821      0.010002      0.121189      1.568975      -0.078738      0.073832      
286      0.495831      0.009842      0.121139      1.569262      -0.070652      0.065743      
287      0.495861      0.009722      0.121089      1.569342      -0.068234      0.063324      
288      0.495921      0.009612      0.120959      1.569571      -0.060768      0.055855      
289      0.495971      0.009502      0.120939      1.569719      -0.055437      0.050522      
290      0.495971      0.009432      0.120899      1.569882      -0.048912      0.043994      
291      0.495991      0.009372      0.120929      1.570004      -0.043416      0.038496      
292      0.495991      0.009372      0.120909      1.570071      -0.040126      0.035205      
293      0.496001      0.009372      0.120949      1.570163      -0.035078      0.030154      
294      0.496001      0.009372      0.120989      1.570249      -0.029620      0.024695      
295      0.495991      0.009402      0.121019      1.570320      -0.024273      0.019346      
296      0.496001      0.009422      0.121039      1.570359      -0.020904      0.015976      
297      0.496061      0.009472      0.121159      1.570397      -0.016900      0.011970      
298      0.496051      0.009552      0.121149      1.570431      -0.012471      0.007540      
299      0.496091      0.009592      0.121159      1.570463      -0.006346      0.001413      
300      0.496121      0.009592      0.121179      1.570471      -0.003982      -0.000952      
301      0.496151      0.009622      0.121219      1.570474      -0.002396      -0.002538      
302      0.496151      0.009622      0.121199      1.570476      0.005347      -0.010283      
303      0.496161      0.009622      0.121229      1.570464      0.009815      -0.014753      
304      0.496251      0.009592      0.121269      1.570442      0.014424      -0.019364      
305      0.496291      0.009582      0.121309      1.570414      0.018563      -0.023504      
306      0.496331      0.009592      0.121359      1.570400      0.020298      -0.025239      
307      0.496451      0.009622      0.121449      1.570381      0.022355      -0.027297      
308      0.496501      0.009632      0.121529      1.570371      0.023408      -0.028350      
309      0.496491      0.009682      0.121559      1.570324      0.027656      -0.032599      
310      0.496481      0.009712      0.121569      1.570282      0.030954      -0.035898      
311      0.496481      0.009732      0.121589      1.570254      0.033004      -0.037949      
312      0.496541      0.009712      0.121619      1.570189      0.037213      -0.042159      
313      0.496621      0.009642      0.121669      1.570144      0.039875      -0.044821      
314      0.496731      0.009602      0.121729      1.570076      0.043573      -0.048521      
315      0.496851      0.009532      0.121909      1.570000      0.047342      -0.052291      
316      0.496861      0.009522      0.121959      1.569930      0.050538      -0.055488      
317      0.496821      0.009522      0.121969      1.569739      0.058390      -0.063342      
318      0.496841      0.009562      0.121999      1.569565      0.064672      -0.069625      
319      0.496831      0.009642      0.122119      1.569398      0.070176      -0.075130      
320      0.496811      0.009702      0.122119      1.569253      0.074628      -0.079583      
321      0.496821      0.009752      0.122079      1.569249      0.074754      -0.079709      
322      0.496871      0.009772      0.122119      1.569147      0.077706      -0.082662      
323      0.497001      0.009782      0.122179      1.569061      0.080124      -0.085080      
324      0.497111      0.009812      0.122219      1.568933      0.083563      -0.088520      
325      0.497191      0.009822      0.122249      1.568869      0.085236      -0.090193      
326      0.497301      0.009872      0.122339      1.568741      0.088486      -0.093444      
327      0.497441      0.009952      0.122429      1.568464      0.095136      -0.100095      
328      0.497501      0.010162      0.122499      1.568056      0.104156      -0.109117      
329      0.497541      0.010252      0.122539      1.567874      0.107932      -0.112893      
330      0.497611      0.010272      0.122609      1.567857      0.108277      -0.113239      
331      0.497711      0.010282      0.122749      1.567730      0.110821      -0.115783      
332      0.497761      0.010322      0.122819      1.567704      0.111339      -0.116301      
333      0.497811      0.010402      0.122929      1.567677      0.111865      -0.116827      
334      0.497831      0.010422      0.122969      1.567641      0.112571      -0.117533      
335      0.498031      0.010532      0.123119      1.567502      0.115248      -0.120211      
336      0.498241      0.010602      0.123229      1.567347      0.118153      -0.123115      
337      0.498431      0.010662      0.123349      1.567321      0.118647      -0.123610      
338      0.498581      0.010692      0.123419      1.567187      0.121088      -0.126052      
339      0.498711      0.010762      0.123489      1.567068      0.123223      -0.128187      
340      0.498951      0.010782      0.123689      1.567042      0.123687      -0.128650      
341      0.499081      0.010792      0.123719      1.566966      0.125021      -0.129985      
342      0.499371      0.010822      0.123859      1.566824      0.127486      -0.132450      
343      0.499591      0.010862      0.124019      1.566660      0.130272      -0.135236      
344      0.499691      0.010902      0.124069      1.566514      0.132705      -0.137670      
345      0.499701      0.010972      0.124089      1.566310      0.136033      -0.140998      
346      0.499691      0.011022      0.124029      1.566249      0.137014      -0.141979      
347      0.499711      0.010972      0.123939      1.565977      0.141283      -0.146249      
348      0.499741      0.010842      0.123909      1.565772      0.144415      -0.149381      
349      0.499761      0.010752      0.123929      1.565640      0.146408      -0.151374      
350      0.499801      0.010562      0.123959      1.565580      0.147295      -0.152261      
351      0.499841      0.010362      0.123969      1.565508      0.148354      -0.153321      
352      0.499891      0.010172      0.123969      1.565372      0.150355      -0.155322      
353      0.499991      0.010012      0.124029      1.565188      0.153000      -0.157967      
354      0.500121      0.009882      0.124129      1.565073      0.154632      -0.159599      
355      0.500271      0.009762      0.124179      1.564908      0.156947      -0.161914      
356      0.500591      0.009592      0.124449      1.564657      0.160392      -0.165359      
357      0.500591      0.009592      0.124449      1.564373      0.164213      -0.169181      
358      0.500591      0.009592      0.124449      1.564096      0.167853      -0.172822      
359      0.500591      0.009592      0.124449      1.564061      0.168301      -0.173269      
360      0.500591      0.009592      0.124449      1.563767      0.172075      -0.177043      
361      0.500591      0.009592      0.124449      1.563546      0.174844      -0.179813      
362      0.500591      0.009592      0.124449      1.563353      0.177237      -0.182206      
363      0.500591      0.009592      0.124449      1.563270      0.178257      -0.183225      
364      0.500591      0.009592      0.124449      1.562841      0.183418      -0.188388      
365      0.500591      0.009592      0.124449      1.562593      0.186337      -0.191306      
366      0.500591      0.009592      0.124449      1.562408      0.188494      -0.193463      
367      0.500591      0.009592      0.124449      1.562257      0.190219      -0.195189      
368      0.500591      0.009592      0.124449      1.562167      0.191247      -0.196216      
369      0.500591      0.009592      0.124449      1.561985      0.193310      -0.198279      
370      0.500591      0.009592      0.124449      1.561723      0.196235      -0.201205      
371      0.500591      0.009592      0.124449      1.561175      0.202219      -0.207189      
372      0.500591      0.009592      0.124449      1.560841      0.205780      -0.210750      
373      0.500591      0.009592      0.124449      1.560464      0.209717      -0.214687      
374      0.500591      0.009592      0.124449      1.559855      0.215935      -0.220905      
375      0.500591      0.009592      0.124449      1.559434      0.220130      -0.225100      
376      0.500591      0.009592      0.124449      1.559341      0.221039      -0.226009      
377      0.500591      0.009592      0.124449      1.558801      0.226284      -0.231254      
378      0.500591      0.009592      0.124449      1.558302      0.231019      -0.235989      
379      0.500591      0.009592      0.124449      1.557734      0.236287      -0.241257      
380      0.500591      0.009592      0.124449      1.556488      0.247456      -0.252425      
381      0.500591      0.009592      0.124449      1.555829      0.253161      -0.258130      
382      0.500591      0.009592      0.124449      1.555337      0.257330      -0.262299      
383      0.500591      0.009592      0.124449      1.555149      0.258913      -0.263881      
384      0.500591      0.009592      0.124449      1.555150      0.258905      -0.263874      
385      0.500591      0.009592      0.124449      1.554656      0.263002      -0.267971      
386      0.500591      0.009592      0.124449      1.554213      0.266622      -0.271590      
387      0.500591      0.009592      0.124449      1.553806      0.269905      -0.274873      
388      0.500591      0.009592      0.124449      1.553684      0.270876      -0.275844      
389      0.500591      0.009592      0.124449      1.553488      0.272435      -0.277403      
390      0.500591      0.009592      0.124449      1.553434      0.272866      -0.277834      
391      0.500591      0.009592      0.124449      1.553317      0.273790      -0.278758      
392      0.500591      0.009592      0.124449      1.553452      0.272725      -0.277693      
393      0.500591      0.009592      0.124449      1.553328      0.273704      -0.278672      
394      0.500591      0.009592      0.124449      1.553008      0.276218      -0.281186      
395      0.500591      0.009592      0.124449      1.552899      0.277072      -0.282040      
396      0.500591      0.009592      0.124449      1.552636      0.279116      -0.284084      
397      0.500591      0.009592      0.124449      1.552422      0.280769      -0.285736      
398      0.500591      0.009592      0.124449      1.551861      0.285053      -0.290020      
399      0.500591      0.009592      0.124449      1.551670      0.286502      -0.291469      
400      0.500591      0.009592      0.124449      1.551238      0.289736      -0.294703      
401      0.500591      0.009592      0.124449      1.550722      0.293558      -0.298523      
402      0.500591      0.009592      0.124449      1.549938      0.299273      -0.304238      
403      0.500591      0.009592      0.124449      1.549700      0.300980      -0.305945      
404      0.500591      0.009592      0.124449      1.549559      0.301990      -0.306955      
405      0.500591      0.009592      0.124449      1.548856      0.306977      -0.311941      
406      0.500591      0.009592      0.124449      1.548501      0.309458      -0.314422      
407      0.500591      0.009592      0.124449      1.548215      0.311446      -0.316410      
408      0.500591      0.009592      0.124449      1.547694      0.315031      -0.319994      
409      0.500591      0.009592      0.124449      1.547736      0.314749      -0.319712      
410      0.500591      0.009592      0.124449      1.547268      0.317934      -0.322897      
411      0.500591      0.009592      0.124449      1.547073      0.319257      -0.324220      
412      0.500591      0.009592      0.124449      1.547009      0.319687      -0.324650      
413      0.500591      0.009592      0.124449      1.547180      0.318529      -0.323492      
414      0.500591      0.009592      0.124449      1.547489      0.316432      -0.321395      
415      0.500591      0.009592      0.124449      1.548778      0.307525      -0.312489      
416      0.500591      0.009592      0.124449      1.549650      0.301340      -0.306305      
417      0.500591      0.009592      0.124449      1.551424      0.288350      -0.293317      
418      0.500591      0.009592      0.124449      1.554634      0.263183      -0.268151      
419      0.500591      0.009592      0.124449      1.557834      0.235370      -0.240340      
420      0.500591      0.009592      0.124449      1.559145      0.222960      -0.227930      
421      0.500591      0.009592      0.124449      1.562325      0.189443      -0.194412      
422      0.500591      0.009592      0.124449      1.565318      0.151132      -0.156099      
423      0.500591      0.009592      0.124449      1.568817      0.086570      -0.091528      
424      0.500591      0.009592      0.124449      1.570372      -0.019609      0.014680      
425      0.500591      0.009592      0.124449      1.569932      -0.046730      0.041811      
426      0.500591      0.009592      0.124449      1.569609      -0.059449      0.054535      
427      0.500591      0.009592      0.124449      1.569383      -0.066931      0.062020      
428      0.500591      0.009592      0.124449      1.569101      -0.075284      0.070377      
429      0.500591      0.009592      0.124449      1.568924      -0.080104      0.075199      
430      0.500591      0.009592      0.124449      1.568739      -0.084845      0.079942      
431      0.500521      0.009532      0.124799      1.568482      -0.091015      0.086115      
432      0.500361      0.009272      0.125529      1.568146      -0.098534      0.093638      
433      0.499971      0.008962      0.126509      1.567768      -0.106344      0.101451      
434      0.499631      0.008662      0.127269      1.567282      -0.115644      0.110755      
435      0.499111      0.008452      0.127889      1.566822      -0.123805      0.118921      
436      0.498671      0.008332      0.128479      1.566423      -0.130483      0.125602      
437      0.498491      0.008252      0.128829      1.565999      -0.137231      0.132353      
438      0.497741      0.008052      0.129259      1.565479      -0.145077      0.140203      
439      0.496911      0.007972      0.130009      1.564910      -0.153196      0.148327      
440      0.496461      0.007882      0.130679      1.564419      -0.159887      0.155022      
441      0.495861      0.007822      0.131119      1.564068      -0.164499      0.159636      
442      0.495221      0.007832      0.131379      1.563542      -0.171182      0.166322      
443      0.494651      0.007802      0.131549      1.562904      -0.178945      0.174091      
444      0.494381      0.007822      0.131719      1.562546      -0.183172      0.178320      
445      0.493781      0.007782      0.132159      1.561749      -0.192228      0.187381      
446      0.493131      0.007692      0.132659      1.560636      -0.204207      0.199367      
447      0.491901      0.007472      0.133669      1.558440      -0.225987      0.221161      
448      0.490951      0.007292      0.134269      1.556536      -0.243302      0.238488      
449      0.489981      0.007202      0.134769      1.555156      -0.255121      0.250315      
450      0.489151      0.007062      0.135349      1.553571      -0.268042      0.263245      
451      0.488761      0.006992      0.135639      1.552548      -0.276067      0.271275      
452      0.487901      0.006822      0.136069      1.550914      -0.288410      0.283627      
453      0.486901      0.006642      0.136819      1.547671      -0.311452      0.306686      
454      0.486051      0.006432      0.137319      1.544952      -0.329516      0.324765      
455      0.485131      0.006262      0.137779      1.542664      -0.343977      0.339238      
456      0.484221      0.006092      0.138169      1.539725      -0.361690      0.356966      
457      0.483301      0.005852      0.138479      1.535715      -0.384523      0.379819      
458      0.482381      0.005662      0.138829      1.532273      -0.403073      0.398386      
459      0.481471      0.005502      0.139069      1.529299      -0.418424      0.413750      
460      0.480501      0.005282      0.139409      1.526034      -0.434639      0.429981      
461      0.479611      0.005132      0.139739      1.522797      -0.450121      0.445477      
462      0.478641      0.004962      0.139989      1.519571      -0.465025      0.460397      
463      0.477571      0.004772      0.140089      1.516403      -0.479191      0.474577      
464      0.476161      0.004482      0.140079      1.511325      -0.501039      0.496448      
465      0.475741      0.004332      0.140109      1.508995      -0.510739      0.506159      
466      0.474861      0.004042      0.140129      1.503705      -0.532078      0.527520      
467      0.474021      0.003762      0.140059      1.499038      -0.550185      0.545648      
468      0.473151      0.003532      0.140129      1.495338      -0.564107      0.559586      
469      0.472291      0.003342      0.140289      1.492351      -0.575091      0.570583      
470      0.471271      0.003162      0.140279      1.489341      -0.585937      0.581442      
471      0.469711      0.002962      0.140619      1.485572      -0.599225      0.594746      
472      0.468781      0.002802      0.140779      1.483111      -0.607738      0.603269      
473      0.468311      0.002712      0.140829      1.482182      -0.610917      0.606453      
474      0.467421      0.002502      0.141049      1.479273      -0.620763      0.616311      
475      0.466321      0.002202      0.141179      1.474703      -0.635905      0.631471      
476      0.465211      0.001962      0.141139      1.469152      -0.653790      0.649380      
477      0.464001      0.001762      0.141069      1.465336      -0.665789      0.661395      
478      0.462831      0.001542      0.140959      1.460681      -0.680116      0.675740      
479      0.461671      0.001322      0.140749      1.456417      -0.692960      0.688602      
480      0.460181      0.001082      0.140339      1.449842      -0.712273      0.707942      
481      0.459651      0.000982      0.140129      1.447242      -0.719757      0.715436      
482      0.458221      0.000722      0.139519      1.442021      -0.734530      0.730230      
483      0.457321      0.000542      0.139169      1.437055      -0.748283      0.744004      
484      0.456321      0.000352      0.138919      1.432486      -0.760698      0.756437      
485      0.455281      0.000192      0.138579      1.428402      -0.771609      0.767364      
486      0.453971      0.000012      0.138239      1.423110      -0.785498      0.781274      
487      0.452641      -0.000218      0.137849      1.418243      -0.798035      0.793830      
488      0.450911      -0.000548      0.137219      1.412687      -0.812082      0.807899      
489      0.450291      -0.000678      0.137069      1.410718      -0.816996      0.812821      
490      0.449271      -0.000918      0.136799      1.407540      -0.824856      0.820693      
491      0.448291      -0.001158      0.136599      1.404171      -0.833100      0.828951      
492      0.447301      -0.001418      0.136529      1.399317      -0.844817      0.840687      
493      0.446161      -0.001668      0.136519      1.395097      -0.854855      0.850741      
494      0.445091      -0.001878      0.136639      1.391431      -0.863470      0.859370      
495      0.444031      -0.002078      0.136709      1.387748      -0.872025      0.867940      
496      0.442961      -0.002288      0.136869      1.384409      -0.879701      0.875628      
497      0.442461      -0.002378      0.137019      1.382572      -0.883890      0.879825      
498      0.441481      -0.002588      0.137229      1.377974      -0.894278      0.890230      
499      0.440521      -0.002778      0.137299      1.374411      -0.902235      0.898201      
500      0.439401      -0.002988      0.137309      1.371268      -0.909186      0.905164      
501      0.438231      -0.003218      0.137189      1.366909      -0.918726      0.914721      
502      0.437131      -0.003448      0.137119      1.361824      -0.929713      0.925727      
503      0.436021      -0.003688      0.137019      1.356197      -0.941695      0.937731      
504      0.434951      -0.003918      0.136909      1.350423      -0.953808      0.949866      
505      0.434011      -0.004118      0.136909      1.345128      -0.964761      0.960839      
506      0.433181      -0.004288      0.136879      1.339528      -0.976186      0.972285      
507      0.432461      -0.004428      0.136769      1.335275      -0.984758      0.980873      
508      0.432121      -0.004498      0.136719      1.333075      -0.989159      0.985282      
509      0.431421      -0.004598      0.136629      1.329739      -0.995786      0.991922      
510      0.430531      -0.004738      0.136479      1.324794      -1.005515      1.001670      
511      0.429491      -0.004928      0.136249      1.320936      -1.013027      1.009196      
