45      0.424941      0.022252      0.133189      1.322778      -1.009448      1.005611      
46      0.425721      0.022832      0.133099      1.325566      -1.004004      1.000155      
47      0.427151      0.023732      0.132869      1.332849      -0.989611      0.985735      
48      0.428301      0.024642      0.132769      1.339685      -0.975869      0.971968      
49      0.429451      0.025842      0.132589      1.345411      -0.964180      0.960257      
50      0.430461      0.026742      0.132459      1.349162      -0.956431      0.952493      
51      0.431631      0.027542      0.132429      1.354504      -0.945265      0.941307      
52      0.433381      0.028362      0.132019      1.361061      -0.931348      0.927365      
53      0.434431      0.028932      0.131949      1.364655      -0.923615      0.919618      
54      0.435451      0.029412      0.131689      1.370160      -0.911621      0.907604      
55      0.435901      0.029642      0.131619      1.371461      -0.908761      0.904739      
56      0.436821      0.030112      0.131429      1.373000      -0.905362      0.901334      
57      0.437661      0.030452      0.130959      1.376700      -0.897133      0.893090      
58      0.438301      0.030862      0.130709      1.379420      -0.891026      0.886973      
59      0.439491      0.031492      0.130049      1.383673      -0.881381      0.877311      
60      0.440041      0.031872      0.129679      1.386031      -0.875981      0.871903      
61      0.440741      0.032292      0.129209      1.389489      -0.867992      0.863900      
62      0.441511      0.032722      0.128739      1.393170      -0.859396      0.855289      
63      0.441921      0.032982      0.128669      1.394374      -0.856562      0.852451      
64      0.442881      0.033452      0.128599      1.397750      -0.848561      0.844436      
65      0.444041      0.034012      0.128599      1.401487      -0.839601      0.835462      
66      0.445141      0.034542      0.128559      1.405176      -0.830650      0.826497      
67      0.446301      0.035102      0.128059      1.409468      -0.820098      0.815927      
68      0.447991      0.036232      0.127739      1.414480      -0.807580      0.803390      
69      0.449391      0.036942      0.127489      1.418060      -0.798502      0.794298      
70      0.450611      0.037602      0.127169      1.421651      -0.789280      0.785062      
71      0.451961      0.038242      0.126949      1.423969      -0.783262      0.779034      
72      0.452651      0.038472      0.126719      1.425133      -0.780221      0.775989      
73      0.453821      0.039032      0.126249      1.429124      -0.769692      0.765445      
74      0.454981      0.039632      0.126209      1.431639      -0.762976      0.758718      
75      0.456201      0.040142      0.125969      1.435353      -0.752934      0.748662      
76      0.457171      0.040682      0.125969      1.438532      -0.744222      0.739937      
77      0.459211      0.041312      0.126239      1.443744      -0.729689      0.725382      
78      0.460581      0.041682      0.126319      1.448413      -0.716396      0.712071      
79      0.461981      0.042032      0.126439      1.452428      -0.704747      0.700406      
80      0.463491      0.042322      0.126139      1.456613      -0.692374      0.688016      
81      0.464171      0.042552      0.125949      1.458236      -0.687513      0.683148      
82      0.465251      0.042972      0.125719      1.461440      -0.677803      0.673425      
83      0.466441      0.043372      0.125199      1.463659      -0.670988      0.666600      
84      0.467531      0.043732      0.124649      1.466837      -0.661099      0.656698      
85      0.468501      0.044162      0.124309      1.470381      -0.649876      0.645461      
86      0.470051      0.044922      0.123959      1.473542      -0.639690      0.635262      
87      0.471011      0.045352      0.123739      1.474844      -0.635441      0.631007      
88      0.471941      0.045582      0.123339      1.476662      -0.629460      0.625018      
89      0.472441      0.045702      0.123079      1.478143      -0.624544      0.620096      
90      0.473481      0.045822      0.122409      1.480876      -0.615357      0.610898      
91      0.474551      0.045832      0.121779      1.482996      -0.608132      0.603664      
92      0.475591      0.045982      0.120989      1.486545      -0.595826      0.591343      
93      0.477711      0.045802      0.119889      1.492201      -0.575633      0.571126      
94      0.479001      0.045812      0.119279      1.494434      -0.567456      0.562939      
95      0.480441      0.045682      0.118609      1.496575      -0.559493      0.554967      
96      0.481841      0.045572      0.118129      1.498234      -0.553242      0.548708      
97      0.482521      0.045532      0.117949      1.499213      -0.549518      0.544980      
98      0.483981      0.045402      0.117559      1.500745      -0.543636      0.539092      
99      0.485371      0.045262      0.117109      1.502528      -0.536705      0.532153      
100      0.486681      0.045082      0.117039      1.504150      -0.530315      0.525756      
101      0.488741      0.044702      0.116979      1.507162      -0.518237      0.513665      
102      0.489731      0.044622      0.117289      1.508857      -0.511306      0.506726      
103      0.490771      0.044472      0.117429      1.510944      -0.502640      0.498051      
104      0.491691      0.044322      0.117119      1.513452      -0.492011      0.487410      
105      0.492041      0.044302      0.117089      1.514228      -0.488674      0.484070      
106      0.492831      0.044232      0.116899      1.516103      -0.480514      0.475901      
107      0.493621      0.044202      0.116389      1.519029      -0.467478      0.462852      
108      0.494271      0.044252      0.116089      1.521040      -0.458298      0.453663      
109      0.494911      0.044372      0.115389      1.523062      -0.448874      0.444230      
110      0.495881      0.044592      0.114119      1.524960      -0.439837      0.435183      
111      0.496671      0.044652      0.113049      1.526042      -0.434600      0.429942      
112      0.497381      0.044642      0.112049      1.526883      -0.430484      0.425822      
113      0.498051      0.044692      0.111439      1.527960      -0.425152      0.420485      
114      0.498441      0.044672      0.110949      1.528678      -0.421558      0.416887      
115      0.499131      0.044602      0.109919      1.530247      -0.413596      0.408918      
116      0.499751      0.044512      0.109109      1.531258      -0.408378      0.403695      
117      0.500501      0.044362      0.108049      1.533399      -0.397105      0.392411      
118      0.501291      0.044052      0.107299      1.535222      -0.387240      0.382538      
119      0.502481      0.043662      0.105979      1.536816      -0.378395      0.373685      
120      0.503361      0.043292      0.105069      1.537562      -0.374186      0.369473      
121      0.504151      0.042922      0.104279      1.538581      -0.368353      0.363634      
122      0.504881      0.042592      0.103479      1.540369      -0.357886      0.353158      
123      0.505611      0.042272      0.103109      1.541771      -0.349455      0.344721      
124      0.505961      0.042112      0.102769      1.542272      -0.346392      0.341655      
125      0.506461      0.041982      0.101989      1.543437      -0.339163      0.334419      
126      0.506961      0.041832      0.101339      1.544546      -0.332127      0.327378      
127      0.507461      0.041882      0.100209      1.546242      -0.321071      0.316314      
128      0.507811      0.041942      0.099679      1.546817      -0.317239      0.312479      
129      0.508201      0.042032      0.098959      1.547529      -0.312421      0.307657      
130      0.508561      0.042162      0.098159      1.549052      -0.301853      0.297081      
131      0.508751      0.042202      0.097919      1.549655      -0.297565      0.292790      
132      0.509251      0.042252      0.097239      1.550532      -0.291219      0.286439      
133      0.509731      0.042332      0.096219      1.551231      -0.286054      0.281270      
134      0.510331      0.042252      0.095379      1.551569      -0.283526      0.278740      
135      0.510831      0.042272      0.094319      1.551808      -0.281718      0.276931      
136      0.511511      0.042192      0.092779      1.552213      -0.278642      0.273852      
137      0.511911      0.042162      0.091949      1.552574      -0.275863      0.271071      
138      0.512151      0.042132      0.091139      1.553626      -0.267603      0.262806      
139      0.512461      0.042012      0.090579      1.554731      -0.258646      0.253842      
140      0.512591      0.042002      0.090289      1.555550      -0.251801      0.246992      
141      0.512731      0.041962      0.089389      1.557380      -0.235789      0.230970      
142      0.512871      0.041992      0.088599      1.558219      -0.228064      0.223239      
143      0.512991      0.042052      0.087629      1.559046      -0.220196      0.215367      
144      0.513321      0.042102      0.086179      1.560708      -0.203455      0.198614      
145      0.513681      0.042142      0.085239      1.561689      -0.192887      0.188040      
146      0.513891      0.042192      0.084339      1.562132      -0.187924      0.183074      
147      0.514081      0.042282      0.083449      1.562270      -0.186356      0.181505      
148      0.514221      0.042352      0.082549      1.562627      -0.182223      0.177370      
149      0.514261      0.042372      0.082259      1.562714      -0.181204      0.176350      
150      0.514381      0.042412      0.081569      1.562692      -0.181463      0.176609      
151      0.514531      0.042372      0.080969      1.562944      -0.178467      0.173612      
152      0.514481      0.042352      0.080359      1.563604      -0.170397      0.165538      
153      0.514411      0.042332      0.079889      1.563751      -0.168554      0.163693      
154      0.514251      0.042252      0.079589      1.563853      -0.167260      0.162399      
155      0.514201      0.042092      0.079269      1.564146      -0.163480      0.158616      
156      0.514111      0.041872      0.079089      1.564295      -0.161527      0.156662      
157      0.513851      0.041612      0.078799      1.564347      -0.160844      0.155979      
158      0.513611      0.041292      0.078379      1.564167      -0.163213      0.158349      
159      0.513511      0.041092      0.078229      1.564276      -0.161778      0.156913      
160      0.513231      0.040652      0.077949      1.564345      -0.160860      0.155995      
161      0.512991      0.040152      0.077499      1.564392      -0.160240      0.155375      
162      0.512801      0.039522      0.077089      1.564547      -0.158169      0.153303      
163      0.512391      0.038532      0.076419      1.564816      -0.154498      0.149630      
164      0.512231      0.037792      0.076079      1.565266      -0.148168      0.143296      
165      0.512071      0.037092      0.075579      1.565639      -0.142707      0.137832      
166      0.511891      0.036482      0.075209      1.565980      -0.137521      0.132644      
167      0.511721      0.035992      0.074939      1.566526      -0.128796      0.123914      
168      0.511701      0.035792      0.074879      1.566777      -0.124574      0.119690      
169      0.511771      0.035282      0.074849      1.566923      -0.122071      0.117186      
170      0.511771      0.035012      0.074659      1.567240      -0.116421      0.111533      
171      0.511841      0.034682      0.074679      1.567816      -0.105386      0.100493      
172      0.511731      0.034682      0.074429      1.567885      -0.103997      0.099103      
173      0.511631      0.034672      0.074289      1.567941      -0.102844      0.097949      
174      0.511591      0.034672      0.074049      1.567971      -0.102216      0.097321      
175      0.511481      0.034742      0.073609      1.567996      -0.101698      0.096802      
176      0.511481      0.034772      0.073439      1.568089      -0.099735      0.094839      
177      0.511511      0.034772      0.073399      1.568062      -0.100308      0.095412      
178      0.511521      0.034882      0.073189      1.568301      -0.095144      0.090245      
179      0.511541      0.034922      0.073249      1.568417      -0.092522      0.087623      
180      0.511641      0.035022      0.073019      1.568579      -0.088731      0.083830      
181      0.511631      0.035072      0.073049      1.568624      -0.087655      0.082754      
182      0.511641      0.035112      0.072699      1.568554      -0.089335      0.084434      
183      0.511601      0.035142      0.072359      1.568559      -0.089202      0.084301      
184      0.511591      0.035132      0.072359      1.568562      -0.089131      0.084230      
185      0.511601      0.035142      0.072319      1.568609      -0.088009      0.083107      
186      0.511641      0.035182      0.072219      1.568563      -0.089123      0.084222      
187      0.511621      0.035232      0.072149      1.568615      -0.087875      0.082974      
188      0.511631      0.035272      0.072059      1.568618      -0.087789      0.082887      
189      0.511601      0.035262      0.072089      1.568643      -0.087192      0.082290      
190      0.511571      0.035292      0.071939      1.568589      -0.088495      0.083594      
191      0.511601      0.035282      0.071849      1.568705      -0.085669      0.080767      
192      0.511581      0.035272      0.071909      1.568793      -0.083471      0.078568      
193      0.511401      0.035282      0.071679      1.568939      -0.079703      0.074798      
194      0.511141      0.035392      0.071389      1.568966      -0.078989      0.074084      
195      0.510751      0.035532      0.071179      1.569022      -0.077458      0.072552      
196      0.510431      0.035692      0.070989      1.569129      -0.074514      0.069607      
197      0.510081      0.035842      0.070729      1.569121      -0.074734      0.069827      
198      0.509671      0.036042      0.070559      1.569267      -0.070495      0.065586      
199      0.509211      0.036252      0.070279      1.569433      -0.065345      0.060434      
200      0.508931      0.036322      0.070089      1.569520      -0.062495      0.057583      
201      0.508641      0.036452      0.069819      1.569590      -0.060093      0.055179      
202      0.508471      0.036552      0.069679      1.569579      -0.060485      0.055572      
203      0.508311      0.036582      0.069649      1.569627      -0.058805      0.053891      
204      0.508271      0.036542      0.069659      1.569677      -0.056999      0.052085      
205      0.507941      0.036672      0.069349      1.569732      -0.054942      0.050027      
206      0.507821      0.036682      0.069359      1.569742      -0.054573      0.049658      
207      0.507711      0.036782      0.069259      1.569752      -0.054181      0.049265      
208      0.507661      0.036772      0.069289      1.569812      -0.051817      0.046901      
209      0.507631      0.036762      0.069289      1.569827      -0.051181      0.046264      
210      0.507631      0.036762      0.069279      1.569868      -0.049525      0.044607      
211      0.507641      0.036762      0.069299      1.569917      -0.047381      0.042463      
212      0.507651      0.036782      0.069319      1.569940      -0.046392      0.041473      
213      0.507671      0.036822      0.069239      1.569965      -0.045269      0.040350      
214      0.507671      0.036842      0.069449      1.570113      -0.037889      0.032966      
215      0.507741      0.036852      0.069449      1.570185      -0.033782      0.028858      
216      0.507771      0.036842      0.069539      1.570216      -0.031811      0.026887      
217      0.507801      0.036852      0.069509      1.570233      -0.030743      0.025818      
218      0.507891      0.036882      0.069569      1.570242      -0.030099      0.025174      
219      0.508041      0.036842      0.069799      1.570285      -0.027068      0.022142      
220      0.508111      0.036832      0.069769      1.570296      -0.026189      0.021263      
221      0.508161      0.036852      0.069799      1.570293      -0.026417      0.021490      
222      0.508261      0.036872      0.069919      1.570315      -0.024721      0.019794      
223      0.508351      0.036902      0.069929      1.570337      -0.022899      0.017971      
224      0.508501      0.036862      0.070099      1.570381      -0.018706      0.013777      
225      0.508571      0.036872      0.070159      1.570423      -0.013562      0.008632      
226      0.508621      0.036892      0.070209      1.570425      -0.013280      0.008349      
227      0.508671      0.036922      0.070239      1.570435      -0.011851      0.006919      
228      0.508731      0.036922      0.070279      1.570437      -0.011584      0.006652      
229      0.508781      0.036892      0.070329      1.570454      -0.008513      0.003581      
230      0.508871      0.036862      0.070399      1.570459      -0.007273      0.002340      
231      0.508961      0.036822      0.070479      1.570471      -0.003770      -0.001164      
232      0.509181      0.036722      0.070709      1.570478      0.002339      -0.007275      
233      0.509311      0.036642      0.070739      1.570462      0.010223      -0.015161      
234      0.509291      0.036632      0.070759      1.570457      0.011377      -0.016316      
235      0.509331      0.036652      0.070959      1.570436      0.015312      -0.020252      
236      0.509401      0.036572      0.070889      1.570426      0.016921      -0.021862      
237      0.509511      0.036482      0.070979      1.570413      0.018728      -0.023668      
238      0.509541      0.036472      0.071029      1.570396      0.020746      -0.025687      
239      0.509541      0.036382      0.071059      1.570386      0.021892      -0.026834      
240      0.509571      0.036362      0.071119      1.570371      0.023376      -0.028319      
241      0.509591      0.036312      0.071159      1.570349      0.025512      -0.030455      
242      0.509601      0.036232      0.071139      1.570335      0.026737      -0.031680      
243      0.509621      0.036142      0.071149      1.570322      0.027829      -0.032772      
244      0.509661      0.036052      0.071209      1.570274      0.031543      -0.036488      
245      0.509661      0.035962      0.071479      1.570240      0.033922      -0.038868      
246      0.509671      0.035952      0.071529      1.570234      0.034362      -0.039307      
247      0.509611      0.035952      0.071589      1.570189      0.037213      -0.042159      
248      0.509531      0.035942      0.071749      1.570113      0.041602      -0.046549      
249      0.509511      0.035912      0.071909      1.570096      0.042521      -0.047468      
250      0.509431      0.035892      0.072179      1.570067      0.044013      -0.048961      
251      0.509231      0.035892      0.072519      1.569999      0.047350      -0.052299      
252      0.509181      0.035842      0.072789      1.569981      0.048237      -0.053186      
253      0.509091      0.035812      0.073149      1.569914      0.051261      -0.056210      
254      0.509041      0.035862      0.073259      1.569904      0.051685      -0.056634      
255      0.509071      0.035872      0.073339      1.569897      0.051999      -0.056949      
256      0.509081      0.035912      0.073609      1.569747      0.058061      -0.063012      
257      0.509061      0.035962      0.073729      1.569694      0.060094      -0.065046      
258      0.509061      0.036042      0.073899      1.569629      0.062434      -0.067387      
259      0.509241      0.036072      0.074439      1.569466      0.068009      -0.072963      
260      0.509261      0.036102      0.074449      1.569330      0.072288      -0.077243      
261      0.509361      0.036062      0.074669      1.569050      0.080407      -0.085363      
262      0.509441      0.036052      0.074809      1.568968      0.082652      -0.087609      
263      0.509551      0.035962      0.074899      1.568902      0.084388      -0.089345      
264      0.509571      0.035992      0.074909      1.568777      0.087583      -0.092541      
265      0.509641      0.035992      0.074949      1.568655      0.090606      -0.095564      
266      0.509681      0.035972      0.075039      1.568712      0.089208      -0.094166      
267      0.509731      0.035952      0.075069      1.568786      0.087363      -0.092321      
268      0.509721      0.035882      0.074999      1.568775      0.087638      -0.092596      
269      0.509751      0.035822      0.075009      1.568778      0.087559      -0.092517      
270      0.509681      0.035762      0.074919      1.568804      0.086916      -0.091873      
271      0.509661      0.035722      0.074839      1.568902      0.084395      -0.089352      
272      0.509631      0.035602      0.074939      1.568858      0.085534      -0.090491      
273      0.509581      0.035502      0.075079      1.568943      0.083312      -0.088269      
274      0.509571      0.035402      0.075079      1.569060      0.080140      -0.085096      
275      0.509561      0.035332      0.075089      1.569057      0.080219      -0.085175      
276      0.509561      0.035212      0.075229      1.569121      0.078436      -0.083392      
277      0.509431      0.035152      0.075119      1.569195      0.076316      -0.081272      
278      0.509251      0.035102      0.075129      1.569267      0.074212      -0.079167      
279      0.508911      0.035122      0.074819      1.569478      0.067601      -0.072554      
280      0.508531      0.035062      0.074519      1.569722      0.059011      -0.063962      
281      0.507941      0.035022      0.074039      1.569777      0.056922      -0.061873      
282      0.507351      0.034842      0.073739      1.569793      0.056270      -0.061221      
283      0.506741      0.034672      0.073199      1.569826      0.054967      -0.059917      
284      0.506411      0.034582      0.072919      1.569838      0.054449      -0.059399      
285      0.505751      0.034352      0.072609      1.569723      0.059003      -0.063954      
286      0.504911      0.034072      0.072279      1.569641      0.062026      -0.066978      
287      0.504401      0.033902      0.072119      1.569516      0.066360      -0.071313      
288      0.504061      0.033712      0.072299      1.569292      0.073443      -0.078397      
289      0.503831      0.033602      0.072169      1.569256      0.074526      -0.079481      
290      0.503491      0.033542      0.072079      1.569115      0.078609      -0.083565      
291      0.503061      0.033472      0.071959      1.569075      0.079732      -0.084688      
292      0.502621      0.033442      0.071809      1.569017      0.081333      -0.086290      
293      0.502291      0.033332      0.072029      1.568985      0.082174      -0.087130      
294      0.502121      0.033272      0.072069      1.569006      0.081608      -0.086565      
295      0.501751      0.033052      0.072039      1.568954      0.083021      -0.087978      
296      0.501621      0.032822      0.072089      1.568849      0.085769      -0.090727      
297      0.501491      0.032592      0.072039      1.568840      0.085997      -0.090954      
298      0.501401      0.032372      0.072059      1.568802      0.086971      -0.091928      
299      0.501241      0.032202      0.072059      1.568642      0.090920      -0.095878      
300      0.501191      0.032022      0.072279      1.568665      0.090370      -0.095328      
301      0.501151      0.031902      0.072479      1.568533      0.093534      -0.098493      
302      0.501141      0.031802      0.072809      1.568357      0.097601      -0.102560      
303      0.501161      0.031792      0.072819      1.568384      0.096988      -0.101948      
304      0.501091      0.031812      0.072909      1.568056      0.104148      -0.109109      
305      0.501091      0.031832      0.073219      1.567733      0.110766      -0.115728      
306      0.501151      0.031872      0.073249      1.567746      0.110499      -0.115461      
307      0.501121      0.031942      0.073369      1.567588      0.113592      -0.118554      
308      0.501071      0.032042      0.073389      1.567501      0.115272      -0.120234      
309      0.501031      0.032082      0.073529      1.567509      0.115115      -0.120077      
310      0.500991      0.032172      0.073689      1.567437      0.116473      -0.121435      
311      0.500991      0.032222      0.073649      1.567552      0.114291      -0.119253      
312      0.501021      0.032232      0.073749      1.567453      0.116175      -0.121137      
313      0.501021      0.032252      0.073809      1.567460      0.116041      -0.121003      
314      0.501031      0.032282      0.073859      1.567493      0.115413      -0.120375      
315      0.501051      0.032292      0.073969      1.567392      0.117321      -0.122283      
316      0.501021      0.032362      0.073989      1.567335      0.118388      -0.123351      
317      0.500971      0.032422      0.074059      1.567335      0.118380      -0.123343      
318      0.500961      0.032432      0.074159      1.567402      0.117140      -0.122103      
319      0.500991      0.032492      0.074149      1.567527      0.114777      -0.119739      
320      0.501061      0.032512      0.074269      1.567493      0.115413      -0.120375      
321      0.501051      0.032592      0.074279      1.567496      0.115358      -0.120320      
322      0.501031      0.032702      0.074239      1.567525      0.114801      -0.119763      
323      0.501031      0.032762      0.074299      1.567504      0.115209      -0.120171      
324      0.501021      0.032822      0.074309      1.567449      0.116253      -0.121215      
325      0.501051      0.032832      0.074329      1.567455      0.116143      -0.121106      
326      0.501041      0.032912      0.074309      1.567370      0.117729      -0.122691      
327      0.501121      0.032902      0.074369      1.567417      0.116850      -0.121812      
328      0.501101      0.032982      0.074359      1.567416      0.116881      -0.121844      
329      0.501071      0.033072      0.074319      1.567501      0.115272      -0.120234      
330      0.501031      0.033182      0.074359      1.567476      0.115735      -0.120697      
331      0.501051      0.033272      0.074429      1.567550      0.114330      -0.119292      
332      0.501011      0.033432      0.074419      1.567551      0.114306      -0.119268      
333      0.501011      0.033532      0.074489      1.567649      0.112407      -0.117368      
334      0.501101      0.033592      0.074569      1.567674      0.111920      -0.116882      
335      0.501241      0.033642      0.074669      1.567710      0.111206      -0.116167      
336      0.501501      0.033592      0.074899      1.567904      0.107312      -0.112273      
337      0.501711      0.033592      0.075029      1.567976      0.105836      -0.110797      
338      0.501861      0.033642      0.075179      1.568170      0.101730      -0.106690      
339      0.501971      0.033662      0.075309      1.568274      0.099438      -0.104398      
340      0.502481      0.033702      0.075739      1.568905      0.084317      -0.089274      
341      0.502901      0.033752      0.076029      1.569397      0.070223      -0.075177      
342      0.503371      0.033842      0.076339      1.569947      0.049784      -0.054734      
343      0.503771      0.033992      0.076739      1.570259      0.032642      -0.037587      
344      0.504041      0.034142      0.076989      1.570416      0.018311      -0.023252      
345      0.504321      0.034202      0.077339      1.570474      0.006061      -0.010998      
346      0.504521      0.034212      0.077639      1.570477      -0.000252      -0.004683      
347      0.504731      0.034192      0.077899      1.570458      -0.007618      0.002685      
348      0.504961      0.034182      0.078089      1.570272      -0.028034      0.023109      
349      0.505251      0.034132      0.078359      1.570074      -0.039954      0.035032      
350      0.505661      0.033992      0.078899      1.569790      -0.052681      0.047765      
351      0.506001      0.033872      0.079139      1.569470      -0.064144      0.059232      
352      0.506291      0.033732      0.079439      1.568716      -0.085418      0.080515      
353      0.506491      0.033572      0.079729      1.568165      -0.098118      0.093222      
354      0.506631      0.033372      0.079999      1.567553      -0.110551      0.105660      
355      0.506701      0.033132      0.080559      1.566793      -0.124300      0.119415      
356      0.506771      0.032982      0.080849      1.565793      -0.140385      0.135509      
357      0.506861      0.032792      0.081029      1.564023      -0.165072      0.160209      
358      0.506901      0.032582      0.081219      1.562562      -0.182984      0.178131      
359      0.506931      0.032432      0.081229      1.560976      -0.200625      0.195783      
360      0.506841      0.032302      0.081259      1.559888      -0.211873      0.207038      
361      0.506611      0.032192      0.081219      1.558451      -0.225886      0.221059      
362      0.506461      0.032002      0.081289      1.555762      -0.249999      0.245189      
363      0.506131      0.031782      0.081669      1.552797      -0.274133      0.269340      
364      0.505591      0.031552      0.082219      1.550525      -0.291266      0.286486      
365      0.505221      0.031092      0.082849      1.547716      -0.311139      0.306373      
366      0.504991      0.030482      0.083599      1.544114      -0.334887      0.330140      
367      0.504791      0.029782      0.084389      1.541132      -0.353323      0.348592      
368      0.504471      0.029072      0.085529      1.539360      -0.363830      0.359108      
369      0.504141      0.028032      0.087009      1.536075      -0.382533      0.377826      
370      0.503931      0.027192      0.088069      1.533916      -0.394334      0.389639      
371      0.503631      0.026542      0.089109      1.531815      -0.405476      0.400791      
372      0.503511      0.025842      0.089889      1.529645      -0.416669      0.411994      
373      0.503251      0.025082      0.090949      1.526735      -0.431209      0.426548      
374      0.503131      0.024452      0.091609      1.523769      -0.445532      0.440885      
375      0.503111      0.023662      0.092269      1.520777      -0.459513      0.454879      
376      0.503031      0.023292      0.092669      1.519024      -0.467501      0.462875      
377      0.502801      0.022682      0.093379      1.515352      -0.483797      0.479188      
378      0.502581      0.022032      0.093799      1.511316      -0.501077      0.496486      
379      0.502321      0.021312      0.094419      1.506394      -0.521345      0.516776      
380      0.501921      0.020752      0.094839      1.502708      -0.535998      0.531446      
381      0.501491      0.020092      0.095279      1.499235      -0.549433      0.544895      
382      0.500971      0.019392      0.095939      1.492208      -0.575610      0.571103      
383      0.500061      0.018292      0.096619      1.482698      -0.609153      0.604687      
384      0.499111      0.017822      0.097149      1.480680      -0.616023      0.611564      
385      0.498021      0.017432      0.097769      1.478673      -0.622773      0.618323      
386      0.497421      0.017202      0.098039      1.477411      -0.626979      0.622534      
387      0.496151      0.016872      0.098359      1.475036      -0.634815      0.630381      
388      0.494901      0.016522      0.098459      1.473437      -0.640030      0.635602      
389      0.493571      0.016172      0.098659      1.470113      -0.650733      0.646319      
390      0.491641      0.015782      0.099019      1.465554      -0.665110      0.660715      
391      0.490351      0.015532      0.099269      1.463359      -0.671913      0.667527      
392      0.489251      0.015252      0.099769      1.460590      -0.680393      0.676018      
393      0.488761      0.015112      0.099859      1.459882      -0.682543      0.678171      
394      0.487831      0.014762      0.099929      1.457648      -0.689278      0.684915      
395      0.486921      0.014382      0.100229      1.454438      -0.698835      0.694485      
396      0.485911      0.014062      0.100449      1.451675      -0.706948      0.702610      
397      0.484961      0.013672      0.100649      1.447915      -0.717826      0.713503      
398      0.483941      0.013212      0.101129      1.442174      -0.734099      0.729799      
399      0.482181      0.012572      0.101749      1.434868      -0.754254      0.749983      
400      0.480861      0.012142      0.102519      1.429352      -0.769087      0.764838      
401      0.480331      0.011982      0.102859      1.426679      -0.776161      0.771922      
402      0.479151      0.011572      0.103449      1.423322      -0.784946      0.780722      
403      0.478011      0.011022      0.104359      1.419358      -0.795181      0.790972      
404      0.476911      0.010662      0.105169      1.415528      -0.804934      0.800740      
405      0.476001      0.010102      0.105819      1.413032      -0.811219      0.807034      
406      0.474771      0.009392      0.106749      1.409175      -0.820823      0.816654      
407      0.473891      0.008922      0.106989      1.407637      -0.824619      0.820456      
408      0.473081      0.008462      0.107369      1.405410      -0.830078      0.825924      
409      0.472251      0.008002      0.107529      1.402800      -0.836427      0.832283      
410      0.471821      0.007822      0.107619      1.401364      -0.839898      0.835760      
411      0.470841      0.007412      0.108109      1.397692      -0.848698      0.844574      
412      0.470011      0.006962      0.108529      1.393536      -0.858535      0.854427      
413      0.468951      0.006542      0.109139      1.389712      -0.867474      0.863381      
414      0.467911      0.006162      0.109869      1.385624      -0.876917      0.872840      
415      0.467021      0.005722      0.110549      1.381923      -0.885365      0.881302      
416      0.466001      0.005352      0.111339      1.377365      -0.895645      0.891599      
417      0.464781      0.004892      0.112329      1.372932      -0.905514      0.901486      
418      0.463981      0.004582      0.112799      1.370406      -0.911083      0.907064      
419      0.463351      0.004442      0.113289      1.368113      -0.916103      0.912093      
420      0.463121      0.004282      0.113559      1.367487      -0.917468      0.913460      
421      0.462611      0.004112      0.114069      1.366009      -0.920682      0.916680      
422      0.462111      0.004032      0.113959      1.364406      -0.924152      0.920157      
423      0.461791      0.003782      0.113719      1.361877      -0.929599      0.925613      
424      0.461351      0.003592      0.113609      1.359708      -0.934241      0.930263      
425      0.460661      0.003362      0.113359      1.356494      -0.941067      0.937102      
426      0.460051      0.003302      0.113439      1.354375      -0.945538      0.941580      
427      0.459461      0.003272      0.113239      1.351413      -0.951745      0.947799      
428      0.459121      0.003192      0.113209      1.349490      -0.955751      0.951812      
429      0.458341      0.003152      0.113499      1.347656      -0.959551      0.955619      
430      0.457591      0.003112      0.113649      1.344712      -0.965615      0.961694      
431      0.456881      0.002952      0.113759      1.341297      -0.972596      0.968688      
432      0.456271      0.002812      0.113859      1.337798      -0.979685      0.975791      
433      0.455381      0.002542      0.113689      1.332841      -0.989626      0.985750      
434      0.454801      0.002462      0.113809      1.328574      -0.998089      0.994229      
435      0.454381      0.002342      0.113659      1.325470      -1.004192      1.000344      
436      0.453911      0.002212      0.113789      1.321595      -1.011749      1.007915      
437      0.453691      0.002202      0.113789      1.320141      -1.014567      1.010739      
